 BEST ver.3.90 SFSU/ARAGON
  
 control gtensor value=   1.0000000000000000     
 true area (A^2)=    7932.8170000000000     
 total area (A^2) =    7499.5489075564747     
 centroid coords =    10.225560263044390        15.199485446313087        31.657922919361788     
  
 first few rows of gr matrix
   10.865237068101347        1.9405591377108915        1.1917049497801790       0.98781774281302992       0.17104449581602443     
   1.9405591377108915        12.888233560800476      -0.64273013139084512       0.17104449581602443        1.8146015187469171     
   1.1917049497801777      -0.64273013139084445        13.127653356917110       -2.9578335800892391E-002 -0.14350306608725394     
   1.8340516400885880       0.27000543265115062       -1.9513925181796937E-002   7.2347166828909408      -0.99941930871313422     
  0.27000543265115062        3.4282748294033021      -0.17843039955145731      -0.99941930871313378        10.048398458492766     
  -1.9513925181796937E-002 -0.17843039955145731        1.8322504435730389        3.5503576899300698E-002   9.3523842350785785E-002
   1.3893794973748841       -1.9670361885963106E-002   1.1350183924659946E-002   3.5304182110238083      -0.85653375150017408     
  -1.9670361885963106E-002   2.6602042902673326      -0.26940706718726593      -0.85653375150017408        4.0011570730481081     
   1.1350183924659946E-002 -0.26940706718726593        1.4492422000294185       0.52480485157905010      -0.42168599333014767     
 first few columns of gr matrix
   10.865237068101347        1.9405591377108915        1.1917049497801777        1.8340516400885880       0.27000543265115062     
   1.9405591377108915        12.888233560800476      -0.64273013139084445       0.27000543265115062        3.4282748294033021     
   1.1917049497801790      -0.64273013139084512        13.127653356917110       -1.9513925181796937E-002 -0.17843039955145731     
  0.98781774281302992       0.17104449581602443       -2.9578335800892391E-002   7.2347166828909408      -0.99941930871313378     
  0.17104449581602443        1.8146015187469171      -0.14350306608725394      -0.99941930871313422        10.048398458492766     
  -2.9578335800892391E-002 -0.14350306608725394       0.99799002057646913        3.5503576899300684E-002   9.3523842350785785E-002
  0.49220653873976489        1.7862208343502353E-002  -7.5216114749034266E-003   2.0729717918183148      -0.43360072716947307     
   1.7862208343502353E-002  0.92983748432621349      -0.12997277449773714      -0.43360072716947307        2.5116395892584569     
  -7.5216114749034266E-003 -0.12997277449773714       0.53443975222192153       0.32418960172871258      -0.40299762052607802     
  
 about to enter dgetrf
 Just out of dgetrf:                 
  
  **** TRANSLATION/ROTATION FLOWS ****
     U(X-Z) =     1.000     0.000     0.000 A/SEC
  OMGA(X-Z) =     0.000     0.000     0.000 RAD/S

 FTOTH(X-Z) =   -0.16708E+02   -0.13961E+00    0.77682E-02
 TTOTH(X-Z) =    0.10682E+01    0.34475E+01   -0.38151E+01

     U(X-Z) =     0.000     1.000     0.000 A/SEC
  OMGA(X-Z) =     0.000     0.000     0.000 RAD/S

 FTOTH(X-Z) =   -0.13970E+00   -0.16384E+02   -0.23813E+00
 TTOTH(X-Z) =   -0.44873E+01   -0.86585E+00    0.86556E+00

     U(X-Z) =     0.000     0.000     1.000 A/SEC
  OMGA(X-Z) =     0.000     0.000     0.000 RAD/S

 FTOTH(X-Z) =    0.77404E-02   -0.23807E+00   -0.16545E+02
 TTOTH(X-Z) =   -0.18706E+01    0.42916E+00   -0.20752E+00

     U(X-Z) =     0.000     0.000     0.000 A/SEC
  OMGA(X-Z) =     1.000     0.000     0.000 RAD/S

 FTOTH(X-Z) =    0.10540E+01   -0.45384E+01   -0.19279E+01
 TTOTH(X-Z) =   -0.11412E+05   -0.29311E+03    0.13289E+01

     U(X-Z) =     0.000     0.000     0.000 A/SEC
  OMGA(X-Z) =     0.000     1.000     0.000 RAD/S

 FTOTH(X-Z) =    0.34835E+01   -0.85268E+00    0.39953E+00
 TTOTH(X-Z) =   -0.29351E+03   -0.10590E+05   -0.58022E+03

     U(X-Z) =     0.000     0.000     0.000 A/SEC
  OMGA(X-Z) =     0.000     0.000     1.000 RAD/S

 FTOTH(X-Z) =   -0.37508E+01    0.81738E+00   -0.18537E+00
 TTOTH(X-Z) =    0.28015E+01   -0.57994E+03   -0.11306E+05

 I,J,Ktt,Ktr,Krt,Krr=    1    1  0.1671E+02 -0.1068E+01 -0.1054E+01  0.1141E+05
 I,J,Ktt,Ktr,Krt,Krr=    1    2  0.1397E+00  0.4487E+01 -0.3484E+01  0.2935E+03
 I,J,Ktt,Ktr,Krt,Krr=    1    3 -0.7740E-02  0.1871E+01  0.3751E+01 -0.2801E+01
 I,J,Ktt,Ktr,Krt,Krr=    2    1  0.1396E+00 -0.3448E+01  0.4538E+01  0.2931E+03
 I,J,Ktt,Ktr,Krt,Krr=    2    2  0.1638E+02  0.8658E+00  0.8527E+00  0.1059E+05
 I,J,Ktt,Ktr,Krt,Krr=    2    3  0.2381E+00 -0.4292E+00 -0.8174E+00  0.5799E+03
 I,J,Ktt,Ktr,Krt,Krr=    3    1 -0.7768E-02  0.3815E+01  0.1928E+01 -0.1329E+01
 I,J,Ktt,Ktr,Krt,Krr=    3    2  0.2381E+00 -0.8656E+00 -0.3995E+00  0.5802E+03
 I,J,Ktt,Ktr,Krt,Krr=    3    3  0.1654E+02  0.2075E+00  0.1854E+00  0.1131E+05
  
  Friction Tensors in Center of Resistance
  
  Ktt Tensor (A)
    0.16708E+02    0.13970E+00   -0.77404E-02
    0.13961E+00    0.16384E+02    0.23807E+00
   -0.77682E-02    0.23813E+00    0.16545E+02
  
  Symmetric Krt Tensor (A^2)
   -0.10611E+01   -0.34655E+01    0.37830E+01
    0.45128E+01    0.85926E+00   -0.84147E+00
    0.18993E+01   -0.41434E+00    0.19644E+00
  
  Krr Tensor (A^3)
    0.11412E+05    0.29351E+03   -0.28015E+01
    0.29311E+03    0.10590E+05    0.57994E+03
   -0.13289E+01    0.58022E+03    0.11306E+05
  
 Raw Dtt tensor (no rot/trans coupling correction)
    0.59856E-01   -0.51091E-03    0.35355E-04
   -0.51055E-03    0.61053E-01   -0.87874E-03
    0.35452E-04   -0.87896E-03    0.60455E-01
  
 Raw Drr tensor (no rot/trans coupling correction)
    0.87691E-04   -0.24385E-05    0.14681E-06
   -0.24345E-05    0.94763E-04   -0.48614E-05
    0.13524E-06   -0.48634E-05    0.88697E-04
  
 Raw Dtt tensor, before CD transformation
    0.59856E-01   -0.51087E-03    0.32797E-04
   -0.51055E-03    0.61053E-01   -0.88338E-03
    0.35455E-04   -0.87904E-03    0.60460E-01
  
 Program finished at:                
 Elapsed time CPU_TIME:   107.66400000000000     
