 BEST ver.3.90 SFSU/ARAGON
  
 control gtensor value=   1.0000000000000000     
 true area (A^2)=    7932.8170000000000     
 total area (A^2) =    7427.3920757844817     
 centroid coords =    10.201310982339942        15.074207781456971        31.840430877483442     
  
 first few rows of gr matrix
   10.917887186315255        1.9499625835226282        1.1974796425999257       0.99741435464693839       0.17270618659310905     
   1.9499625835226273        12.950686594847634      -0.64584463475467269       0.17270618659310905        1.8322303035458660     
   1.1974796425999257      -0.64584463475467357        13.191266557142807       -2.9865688209207965E-002 -0.14489719292111022     
   1.8518693820772594       0.27262852516902836       -1.9703502223400143E-002   7.2697742418020663       -1.0042622352336688     
  0.27262852516902836        3.4615803890949657      -0.18016384410266423       -1.0042622352336679        10.097090388856003     
  -1.9703502223400143E-002 -0.18016384410266423        1.8500506870060081        3.5675618016217769E-002   9.3977034612005850E-002
   1.4028772663948332       -1.9861458704202084E-002   1.1460450530175836E-002   3.5647160897864176      -0.86485494434732890     
  -1.9861458704202084E-002   2.6860480738583159      -0.27202434660739994      -0.86485494434732890        4.0400281619669949     
   1.1460450530175836E-002 -0.27202434660739994        1.4633215329308467       0.52990331076931918      -0.42578265673109184     
 first few columns of gr matrix
   10.917887186315255        1.9499625835226273        1.1974796425999257        1.8518693820772594       0.27262852516902836     
   1.9499625835226282        12.950686594847634      -0.64584463475467357       0.27262852516902836        3.4615803890949657     
   1.1974796425999257      -0.64584463475467269        13.191266557142807       -1.9703502223400143E-002 -0.18016384410266423     
  0.99741435464693839       0.17270618659310905       -2.9865688209207965E-002   7.2697742418020663       -1.0042622352336679     
  0.17270618659310905        1.8322303035458660      -0.14489719292111022       -1.0042622352336688        10.097090388856003     
  -2.9865688209207965E-002 -0.14489719292111022        1.0076854557022983        3.5675618016217658E-002   9.3977034612006294E-002
  0.49698830655955095        1.8035739018787474E-002  -7.5946836445574808E-003   2.0931106340019650      -0.43781314175690095     
   1.8035739018787474E-002  0.93887082015219836      -0.13123545506295850      -0.43781314175690095        2.5360400724246634     
  -7.5946836445574808E-003 -0.13123545506295850       0.53963181410580541       0.32733909139015566      -0.40691272709539716     
  
 about to enter dgetrf
 Just out of dgetrf:                 
  
  **** TRANSLATION/ROTATION FLOWS ****
     U(X-Z) =     1.000     0.000     0.000 A/SEC
  OMGA(X-Z) =     0.000     0.000     0.000 RAD/S

 FTOTH(X-Z) =   -0.16669E+02   -0.13725E+00    0.71373E-02
 TTOTH(X-Z) =    0.95972E+00    0.64349E+01   -0.14985E+01

     U(X-Z) =     0.000     1.000     0.000 A/SEC
  OMGA(X-Z) =     0.000     0.000     0.000 RAD/S

 FTOTH(X-Z) =   -0.13723E+00   -0.16356E+02   -0.23965E+00
 TTOTH(X-Z) =   -0.75648E+01   -0.86035E+00    0.50952E+00

     U(X-Z) =     0.000     0.000     1.000 A/SEC
  OMGA(X-Z) =     0.000     0.000     0.000 RAD/S

 FTOTH(X-Z) =    0.71008E-02   -0.23957E+00   -0.16520E+02
 TTOTH(X-Z) =   -0.39818E+01    0.78279E+00   -0.85316E-01

     U(X-Z) =     0.000     0.000     0.000 A/SEC
  OMGA(X-Z) =     1.000     0.000     0.000 RAD/S

 FTOTH(X-Z) =    0.94048E+00   -0.76612E+01   -0.40532E+01
 TTOTH(X-Z) =   -0.11362E+05   -0.30181E+03   -0.14750E+01

     U(X-Z) =     0.000     0.000     0.000 A/SEC
  OMGA(X-Z) =     0.000     1.000     0.000 RAD/S

 FTOTH(X-Z) =    0.64979E+01   -0.87676E+00    0.81877E+00
 TTOTH(X-Z) =   -0.30143E+03   -0.10535E+05   -0.58023E+03

     U(X-Z) =     0.000     0.000     0.000 A/SEC
  OMGA(X-Z) =     0.000     0.000     1.000 RAD/S

 FTOTH(X-Z) =   -0.14519E+01    0.40678E+00   -0.54767E-01
 TTOTH(X-Z) =   -0.49038E+00   -0.57563E+03   -0.11255E+05

 I,J,Ktt,Ktr,Krt,Krr=    1    1  0.1667E+02 -0.9597E+00 -0.9405E+00  0.1136E+05
 I,J,Ktt,Ktr,Krt,Krr=    1    2  0.1372E+00  0.7565E+01 -0.6498E+01  0.3014E+03
 I,J,Ktt,Ktr,Krt,Krr=    1    3 -0.7101E-02  0.3982E+01  0.1452E+01  0.4904E+00
 I,J,Ktt,Ktr,Krt,Krr=    2    1  0.1372E+00 -0.6435E+01  0.7661E+01  0.3018E+03
 I,J,Ktt,Ktr,Krt,Krr=    2    2  0.1636E+02  0.8603E+00  0.8768E+00  0.1053E+05
 I,J,Ktt,Ktr,Krt,Krr=    2    3  0.2396E+00 -0.7828E+00 -0.4068E+00  0.5756E+03
 I,J,Ktt,Ktr,Krt,Krr=    3    1 -0.7137E-02  0.1498E+01  0.4053E+01  0.1475E+01
 I,J,Ktt,Ktr,Krt,Krr=    3    2  0.2397E+00 -0.5095E+00 -0.8188E+00  0.5802E+03
 I,J,Ktt,Ktr,Krt,Krr=    3    3  0.1652E+02  0.8532E-01  0.5477E-01  0.1125E+05
  
  Friction Tensors in Center of Resistance
  
  Ktt Tensor (A)
    0.16669E+02    0.13723E+00   -0.71008E-02
    0.13725E+00    0.16356E+02    0.23957E+00
   -0.71373E-02    0.23965E+00    0.16520E+02
  
  Symmetric Krt Tensor (A^2)
   -0.95010E+00   -0.64664E+01    0.14752E+01
    0.76130E+01    0.86855E+00   -0.45815E+00
    0.40175E+01   -0.80078E+00    0.70041E-01
  
  Krr Tensor (A^3)
    0.11362E+05    0.30143E+03    0.49038E+00
    0.30181E+03    0.10535E+05    0.57563E+03
    0.14750E+01    0.58023E+03    0.11255E+05
  
 Raw Dtt tensor (no rot/trans coupling correction)
    0.59996E-01   -0.50387E-03    0.33095E-04
   -0.50393E-03    0.61156E-01   -0.88709E-03
    0.33230E-04   -0.88738E-03    0.60544E-01
  
 Raw Drr tensor (no rot/trans coupling correction)
    0.88081E-04   -0.25272E-05    0.12541E-06
   -0.25299E-05    0.95265E-04   -0.48722E-05
    0.11888E-06   -0.49110E-05    0.89102E-04
  
 Raw Dtt tensor, before CD transformation
    0.59996E-01   -0.50385E-03    0.31476E-04
   -0.50393E-03    0.61156E-01   -0.89041E-03
    0.33231E-04   -0.88740E-03    0.60545E-01
  
 Program finished at:                
 Elapsed time CPU_TIME:   56.427999999999997     
