 BEST ver.3.90 SFSU/ARAGON
  
 control gtensor value=   1.0000000000000000     
 true area (A^2)=    7932.8170000000000     
 total area (A^2) =    7525.9635380101772     
 centroid coords =    10.201068232662188        15.306349739000769        31.705838366890379     
  
 first few rows of gr matrix
   10.846152900827700        1.9371506566113665        1.1896117882173063       0.67023717018779849        8.8699328649568213E-002
   1.9371506566113665        12.865596115929780      -0.64160121268779435        8.8699328649568213E-002   1.2783176851873195     
   1.1896117882173063      -0.64160121268779480        13.104595384872535       -7.7073776627813425E-003  -7.2223884976725161E-002
   1.5679258426313420       0.13880002740441286       -7.6512737131618517E-003   6.1753694455955044      -0.81603158323422131     
  0.13880002740441286        3.0124658713135628      -0.15223031509023993      -0.81603158323422131        8.5441503146426996     
  -7.6512737131618517E-003 -0.15223031509023993        1.5830528880199188       0.23446211648536464      -0.14298460380347633     
   1.3309980758120388       -3.4390812451498616E-002   1.4330109457324783E-002   3.2561273367746320      -0.74495344964263110     
  -3.4390812451498616E-002   2.5441007314653135      -0.26958178162359214      -0.74495344964263110        3.3828051980895224     
   1.4330109457324783E-002 -0.26958178162359214        1.3921600465580317       0.52060386072568043      -0.43693243595974823     
 first few columns of gr matrix
   10.846152900827700        1.9371506566113665        1.1896117882173063        1.5679258426313420       0.13880002740441286     
   1.9371506566113665        12.865596115929780      -0.64160121268779480       0.13880002740441286        3.0124658713135628     
   1.1896117882173063      -0.64160121268779435        13.104595384872535       -7.6512737131618517E-003 -0.15223031509023993     
  0.67023717018779849        8.8699328649568213E-002  -7.7073776627813425E-003   6.1753694455955044      -0.81603158323422131     
   8.8699328649568213E-002   1.2783176851873195       -7.2223884976725161E-002 -0.81603158323422131        8.5441503146426996     
  -7.7073776627813425E-003  -7.2223884976725161E-002  0.67276532830723301       0.23446211648536452      -0.14298460380347636     
  0.24177710269869659        1.6078231230398776E-004  -4.7400269707691978E-005   1.4468378872190715      -0.33401177528389042     
   1.6078231230398776E-004  0.46736799745012464       -5.4654379053448575E-002 -0.33401177528389042        1.7105853203234105     
  -4.7400269707691978E-005  -5.4654379053448575E-002  0.25607199446617940       0.24889428513905859      -0.29766308452507712     
  
 about to enter dgetrf
 Just out of dgetrf:                 
  
  **** TRANSLATION/ROTATION FLOWS ****
     U(X-Z) =     1.000     0.000     0.000 A/SEC
  OMGA(X-Z) =     0.000     0.000     0.000 RAD/S

 FTOTH(X-Z) =   -0.16716E+02   -0.13913E+00    0.67341E-02
 TTOTH(X-Z) =    0.10702E+01    0.41497E+01   -0.55899E+01

     U(X-Z) =     0.000     1.000     0.000 A/SEC
  OMGA(X-Z) =     0.000     0.000     0.000 RAD/S

 FTOTH(X-Z) =   -0.13910E+00   -0.16397E+02   -0.24048E+00
 TTOTH(X-Z) =   -0.51714E+01   -0.84021E+00    0.40923E+00

     U(X-Z) =     0.000     0.000     1.000 A/SEC
  OMGA(X-Z) =     0.000     0.000     0.000 RAD/S

 FTOTH(X-Z) =    0.66324E-02   -0.24053E+00   -0.16560E+02
 TTOTH(X-Z) =   -0.38293E-01    0.95165E+00   -0.22677E+00

     U(X-Z) =     0.000     0.000     0.000 A/SEC
  OMGA(X-Z) =     1.000     0.000     0.000 RAD/S

 FTOTH(X-Z) =    0.10696E+01   -0.52015E+01   -0.60865E-01
 TTOTH(X-Z) =   -0.11431E+05   -0.28721E+03    0.45674E+01

     U(X-Z) =     0.000     0.000     0.000 A/SEC
  OMGA(X-Z) =     0.000     1.000     0.000 RAD/S

 FTOTH(X-Z) =    0.41560E+01   -0.83895E+00    0.99290E+00
 TTOTH(X-Z) =   -0.28903E+03   -0.10609E+05   -0.58624E+03

     U(X-Z) =     0.000     0.000     0.000 A/SEC
  OMGA(X-Z) =     0.000     0.000     1.000 RAD/S

 FTOTH(X-Z) =   -0.55417E+01    0.34640E+00   -0.21597E+00
 TTOTH(X-Z) =    0.65106E+01   -0.58705E+03   -0.11332E+05

 I,J,Ktt,Ktr,Krt,Krr=    1    1  0.1672E+02 -0.1070E+01 -0.1070E+01  0.1143E+05
 I,J,Ktt,Ktr,Krt,Krr=    1    2  0.1391E+00  0.5171E+01 -0.4156E+01  0.2890E+03
 I,J,Ktt,Ktr,Krt,Krr=    1    3 -0.6632E-02  0.3829E-01  0.5542E+01 -0.6511E+01
 I,J,Ktt,Ktr,Krt,Krr=    2    1  0.1391E+00 -0.4150E+01  0.5201E+01  0.2872E+03
 I,J,Ktt,Ktr,Krt,Krr=    2    2  0.1640E+02  0.8402E+00  0.8389E+00  0.1061E+05
 I,J,Ktt,Ktr,Krt,Krr=    2    3  0.2405E+00 -0.9517E+00 -0.3464E+00  0.5871E+03
 I,J,Ktt,Ktr,Krt,Krr=    3    1 -0.6734E-02  0.5590E+01  0.6087E-01 -0.4567E+01
 I,J,Ktt,Ktr,Krt,Krr=    3    2  0.2405E+00 -0.4092E+00 -0.9929E+00  0.5862E+03
 I,J,Ktt,Ktr,Krt,Krr=    3    3  0.1656E+02  0.2268E+00  0.2160E+00  0.1133E+05
  
  Friction Tensors in Center of Resistance
  
  Ktt Tensor (A)
    0.16716E+02    0.13910E+00   -0.66324E-02
    0.13913E+00    0.16397E+02    0.24053E+00
   -0.67341E-02    0.24048E+00    0.16560E+02
  
  Symmetric Krt Tensor (A^2)
   -0.10699E+01   -0.41528E+01    0.55658E+01
    0.51864E+01    0.83958E+00   -0.37781E+00
    0.49579E-01   -0.97227E+00    0.22137E+00
  
  Krr Tensor (A^3)
    0.11431E+05    0.28903E+03   -0.65106E+01
    0.28721E+03    0.10609E+05    0.58705E+03
   -0.45674E+01    0.58624E+03    0.11332E+05
  
 Raw Dtt tensor (no rot/trans coupling correction)
    0.59826E-01   -0.50799E-03    0.31340E-04
   -0.50808E-03    0.61004E-01   -0.88629E-03
    0.31707E-04   -0.88612E-03    0.60400E-01
  
 Raw Drr tensor (no rot/trans coupling correction)
    0.87540E-04   -0.23945E-05    0.17435E-06
   -0.23786E-05    0.94594E-04   -0.49019E-05
    0.15834E-06   -0.48947E-05    0.88501E-04
  
 Raw Dtt tensor, before CD transformation
    0.59826E-01   -0.50794E-03    0.28584E-04
   -0.50808E-03    0.61004E-01   -0.89412E-03
    0.31712E-04   -0.88627E-03    0.60410E-01
  
 Program finished at:                
 Elapsed time CPU_TIME:   147.17200000000000     
