 BEST ver.3.90 SFSU/ARAGON
  
 control gtensor value=   1.0000000000000000     
 true area (A^2)=    7932.8170000000000     
 total area (A^2) =    7375.8724322735006     
 centroid coords =    10.531628586065555        14.808794740437174        31.661833845628436     
  
 first few rows of gr matrix
   10.955950944298534        1.9567608680797988        1.2016544957128024       0.76137407960391879        7.8709831237109867E-002
   1.9567608680797983        12.995837436933774      -0.64809628596269242        7.8709831237109867E-002   1.3407742953853461     
   1.2016544957128033      -0.64809628596269242        13.237256149190749       -4.0043367869417000E-002 -0.26752647979399596     
   1.9900782412317375       0.20218845211589034       -6.5882436455100724E-002   6.7040876727586802       -1.1122055155498103     
  0.20218845211589034        3.4470292406587895      -0.70219699292451243       -1.1122055155498112        8.1848263829611767     
  -6.5882436455100724E-002 -0.70219699292451243        2.3144196072112742      -0.81184601151291313      -0.49500179744211037     
   1.0108495646451670      -0.20391440268331498       -4.9948367084948098E-002  0.66460875163502187      -0.14880241971772454     
 -0.20391440268331498        1.7924636904779021       0.20196202024540769      -0.14880241971772454       0.82694003545101535     
  -4.9948367084948098E-002  0.20196202024540769        1.0105665930238914      -0.14144843154212922       0.23536155990926405     
 first few columns of gr matrix
   10.955950944298534        1.9567608680797983        1.2016544957128033        1.9900782412317375       0.20218845211589034     
   1.9567608680797988        12.995837436933774      -0.64809628596269242       0.20218845211589034        3.4470292406587895     
   1.2016544957128024      -0.64809628596269242        13.237256149190749       -6.5882436455100724E-002 -0.70219699292451243     
  0.76137407960391879        7.8709831237109867E-002  -4.0043367869417000E-002   6.7040876727586802       -1.1122055155498112     
   7.8709831237109867E-002   1.3407742953853461      -0.26752647979399596       -1.1122055155498103        8.1848263829611767     
  -4.0043367869417000E-002 -0.26752647979399596       0.86712408840527977      -0.81184601151291291      -0.49500179744211026     
  0.41745000938016263       -8.9441972269133710E-002  -1.6314013882316871E-002  0.65596095500615659      -0.15827970326452004     
  -8.9441972269133710E-002  0.73960829487662838        6.7662839025214236E-002 -0.15827970326452004       0.79496540696194729     
  -1.6314013882316871E-002   6.7662839025214236E-002  0.40429345566795405      -0.13156772305269093       0.21279680431050541     
  
 about to enter dgetrf
 Just out of dgetrf:                 
  
  **** TRANSLATION/ROTATION FLOWS ****
     U(X-Z) =     1.000     0.000     0.000 A/SEC
  OMGA(X-Z) =     0.000     0.000     0.000 RAD/S

 FTOTH(X-Z) =   -0.16626E+02   -0.13578E+00    0.66582E-02
 TTOTH(X-Z) =    0.93533E+00    0.36624E+01    0.31482E+01

     U(X-Z) =     0.000     1.000     0.000 A/SEC
  OMGA(X-Z) =     0.000     0.000     0.000 RAD/S

 FTOTH(X-Z) =   -0.13573E+00   -0.16312E+02   -0.23870E+00
 TTOTH(X-Z) =   -0.49578E+01   -0.97878E+00    0.53384E+01

     U(X-Z) =     0.000     0.000     1.000 A/SEC
  OMGA(X-Z) =     0.000     0.000     0.000 RAD/S

 FTOTH(X-Z) =    0.65610E-02   -0.23861E+00   -0.16482E+02
 TTOTH(X-Z) =   -0.85261E+01   -0.39759E+01    0.35156E-01

     U(X-Z) =     0.000     0.000     0.000 A/SEC
  OMGA(X-Z) =     1.000     0.000     0.000 RAD/S

 FTOTH(X-Z) =    0.93812E+00   -0.49536E+01   -0.86683E+01
 TTOTH(X-Z) =   -0.11287E+05   -0.30233E+03   -0.16931E+00

     U(X-Z) =     0.000     0.000     0.000 A/SEC
  OMGA(X-Z) =     0.000     1.000     0.000 RAD/S

 FTOTH(X-Z) =    0.36787E+01   -0.97339E+00   -0.40730E+01
 TTOTH(X-Z) =   -0.29753E+03   -0.10442E+05   -0.57591E+03

     U(X-Z) =     0.000     0.000     0.000 A/SEC
  OMGA(X-Z) =     0.000     0.000     1.000 RAD/S

 FTOTH(X-Z) =    0.32553E+01    0.53949E+01    0.37761E-01
 TTOTH(X-Z) =   -0.29303E+00   -0.57523E+03   -0.11172E+05

 I,J,Ktt,Ktr,Krt,Krr=    1    1  0.1663E+02 -0.9353E+00 -0.9381E+00  0.1129E+05
 I,J,Ktt,Ktr,Krt,Krr=    1    2  0.1357E+00  0.4958E+01 -0.3679E+01  0.2975E+03
 I,J,Ktt,Ktr,Krt,Krr=    1    3 -0.6561E-02  0.8526E+01 -0.3255E+01  0.2930E+00
 I,J,Ktt,Ktr,Krt,Krr=    2    1  0.1358E+00 -0.3662E+01  0.4954E+01  0.3023E+03
 I,J,Ktt,Ktr,Krt,Krr=    2    2  0.1631E+02  0.9788E+00  0.9734E+00  0.1044E+05
 I,J,Ktt,Ktr,Krt,Krr=    2    3  0.2386E+00  0.3976E+01 -0.5395E+01  0.5752E+03
 I,J,Ktt,Ktr,Krt,Krr=    3    1 -0.6658E-02 -0.3148E+01  0.8668E+01  0.1693E+00
 I,J,Ktt,Ktr,Krt,Krr=    3    2  0.2387E+00 -0.5338E+01  0.4073E+01  0.5759E+03
 I,J,Ktt,Ktr,Krt,Krr=    3    3  0.1648E+02 -0.3516E-01 -0.3776E-01  0.1117E+05
  
  Friction Tensors in Center of Resistance
  
  Ktt Tensor (A)
    0.16626E+02    0.13573E+00   -0.65610E-02
    0.13578E+00    0.16312E+02    0.23861E+00
   -0.66582E-02    0.23870E+00    0.16482E+02
  
  Symmetric Krt Tensor (A^2)
   -0.93673E+00   -0.36706E+01   -0.32017E+01
    0.49557E+01    0.97609E+00   -0.53666E+01
    0.85972E+01    0.40245E+01   -0.36458E-01
  
  Krr Tensor (A^3)
    0.11287E+05    0.29753E+03    0.29303E+00
    0.30233E+03    0.10442E+05    0.57523E+03
    0.16931E+00    0.57591E+03    0.11172E+05
  
 Raw Dtt tensor (no rot/trans coupling correction)
    0.60152E-01   -0.50098E-03    0.31198E-04
   -0.50116E-03    0.61322E-01   -0.88797E-03
    0.31558E-04   -0.88830E-03    0.60686E-01
  
 Raw Drr tensor (no rot/trans coupling correction)
    0.88664E-04   -0.25334E-05    0.12812E-06
   -0.25744E-05    0.96113E-04   -0.49488E-05
    0.13137E-06   -0.49546E-05    0.89767E-04
  
 Raw Dtt tensor, before CD transformation
    0.60152E-01   -0.50087E-03    0.23642E-04
   -0.50116E-03    0.61322E-01   -0.88591E-03
    0.31565E-04   -0.88849E-03    0.60699E-01
  
 Program finished at:                
 Elapsed time CPU_TIME:   35.719999999999999     
