 BEST ver.3.90 SFSU/ARAGON
  
 control gtensor value=   1.0000000000000000     
 true area (A^2)=    12222.022000000001     
 total area (A^2) =    11543.489141139480     
 centroid coords =    7.9712038398692755        18.549243804466247        15.750387663398705     
  
 first few rows of gr matrix
   8.1636101586218643      -0.93681643564562633       -1.1120145313691534        1.8286446947700670       -7.9055229809498723E-002
 -0.93681643564562633        8.4514273361966907      -0.98892655853672373       -7.9055229809498723E-002   2.8004270104478972     
  -1.1120145313691525      -0.98892655853672395        7.9724328087696517      -0.10298649209063346      -0.45994696012829905     
   2.5956960391659356       -9.1371069977614933E-002 -0.13693635869568710        7.0033495455331929      -0.12983124305780233     
  -9.1371069977614933E-002   4.0623066871395954      -0.46124144263376321      -0.12983124305780189        7.6049011306648433     
 -0.13693635869568710      -0.46124144263376321        2.5515930279660632      -0.99087195980762299        6.6792066032488467E-002
   2.2460618524790088       0.16291627953459858      -0.57436263700935208        2.0830469789140849      -0.26667076213774216     
  0.16291627953459858        2.2016323613873241      -0.52083197077222565      -0.26667076213774216        1.9728551137020534     
 -0.57436263700935208      -0.52083197077222565        3.0683589509406080      -0.53936416330044712       0.28101122894959857     
 first few columns of gr matrix
   8.1636101586218643      -0.93681643564562633       -1.1120145313691525        2.5956960391659356       -9.1371069977614933E-002
 -0.93681643564562633        8.4514273361966907      -0.98892655853672395       -9.1371069977614933E-002   4.0623066871395954     
  -1.1120145313691534      -0.98892655853672373        7.9724328087696517      -0.13693635869568710      -0.46124144263376321     
   1.8286446947700670       -7.9055229809498723E-002 -0.10298649209063346        7.0033495455331929      -0.12983124305780189     
  -7.9055229809498723E-002   2.8004270104478972      -0.45994696012829905      -0.12983124305780233        7.6049011306648433     
 -0.10298649209063346      -0.45994696012829905        1.9583956793319945      -0.99087195980762299        6.6792066032488467E-002
   1.4832123990340804       0.18056123777822602      -0.35476673568938499        2.4870921307066030      -0.14672045975684481     
  0.18056123777822602        1.6787892803758959      -0.38622203388280973      -0.14672045975684481        2.1732341120309284     
 -0.35476673568938499      -0.38622203388280973        1.9768307740147322      -0.67216196419188545       0.15775656171491229     
  
 about to enter dgetrf
 Just out of dgetrf:                 
  
  **** TRANSLATION/ROTATION FLOWS ****
     U(X-Z) =     1.000     0.000     0.000 A/SEC
  OMGA(X-Z) =     0.000     0.000     0.000 RAD/S

 FTOTH(X-Z) =   -0.20456E+02   -0.32643E+00   -0.26620E+00
 TTOTH(X-Z) =    0.52301E+01   -0.68722E+01    0.34578E+00

     U(X-Z) =     0.000     1.000     0.000 A/SEC
  OMGA(X-Z) =     0.000     0.000     0.000 RAD/S

 FTOTH(X-Z) =   -0.32640E+00   -0.20966E+02    0.60152E+00
 TTOTH(X-Z) =    0.83629E+01   -0.40736E+01   -0.76951E+00

     U(X-Z) =     0.000     0.000     1.000 A/SEC
  OMGA(X-Z) =     0.000     0.000     0.000 RAD/S

 FTOTH(X-Z) =   -0.26607E+00    0.60143E+00   -0.19795E+02
 TTOTH(X-Z) =    0.26214E+00   -0.12322E+01   -0.12175E+01

     U(X-Z) =     0.000     0.000     0.000 A/SEC
  OMGA(X-Z) =     1.000     0.000     0.000 RAD/S

 FTOTH(X-Z) =    0.52121E+01    0.84300E+01    0.29841E+00
 TTOTH(X-Z) =   -0.22265E+05   -0.13348E+04   -0.16808E+04

     U(X-Z) =     0.000     0.000     0.000 A/SEC
  OMGA(X-Z) =     0.000     1.000     0.000 RAD/S

 FTOTH(X-Z) =   -0.69305E+01   -0.40869E+01   -0.11992E+01
 TTOTH(X-Z) =   -0.13334E+04   -0.22868E+05    0.23080E+04

     U(X-Z) =     0.000     0.000     0.000 A/SEC
  OMGA(X-Z) =     0.000     0.000     1.000 RAD/S

 FTOTH(X-Z) =    0.32219E+00   -0.78565E+00   -0.11661E+01
 TTOTH(X-Z) =   -0.16793E+04    0.23098E+04   -0.18882E+05

 I,J,Ktt,Ktr,Krt,Krr=    1    1  0.2046E+02 -0.5230E+01 -0.5212E+01  0.2226E+05
 I,J,Ktt,Ktr,Krt,Krr=    1    2  0.3264E+00 -0.8363E+01  0.6931E+01  0.1333E+04
 I,J,Ktt,Ktr,Krt,Krr=    1    3  0.2661E+00 -0.2621E+00 -0.3222E+00  0.1679E+04
 I,J,Ktt,Ktr,Krt,Krr=    2    1  0.3264E+00  0.6872E+01 -0.8430E+01  0.1335E+04
 I,J,Ktt,Ktr,Krt,Krr=    2    2  0.2097E+02  0.4074E+01  0.4087E+01  0.2287E+05
 I,J,Ktt,Ktr,Krt,Krr=    2    3 -0.6014E+00  0.1232E+01  0.7857E+00 -0.2310E+04
 I,J,Ktt,Ktr,Krt,Krr=    3    1  0.2662E+00 -0.3458E+00 -0.2984E+00  0.1681E+04
 I,J,Ktt,Ktr,Krt,Krr=    3    2 -0.6015E+00  0.7695E+00  0.1199E+01 -0.2308E+04
 I,J,Ktt,Ktr,Krt,Krr=    3    3  0.1979E+02  0.1217E+01  0.1166E+01  0.1888E+05
  
  Friction Tensors in Center of Resistance
  
  Ktt Tensor (A)
    0.20456E+02    0.32640E+00    0.26607E+00
    0.32643E+00    0.20966E+02   -0.60143E+00
    0.26620E+00   -0.60152E+00    0.19795E+02
  
  Symmetric Krt Tensor (A^2)
   -0.52211E+01    0.69013E+01   -0.33398E+00
   -0.83965E+01    0.40802E+01    0.77758E+00
   -0.28028E+00    0.12157E+01    0.11918E+01
  
  Krr Tensor (A^3)
    0.22265E+05    0.13334E+04    0.16793E+04
    0.13348E+04    0.22868E+05   -0.23098E+04
    0.16808E+04   -0.23080E+04    0.18882E+05
  
 Raw Dtt tensor (no rot/trans coupling correction)
    0.48908E-01   -0.78093E-03   -0.68112E-03
   -0.78099E-03    0.47749E-01    0.14613E-02
   -0.68144E-03    0.14615E-02    0.50571E-01
  
 Raw Drr tensor (no rot/trans coupling correction)
    0.45433E-04   -0.30953E-05   -0.44195E-05
   -0.30987E-05    0.44488E-04    0.57179E-05
   -0.44231E-05    0.57136E-05    0.54054E-04
  
 Raw Dtt tensor, before CD transformation
    0.48908E-01   -0.78095E-03   -0.68176E-03
   -0.78100E-03    0.47749E-01    0.14615E-02
   -0.68144E-03    0.14615E-02    0.50572E-01
  
 Program finished at:                
 Elapsed time CPU_TIME:   335.30799999999999     
