 BEST ver.3.90 SFSU/ARAGON
  
 control gtensor value=   1.0000000000000000     
 true area (A^2)=    12222.022000000001     
 total area (A^2) =    11450.703519477098     
 centroid coords =    7.9067385352498247        18.476540212183416        15.797584531143038     
  
 first few rows of gr matrix
   8.1966184965967788      -0.94060431293611502       -1.1165107959838569        2.5047925160230844      -0.13767263635917004     
 -0.94060431293611502        8.4855994199271922      -0.99292513532349935      -0.13767263635917004        3.7124243590815764     
  -1.1165107959838569      -0.99292513532349891        8.0046681496936944      -0.10190578059249203      -0.81576927101164853     
   2.2394565061455034      -0.11327239805422291       -8.9266946501396771E-002   8.7138320661104700      -0.74232955053902971     
 -0.11327239805422291        3.3876818518936642      -0.71131462616529517      -0.74232955053902971        9.5335283224797287     
  -8.9266946501396771E-002 -0.71131462616529517        2.5410148380318134       -1.2812726591597929      -0.87695084045035965     
   1.8096553466469572       0.12478056801233653      -0.44714218711602882        3.0607449918022311      -0.47801684936896738     
  0.12478056801233653        1.8021554747607187      -0.43746844104723459      -0.47801684936896738        3.1164847189883389     
 -0.44714218711602882      -0.43746844104723459        2.6784028343422595      -0.71685037802172324       0.42374324761868259     
 first few columns of gr matrix
   8.1966184965967788      -0.94060431293611502       -1.1165107959838569        2.2394565061455034      -0.11327239805422291     
 -0.94060431293611502        8.4855994199271922      -0.99292513532349891      -0.11327239805422291        3.3876818518936642     
  -1.1165107959838569      -0.99292513532349935        8.0046681496936944       -8.9266946501396771E-002 -0.71131462616529517     
   2.5047925160230844      -0.13767263635917004      -0.10190578059249203        8.7138320661104700      -0.74232955053902971     
 -0.13767263635917004        3.7124243590815764      -0.81576927101164853      -0.74232955053902971        9.5335283224797287     
 -0.10190578059249203      -0.81576927101164853        2.9058889438872684       -1.2812726591597929      -0.87695084045035898     
   1.5354866086614891       0.14977276335370671      -0.35458909574903846        2.7635413235782273      -0.22667214424069929     
  0.14977276335370671        1.7066416000312445      -0.43979340837111797      -0.22667214424069929        2.5576882441354853     
 -0.35458909574903846      -0.43979340837111797        2.2071964692881987      -0.73265452890322436        7.2593040784113966E-002
  
 about to enter dgetrf
 Just out of dgetrf:                 
  
  **** TRANSLATION/ROTATION FLOWS ****
     U(X-Z) =     1.000     0.000     0.000 A/SEC
  OMGA(X-Z) =     0.000     0.000     0.000 RAD/S

 FTOTH(X-Z) =   -0.20427E+02   -0.32842E+00   -0.26693E+00
 TTOTH(X-Z) =    0.51197E+01   -0.62989E+01    0.20469E+01

     U(X-Z) =     0.000     1.000     0.000 A/SEC
  OMGA(X-Z) =     0.000     0.000     0.000 RAD/S

 FTOTH(X-Z) =   -0.32836E+00   -0.20939E+02    0.60277E+00
 TTOTH(X-Z) =    0.77210E+01   -0.39798E+01   -0.24638E+01

     U(X-Z) =     0.000     0.000     1.000 A/SEC
  OMGA(X-Z) =     0.000     0.000     0.000 RAD/S

 FTOTH(X-Z) =   -0.26678E+00    0.60290E+00   -0.19759E+02
 TTOTH(X-Z) =   -0.14122E+01    0.23668E+00   -0.11943E+01

     U(X-Z) =     0.000     0.000     0.000 A/SEC
  OMGA(X-Z) =     1.000     0.000     0.000 RAD/S

 FTOTH(X-Z) =    0.51167E+01    0.76810E+01   -0.13509E+01
 TTOTH(X-Z) =   -0.22188E+05   -0.13339E+04   -0.16765E+04

     U(X-Z) =     0.000     0.000     0.000 A/SEC
  OMGA(X-Z) =     0.000     1.000     0.000 RAD/S

 FTOTH(X-Z) =   -0.62478E+01   -0.40377E+01    0.24609E+00
 TTOTH(X-Z) =   -0.13328E+04   -0.22784E+05    0.23125E+04

     U(X-Z) =     0.000     0.000     0.000 A/SEC
  OMGA(X-Z) =     0.000     0.000     1.000 RAD/S

 FTOTH(X-Z) =    0.19729E+01   -0.24788E+01   -0.11159E+01
 TTOTH(X-Z) =   -0.16747E+04    0.23138E+04   -0.18793E+05

 I,J,Ktt,Ktr,Krt,Krr=    1    1  0.2043E+02 -0.5120E+01 -0.5117E+01  0.2219E+05
 I,J,Ktt,Ktr,Krt,Krr=    1    2  0.3284E+00 -0.7721E+01  0.6248E+01  0.1333E+04
 I,J,Ktt,Ktr,Krt,Krr=    1    3  0.2668E+00  0.1412E+01 -0.1973E+01  0.1675E+04
 I,J,Ktt,Ktr,Krt,Krr=    2    1  0.3284E+00  0.6299E+01 -0.7681E+01  0.1334E+04
 I,J,Ktt,Ktr,Krt,Krr=    2    2  0.2094E+02  0.3980E+01  0.4038E+01  0.2278E+05
 I,J,Ktt,Ktr,Krt,Krr=    2    3 -0.6029E+00 -0.2367E+00  0.2479E+01 -0.2314E+04
 I,J,Ktt,Ktr,Krt,Krr=    3    1  0.2669E+00 -0.2047E+01  0.1351E+01  0.1677E+04
 I,J,Ktt,Ktr,Krt,Krr=    3    2 -0.6028E+00  0.2464E+01 -0.2461E+00 -0.2312E+04
 I,J,Ktt,Ktr,Krt,Krr=    3    3  0.1976E+02  0.1194E+01  0.1116E+01  0.1879E+05
  
  Friction Tensors in Center of Resistance
  
  Ktt Tensor (A)
    0.20427E+02    0.32836E+00    0.26678E+00
    0.32842E+00    0.20939E+02   -0.60290E+00
    0.26693E+00   -0.60277E+00    0.19759E+02
  
  Symmetric Krt Tensor (A^2)
   -0.51182E+01    0.62734E+01   -0.20099E+01
   -0.77010E+01    0.40087E+01    0.24713E+01
    0.13815E+01   -0.24138E+00    0.11551E+01
  
  Krr Tensor (A^3)
    0.22188E+05    0.13328E+04    0.16747E+04
    0.13339E+04    0.22784E+05   -0.23138E+04
    0.16765E+04   -0.23125E+04    0.18793E+05
  
 Raw Dtt tensor (no rot/trans coupling correction)
    0.48975E-01   -0.78775E-03   -0.68529E-03
   -0.78790E-03    0.47813E-01    0.14695E-02
   -0.68567E-03    0.14692E-02    0.50664E-01
  
 Raw Drr tensor (no rot/trans coupling correction)
    0.45593E-04   -0.31183E-05   -0.44468E-05
   -0.31213E-05    0.44658E-04    0.57765E-05
   -0.44515E-05    0.57735E-05    0.54319E-04
  
 Raw Dtt tensor, before CD transformation
    0.48975E-01   -0.78778E-03   -0.68604E-03
   -0.78790E-03    0.47813E-01    0.14691E-02
   -0.68569E-03    0.14693E-02    0.50665E-01
  
 Program finished at:                
 Elapsed time CPU_TIME:   173.41199999999998     
