 BEST ver.3.90 SFSU/ARAGON
  
 control gtensor value=   1.0000000000000000     
 true area (A^2)=    12222.022000000001     
 total area (A^2) =    11364.774411706008     
 centroid coords =    8.0022046255963595        18.560750259282308        15.928599149554032     
  
 first few rows of gr matrix
   7.2973233790733278      -0.57001764046954495       -1.2764700639984259        1.4403814192689712       -1.8806725350251977E-002
 -0.57001764046954517        9.3824338174377893      -0.51622896159418763       -1.8806725350251977E-002   1.5558230103332333     
  -1.2764700639984268      -0.51622896159418774        8.3500032228517558      -0.35957318111634362      -0.12376256957668264     
   3.2788769196108296      -0.19024626001280884      -0.92308867113459125        4.0851061573982461      -0.67697953364854979     
 -0.19024626001280884        3.2185956004941136        9.1698590386495221E-002 -0.67697953364854979        5.2872522625967084     
 -0.92308867113459125        9.1698590386495221E-002   4.3645187558054515      -0.58017950863823364       0.17718404996174486     
  0.74980351154166613        2.4261543377002644E-002   3.9461389084284697E-002  0.28481190131232598       -7.5364754699314774E-003
   2.4261543377002644E-002  0.97093335233173828       0.31683223915098940       -7.5364754699314774E-003  0.33786574986146128     
   3.9461389084284697E-002  0.31683223915098940        1.2582124686150367       -1.1199727334891826E-002  0.10789693378456500     
 first few columns of gr matrix
   7.2973233790733278      -0.57001764046954517       -1.2764700639984268        3.2788769196108296      -0.19024626001280884     
 -0.57001764046954495        9.3824338174377893      -0.51622896159418774      -0.19024626001280884        3.2185956004941136     
  -1.2764700639984259      -0.51622896159418763        8.3500032228517558      -0.92308867113459125        9.1698590386495221E-002
   1.4403814192689712       -1.8806725350251977E-002 -0.35957318111634362        4.0851061573982461      -0.67697953364854979     
  -1.8806725350251977E-002   1.5558230103332333      -0.12376256957668264      -0.67697953364854979        5.2872522625967084     
 -0.35957318111634362      -0.12376256957668264        1.9213730037679908      -0.58017950863823342       0.17718404996174497     
  0.90779272333839067        5.2271043019745111E-003   1.3838775735327347E-002  0.76685573693458398       -3.3195400167544013E-002
   5.2271043019745111E-003   1.1736333316029230       0.37882104109137482       -3.3195400167544013E-002  0.92605380573491125     
   1.3838775735327347E-002  0.37882104109137482        1.5431681608817678       -5.8830898624178757E-002  0.29240941241165730     
  
 about to enter dgetrf
 Just out of dgetrf:                 
  
  **** TRANSLATION/ROTATION FLOWS ****
     U(X-Z) =     1.000     0.000     0.000 A/SEC
  OMGA(X-Z) =     0.000     0.000     0.000 RAD/S

 FTOTH(X-Z) =   -0.20393E+02   -0.32158E+00   -0.26294E+00
 TTOTH(X-Z) =    0.50488E+01   -0.38069E+01    0.52117E-01

     U(X-Z) =     0.000     1.000     0.000 A/SEC
  OMGA(X-Z) =     0.000     0.000     0.000 RAD/S

 FTOTH(X-Z) =   -0.32122E+00   -0.20912E+02    0.59890E+00
 TTOTH(X-Z) =    0.52700E+01   -0.38903E+01   -0.26586E+00

     U(X-Z) =     0.000     0.000     1.000 A/SEC
  OMGA(X-Z) =     0.000     0.000     0.000 RAD/S

 FTOTH(X-Z) =   -0.26296E+00    0.59881E+00   -0.19727E+02
 TTOTH(X-Z) =    0.55239E+00   -0.18244E+01   -0.12239E+01

     U(X-Z) =     0.000     0.000     0.000 A/SEC
  OMGA(X-Z) =     1.000     0.000     0.000 RAD/S

 FTOTH(X-Z) =    0.50637E+01    0.52015E+01    0.60412E+00
 TTOTH(X-Z) =   -0.22083E+05   -0.13217E+04   -0.16553E+04

     U(X-Z) =     0.000     0.000     0.000 A/SEC
  OMGA(X-Z) =     0.000     1.000     0.000 RAD/S

 FTOTH(X-Z) =   -0.37663E+01   -0.38804E+01   -0.17897E+01
 TTOTH(X-Z) =   -0.13205E+04   -0.22688E+05    0.22814E+04

     U(X-Z) =     0.000     0.000     0.000 A/SEC
  OMGA(X-Z) =     0.000     0.000     1.000 RAD/S

 FTOTH(X-Z) =    0.17446E-01   -0.25211E+00   -0.12069E+01
 TTOTH(X-Z) =   -0.16557E+04    0.22825E+04   -0.18700E+05

 I,J,Ktt,Ktr,Krt,Krr=    1    1  0.2039E+02 -0.5049E+01 -0.5064E+01  0.2208E+05
 I,J,Ktt,Ktr,Krt,Krr=    1    2  0.3212E+00 -0.5270E+01  0.3766E+01  0.1321E+04
 I,J,Ktt,Ktr,Krt,Krr=    1    3  0.2630E+00 -0.5524E+00 -0.1745E-01  0.1656E+04
 I,J,Ktt,Ktr,Krt,Krr=    2    1  0.3216E+00  0.3807E+01 -0.5201E+01  0.1322E+04
 I,J,Ktt,Ktr,Krt,Krr=    2    2  0.2091E+02  0.3890E+01  0.3880E+01  0.2269E+05
 I,J,Ktt,Ktr,Krt,Krr=    2    3 -0.5988E+00  0.1824E+01  0.2521E+00 -0.2283E+04
 I,J,Ktt,Ktr,Krt,Krr=    3    1  0.2629E+00 -0.5212E-01 -0.6041E+00  0.1655E+04
 I,J,Ktt,Ktr,Krt,Krr=    3    2 -0.5989E+00  0.2659E+00  0.1790E+01 -0.2281E+04
 I,J,Ktt,Ktr,Krt,Krr=    3    3  0.1973E+02  0.1224E+01  0.1207E+01  0.1870E+05
  
  Friction Tensors in Center of Resistance
  
  Ktt Tensor (A)
    0.20393E+02    0.32122E+00    0.26296E+00
    0.32158E+00    0.20912E+02   -0.59881E+00
    0.26294E+00   -0.59890E+00    0.19727E+02
  
  Symmetric Krt Tensor (A^2)
   -0.50562E+01    0.37866E+01   -0.34781E-01
   -0.52357E+01    0.38854E+01    0.25899E+00
   -0.57826E+00    0.18070E+01    0.12154E+01
  
  Krr Tensor (A^3)
    0.22083E+05    0.13205E+04    0.16557E+04
    0.13217E+04    0.22688E+05   -0.22825E+04
    0.16553E+04   -0.22814E+04    0.18700E+05
  
 Raw Dtt tensor (no rot/trans coupling correction)
    0.49058E-01   -0.77295E-03   -0.67739E-03
   -0.77378E-03    0.47873E-01    0.14634E-02
   -0.67735E-03    0.14637E-02    0.50744E-01
  
 Raw Drr tensor (no rot/trans coupling correction)
    0.45803E-04   -0.31119E-05   -0.44352E-05
   -0.31144E-05    0.44835E-04    0.57484E-05
   -0.44344E-05    0.57454E-05    0.54570E-04
  
 Raw Dtt tensor, before CD transformation
    0.49058E-01   -0.77296E-03   -0.67764E-03
   -0.77379E-03    0.47873E-01    0.14639E-02
   -0.67736E-03    0.14637E-02    0.50744E-01
  
 Program finished at:                
 Elapsed time CPU_TIME:   111.64000000000000     
