 BEST ver.3.90 SFSU/ARAGON
  
 control gtensor value=   1.0000000000000000     
 true area (A^2)=    12222.022000000001     
 total area (A^2) =    11089.712460759720     
 centroid coords =    8.0751498470948047        18.520666055045872        15.568714067278295     
  
 first few rows of gr matrix
   7.3872680732907856      -0.57704351279385868       -1.2922034642631459        1.4761076948322764       -1.9273195025102788E-002
 -0.57704351279385846        9.4980789789424964      -0.52259185024318822       -1.9273195025102788E-002   1.5944126233699716     
  -1.2922034642631468      -0.52259185024318799        8.4529229439028999      -0.36849179835333579      -0.12683229514101529     
   3.3602040311668886      -0.19496500340895381      -0.94598435681418480        4.1354579925967201      -0.68532378728545340     
 -0.19496500340895381        3.2984275337666471        9.3973022050977850E-002 -0.68532378728545407        5.3524214024725190     
 -0.94598435681418480        9.3973022050977850E-002   4.4727734150819050      -0.58733063320609680       0.17936796923819071     
  0.69726515523981147        2.5578989665415750E-002   5.3573927232371768E-002  0.26483969898851428       -3.3709756225371135E-003
   2.5578989665415750E-002  0.83397902764092857       0.25702013931693213       -3.3709756225371135E-003  0.29826457201080681     
   5.3573927232371768E-002  0.25702013931693213        1.2300333377630626       -4.2042073722846785E-003   8.5015988411944146E-002
 first few columns of gr matrix
   7.3872680732907856      -0.57704351279385846       -1.2922034642631468        3.3602040311668886      -0.19496500340895381     
 -0.57704351279385868        9.4980789789424964      -0.52259185024318799      -0.19496500340895381        3.2984275337666471     
  -1.2922034642631459      -0.52259185024318822        8.4529229439028999      -0.94598435681418480        9.3973022050977850E-002
   1.4761076948322764       -1.9273195025102788E-002 -0.36849179835333579        4.1354579925967201      -0.68532378728545407     
  -1.9273195025102788E-002   1.5944126233699716      -0.12683229514101529      -0.68532378728545340        5.3524214024725190     
 -0.36849179835333579      -0.12683229514101529        1.9690294789725609      -0.58733063320609691       0.17936796923819037     
   2.6779333285834159       -1.7774702385557724E-002   3.9161968713173484E-002   2.2276511845964375      -0.13709134233259845     
  -1.7774702385557724E-002   3.6323155036918804        1.0709110469577596      -0.13709134233259845        2.7296433517604681     
   3.9161968713173484E-002   1.0709110469577596        4.3407970203671820      -0.18880297531269152       0.84111173510954196     
  
 about to enter dgetrf
 Just out of dgetrf:                 
  
  **** TRANSLATION/ROTATION FLOWS ****
     U(X-Z) =     1.000     0.000     0.000 A/SEC
  OMGA(X-Z) =     0.000     0.000     0.000 RAD/S

 FTOTH(X-Z) =   -0.20251E+02   -0.32608E+00   -0.26805E+00
 TTOTH(X-Z) =    0.50812E+01   -0.11764E+02    0.11711E+01

     U(X-Z) =     0.000     1.000     0.000 A/SEC
  OMGA(X-Z) =     0.000     0.000     0.000 RAD/S

 FTOTH(X-Z) =   -0.32607E+00   -0.20786E+02    0.59810E+00
 TTOTH(X-Z) =    0.13397E+02   -0.40388E+01    0.53740E+00

     U(X-Z) =     0.000     0.000     1.000 A/SEC
  OMGA(X-Z) =     0.000     0.000     0.000 RAD/S

 FTOTH(X-Z) =   -0.26819E+00    0.59796E+00   -0.19595E+02
 TTOTH(X-Z) =   -0.53946E+00   -0.26348E+01   -0.11832E+01

     U(X-Z) =     0.000     0.000     0.000 A/SEC
  OMGA(X-Z) =     1.000     0.000     0.000 RAD/S

 FTOTH(X-Z) =    0.51590E+01    0.13254E+02   -0.47442E+00
 TTOTH(X-Z) =   -0.21629E+05   -0.13119E+04   -0.16832E+04

     U(X-Z) =     0.000     0.000     0.000 A/SEC
  OMGA(X-Z) =     0.000     1.000     0.000 RAD/S

 FTOTH(X-Z) =   -0.11663E+02   -0.39955E+01   -0.27257E+01
 TTOTH(X-Z) =   -0.13096E+04   -0.22265E+05    0.22390E+04

     U(X-Z) =     0.000     0.000     0.000 A/SEC
  OMGA(X-Z) =     0.000     0.000     1.000 RAD/S

 FTOTH(X-Z) =    0.10769E+01    0.65162E+00   -0.11875E+01
 TTOTH(X-Z) =   -0.16863E+04    0.22395E+04   -0.18335E+05

 I,J,Ktt,Ktr,Krt,Krr=    1    1  0.2025E+02 -0.5081E+01 -0.5159E+01  0.2163E+05
 I,J,Ktt,Ktr,Krt,Krr=    1    2  0.3261E+00 -0.1340E+02  0.1166E+02  0.1310E+04
 I,J,Ktt,Ktr,Krt,Krr=    1    3  0.2682E+00  0.5395E+00 -0.1077E+01  0.1686E+04
 I,J,Ktt,Ktr,Krt,Krr=    2    1  0.3261E+00  0.1176E+02 -0.1325E+02  0.1312E+04
 I,J,Ktt,Ktr,Krt,Krr=    2    2  0.2079E+02  0.4039E+01  0.3995E+01  0.2227E+05
 I,J,Ktt,Ktr,Krt,Krr=    2    3 -0.5980E+00  0.2635E+01 -0.6516E+00 -0.2240E+04
 I,J,Ktt,Ktr,Krt,Krr=    3    1  0.2681E+00 -0.1171E+01  0.4744E+00  0.1683E+04
 I,J,Ktt,Ktr,Krt,Krr=    3    2 -0.5981E+00 -0.5374E+00  0.2726E+01 -0.2239E+04
 I,J,Ktt,Ktr,Krt,Krr=    3    3  0.1960E+02  0.1183E+01  0.1188E+01  0.1833E+05
  
  Friction Tensors in Center of Resistance
  
  Ktt Tensor (A)
    0.20251E+02    0.32607E+00    0.26819E+00
    0.32608E+00    0.20786E+02   -0.59796E+00
    0.26805E+00   -0.59810E+00    0.19595E+02
  
  Symmetric Krt Tensor (A^2)
   -0.51201E+01    0.11714E+02   -0.11240E+01
   -0.13326E+02    0.40171E+01   -0.59451E+00
    0.50694E+00    0.26803E+01    0.11854E+01
  
  Krr Tensor (A^3)
    0.21629E+05    0.13096E+04    0.16863E+04
    0.13119E+04    0.22265E+05   -0.22395E+04
    0.16832E+04   -0.22390E+04    0.18335E+05
  
 Raw Dtt tensor (no rot/trans coupling correction)
    0.49402E-01   -0.79513E-03   -0.70041E-03
   -0.79514E-03    0.48164E-01    0.14806E-02
   -0.70007E-03    0.14810E-02    0.51087E-01
  
 Raw Drr tensor (no rot/trans coupling correction)
    0.46795E-04   -0.32248E-05   -0.46979E-05
   -0.32290E-05    0.45694E-04    0.58784E-05
   -0.46902E-05    0.58760E-05    0.55690E-04
  
 Raw Dtt tensor, before CD transformation
    0.49402E-01   -0.79509E-03   -0.69902E-03
   -0.79513E-03    0.48164E-01    0.14793E-02
   -0.70007E-03    0.14810E-02    0.51088E-01
  
 Program finished at:                
 Elapsed time CPU_TIME:   39.548000000000002     
