 BEST ver.3.90 SFSU/ARAGON
  
 control gtensor value=   1.0000000000000000     
 true area (A^2)=    12222.022000000001     
 total area (A^2) =    11257.830143976127     
 centroid coords =    7.9433690123456850        18.580726790123457        16.055630370370370     
  
 first few rows of gr matrix
   7.3319020797960999      -0.57271869514022344       -1.2825186758019211        1.4540643878486557       -1.8985380690158298E-002
 -0.57271869514022389        9.4268929093775515      -0.51867513614890015       -1.8985380690158298E-002   1.5706026215397872     
  -1.2825186758019220      -0.51867513614889982        8.3895700951799270      -0.36298896284852472      -0.12493825771609103     
   3.3100247595284378      -0.19205351298298312      -0.93185759380634270        4.1044636198402307      -0.68018743214412769     
 -0.19205351298298312        3.2491707952884359        9.2569685302240912E-002 -0.68018743214412791        5.3123061493627013     
 -0.93185759380634270        9.2569685302240912E-002   4.4059796995542522      -0.58292871578618866       0.17802364468959314     
  0.68378476368998753        2.9408256935040723E-002   4.3487953051612543E-002  0.26400447138845906       -4.4694300457541929E-003
   2.9408256935040723E-002  0.90360880004293664       0.30041709103881209       -4.4694300457541929E-003  0.32260963049398955     
   4.3487953051612543E-002  0.30041709103881209        1.1244516177138699       -5.2065520124842833E-003  0.10748685197619434     
 first few columns of gr matrix
   7.3319020797960999      -0.57271869514022389       -1.2825186758019220        3.3100247595284378      -0.19205351298298312     
 -0.57271869514022344        9.4268929093775515      -0.51867513614889982      -0.19205351298298312        3.2491707952884359     
  -1.2825186758019211      -0.51867513614890015        8.3895700951799270      -0.93185759380634270        9.2569685302240912E-002
   1.4540643878486557       -1.8985380690158298E-002 -0.36298896284852472        4.1044636198402307      -0.68018743214412791     
  -1.8985380690158298E-002   1.5706026215397872      -0.12493825771609103      -0.68018743214412769        5.3123061493627013     
 -0.36298896284852472      -0.12493825771609103        1.9396251737062520      -0.58292871578618854       0.17802364468959359     
   1.7729295424736427        3.2919438053214137E-002   5.1185031487257684E-002   1.5189274872495748       -5.0547804768969598E-002
   3.2919438053214137E-002   2.3623742028791854       0.76589748420853188       -5.0547804768969598E-002   1.9024647145901963     
   5.1185031487257684E-002  0.76589748420853188        2.9320329069317093       -8.4053207346304282E-002  0.61727063556720696     
  
 about to enter dgetrf
 Just out of dgetrf:                 
  
  **** TRANSLATION/ROTATION FLOWS ****
     U(X-Z) =     1.000     0.000     0.000 A/SEC
  OMGA(X-Z) =     0.000     0.000     0.000 RAD/S

 FTOTH(X-Z) =   -0.20352E+02   -0.32359E+00   -0.26882E+00
 TTOTH(X-Z) =    0.49132E+01   -0.15032E+01    0.62780E-02

     U(X-Z) =     0.000     1.000     0.000 A/SEC
  OMGA(X-Z) =     0.000     0.000     0.000 RAD/S

 FTOTH(X-Z) =   -0.32312E+00   -0.20858E+02    0.60195E+00
 TTOTH(X-Z) =    0.31363E+01   -0.38575E+01   -0.18860E+01

     U(X-Z) =     0.000     0.000     1.000 A/SEC
  OMGA(X-Z) =     0.000     0.000     0.000 RAD/S

 FTOTH(X-Z) =   -0.26837E+00    0.60209E+00   -0.19678E+02
 TTOTH(X-Z) =    0.37831E+00   -0.61894E+00   -0.12443E+01

     U(X-Z) =     0.000     0.000     0.000 A/SEC
  OMGA(X-Z) =     1.000     0.000     0.000 RAD/S

 FTOTH(X-Z) =    0.49456E+01    0.30511E+01    0.51263E+00
 TTOTH(X-Z) =   -0.21942E+05   -0.13108E+04   -0.16819E+04

     U(X-Z) =     0.000     0.000     0.000 A/SEC
  OMGA(X-Z) =     0.000     1.000     0.000 RAD/S

 FTOTH(X-Z) =   -0.14291E+01   -0.37834E+01   -0.55041E+00
 TTOTH(X-Z) =   -0.13054E+04   -0.22531E+05    0.22747E+04

     U(X-Z) =     0.000     0.000     0.000 A/SEC
  OMGA(X-Z) =     0.000     0.000     1.000 RAD/S

 FTOTH(X-Z) =   -0.41277E-01   -0.18707E+01   -0.11924E+01
 TTOTH(X-Z) =   -0.16767E+04    0.22768E+04   -0.18573E+05

 I,J,Ktt,Ktr,Krt,Krr=    1    1  0.2035E+02 -0.4913E+01 -0.4946E+01  0.2194E+05
 I,J,Ktt,Ktr,Krt,Krr=    1    2  0.3231E+00 -0.3136E+01  0.1429E+01  0.1305E+04
 I,J,Ktt,Ktr,Krt,Krr=    1    3  0.2684E+00 -0.3783E+00  0.4128E-01  0.1677E+04
 I,J,Ktt,Ktr,Krt,Krr=    2    1  0.3236E+00  0.1503E+01 -0.3051E+01  0.1311E+04
 I,J,Ktt,Ktr,Krt,Krr=    2    2  0.2086E+02  0.3858E+01  0.3783E+01  0.2253E+05
 I,J,Ktt,Ktr,Krt,Krr=    2    3 -0.6021E+00  0.6189E+00  0.1871E+01 -0.2277E+04
 I,J,Ktt,Ktr,Krt,Krr=    3    1  0.2688E+00 -0.6278E-02 -0.5126E+00  0.1682E+04
 I,J,Ktt,Ktr,Krt,Krr=    3    2 -0.6019E+00  0.1886E+01  0.5504E+00 -0.2275E+04
 I,J,Ktt,Ktr,Krt,Krr=    3    3  0.1968E+02  0.1244E+01  0.1192E+01  0.1857E+05
  
  Friction Tensors in Center of Resistance
  
  Ktt Tensor (A)
    0.20352E+02    0.32312E+00    0.26837E+00
    0.32359E+00    0.20858E+02   -0.60209E+00
    0.26882E+00   -0.60195E+00    0.19678E+02
  
  Symmetric Krt Tensor (A^2)
   -0.49294E+01    0.14662E+01    0.17500E-01
   -0.30937E+01    0.38205E+01    0.18783E+01
   -0.44547E+00    0.58468E+00    0.12184E+01
  
  Krr Tensor (A^3)
    0.21942E+05    0.13054E+04    0.16767E+04
    0.13108E+04    0.22531E+05   -0.22768E+04
    0.16819E+04   -0.22747E+04    0.18573E+05
  
 Raw Dtt tensor (no rot/trans coupling correction)
    0.49157E-01   -0.78154E-03   -0.69433E-03
   -0.78268E-03    0.47998E-01    0.14793E-02
   -0.69548E-03    0.14789E-02    0.50874E-01
  
 Raw Drr tensor (no rot/trans coupling correction)
    0.46110E-04   -0.31305E-05   -0.45465E-05
   -0.31434E-05    0.45153E-04    0.58191E-05
   -0.45605E-05    0.58137E-05    0.54967E-04
  
 Raw Dtt tensor, before CD transformation
    0.49157E-01   -0.78156E-03   -0.69502E-03
   -0.78269E-03    0.47998E-01    0.14803E-02
   -0.69549E-03    0.14790E-02    0.50875E-01
  
 Program finished at:                
 Elapsed time CPU_TIME:   69.864000000000004     
