 BEST ver.3.90 SFSU/ARAGON
  
 control gtensor value=   1.0000000000000000     
 true area (A^2)=    8935.6659999999993     
 total area (A^2) =    8497.4003522932253     
 centroid coords =    2.9736617572371813       -1.9606555781276438        47.559967496190815     
  
 first few rows of gr matrix
   9.5852185262644056       0.11038221257825476       0.62234405184469710       0.31489609739837754        8.3710198737541194E-002
  0.11038221257825476        8.7020124903616480       -1.4788276870595967        8.3710198737541194E-002  0.44386251982793812     
  0.62234405184469688       -1.4788276870595976        7.6129250015514245        4.9226550516029269E-002   9.6564191647747405E-002
  0.66096980210672984       0.16025113298542648        9.3551474710567642E-002   5.5045349191176376      -0.68697295147949688     
  0.16025113298542648       0.97657133632019899       0.21427311874675256      -0.68697295147949644        5.5842204010101302     
   9.3551474710567642E-002  0.21427311874675256       0.71208958686019630      -0.39571116601464285      -0.98130066664191551     
  0.80744291605454532       0.16394550560070495       0.22633423236880315       0.84251012991682983      -0.24734828351759833     
  0.16394550560070495       0.75586084958424893       0.19026275462374559      -0.24734828351759833        1.1383738437798330     
  0.22633423236880315       0.19026275462374559       0.87174707784022765       0.12544799066389387      -0.22631375173761278     
 first few columns of gr matrix
   9.5852185262644056       0.11038221257825476       0.62234405184469688       0.66096980210672984       0.16025113298542648     
  0.11038221257825476        8.7020124903616480       -1.4788276870595976       0.16025113298542648       0.97657133632019899     
  0.62234405184469710       -1.4788276870595967        7.6129250015514245        9.3551474710567642E-002  0.21427311874675256     
  0.31489609739837754        8.3710198737541194E-002   4.9226550516029269E-002   5.5045349191176376      -0.68697295147949644     
   8.3710198737541194E-002  0.44386251982793812        9.6564191647747405E-002 -0.68697295147949688        5.5842204010101302     
   4.9226550516029269E-002   9.6564191647747405E-002  0.32958702151305336      -0.39571116601464285      -0.98130066664191551     
  0.44999650055225160        9.0211152911016876E-002  0.12920253651761923       0.85468622831328700      -0.23841868071459352     
   9.0211152911016876E-002  0.40302245849377327        9.9603263616160967E-002 -0.23841868071459352        1.1171687424669707     
  0.12920253651761923        9.9603263616160967E-002  0.47661745265603672       0.12740066333446678      -0.21297851164828313     
  
 about to enter dgetrf
 Just out of dgetrf:                 
  
  **** TRANSLATION/ROTATION FLOWS ****
     U(X-Z) =     1.000     0.000     0.000 A/SEC
  OMGA(X-Z) =     0.000     0.000     0.000 RAD/S

 FTOTH(X-Z) =   -0.17135E+02   -0.92528E-02    0.14083E+00
 TTOTH(X-Z) =   -0.50961E+00    0.17068E+01    0.16570E+01

     U(X-Z) =     0.000     1.000     0.000 A/SEC
  OMGA(X-Z) =     0.000     0.000     0.000 RAD/S

 FTOTH(X-Z) =   -0.91756E-02   -0.17740E+02    0.15899E+00
 TTOTH(X-Z) =   -0.17363E+01   -0.22798E-01   -0.60739E+01

     U(X-Z) =     0.000     0.000     1.000 A/SEC
  OMGA(X-Z) =     0.000     0.000     0.000 RAD/S

 FTOTH(X-Z) =    0.14083E+00    0.15912E+00   -0.17790E+02
 TTOTH(X-Z) =   -0.10552E+01    0.87434E+01    0.51577E+00

     U(X-Z) =     0.000     0.000     0.000 A/SEC
  OMGA(X-Z) =     1.000     0.000     0.000 RAD/S

 FTOTH(X-Z) =   -0.51277E+00   -0.17631E+01   -0.10114E+01
 TTOTH(X-Z) =   -0.12167E+05    0.10418E+03    0.23839E+03

     U(X-Z) =     0.000     0.000     0.000 A/SEC
  OMGA(X-Z) =     0.000     1.000     0.000 RAD/S

 FTOTH(X-Z) =    0.17405E+01   -0.30321E-01    0.87910E+01
 TTOTH(X-Z) =    0.10398E+03   -0.13647E+05    0.25512E+03

     U(X-Z) =     0.000     0.000     0.000 A/SEC
  OMGA(X-Z) =     0.000     0.000     1.000 RAD/S

 FTOTH(X-Z) =    0.16196E+01   -0.60792E+01    0.56235E+00
 TTOTH(X-Z) =    0.23897E+03    0.25397E+03   -0.13866E+05

 I,J,Ktt,Ktr,Krt,Krr=    1    1  0.1713E+02  0.5096E+00  0.5128E+00  0.1217E+05
 I,J,Ktt,Ktr,Krt,Krr=    1    2  0.9176E-02  0.1736E+01 -0.1741E+01 -0.1040E+03
 I,J,Ktt,Ktr,Krt,Krr=    1    3 -0.1408E+00  0.1055E+01 -0.1620E+01 -0.2390E+03
 I,J,Ktt,Ktr,Krt,Krr=    2    1  0.9253E-02 -0.1707E+01  0.1763E+01 -0.1042E+03
 I,J,Ktt,Ktr,Krt,Krr=    2    2  0.1774E+02  0.2280E-01  0.3032E-01  0.1365E+05
 I,J,Ktt,Ktr,Krt,Krr=    2    3 -0.1591E+00 -0.8743E+01  0.6079E+01 -0.2540E+03
 I,J,Ktt,Ktr,Krt,Krr=    3    1 -0.1408E+00 -0.1657E+01  0.1011E+01 -0.2384E+03
 I,J,Ktt,Ktr,Krt,Krr=    3    2 -0.1590E+00  0.6074E+01 -0.8791E+01 -0.2551E+03
 I,J,Ktt,Ktr,Krt,Krr=    3    3  0.1779E+02 -0.5158E+00 -0.5623E+00  0.1387E+05
  
  Friction Tensors in Center of Resistance
  
  Ktt Tensor (A)
    0.17135E+02    0.91756E-02   -0.14083E+00
    0.92528E-02    0.17740E+02   -0.15912E+00
   -0.14083E+00   -0.15899E+00    0.17790E+02
  
  Symmetric Krt Tensor (A^2)
    0.51119E+00   -0.17236E+01   -0.16383E+01
    0.17497E+01    0.26560E-01    0.60765E+01
    0.10333E+01   -0.87672E+01   -0.53906E+00
  
  Krr Tensor (A^3)
    0.12167E+05   -0.10398E+03   -0.23897E+03
   -0.10418E+03    0.13647E+05   -0.25397E+03
   -0.23839E+03   -0.25512E+03    0.13866E+05
  
 Raw Dtt tensor (no rot/trans coupling correction)
    0.58366E-01   -0.26050E-04    0.46179E-03
   -0.26300E-04    0.56375E-01    0.50403E-03
    0.46180E-03    0.50362E-03    0.56218E-01
  
 Raw Drr tensor (no rot/trans coupling correction)
    0.82224E-04    0.65321E-06    0.14290E-05
    0.65424E-06    0.73307E-04    0.13539E-05
    0.14257E-05    0.13600E-05    0.72167E-04
  
 Raw Dtt tensor, before CD transformation
    0.58366E-01   -0.26029E-04    0.46408E-03
   -0.26286E-04    0.56375E-01    0.50578E-03
    0.46188E-03    0.50370E-03    0.56228E-01
  
 Program finished at:                
 Elapsed time CPU_TIME:   186.05600000000001     
