 BEST ver.3.90 SFSU/ARAGON
  
 control gtensor value=   1.0000000000000000     
 true area (A^2)=    8935.6659999999993     
 total area (A^2) =    8281.7086003539425     
 centroid coords =    3.0307950629556002       -1.8833825381047020        47.535600066269097     
  
 first few rows of gr matrix
   9.7092366367108855       0.11181039007815685       0.63039623481224227       0.82042431339779887       0.20942868262219644     
  0.11181039007815707        8.8146032615766376       -1.4979614621449060       0.20942868262219644        1.1464840190819745     
  0.63039623481224238       -1.4979614621449051        7.7114246414997627       0.13058596153466084       0.23674269235787251     
  0.71043921759948270       0.17091695436776302        9.8234353300496860E-002   6.8114240579406991      -0.60991162989654435     
  0.17091695436776302        1.0567706462277935       0.22830644563042990      -0.60991162989654457        9.2142092941964151     
   9.8234353300496860E-002  0.22830644563042990       0.76337937281892332      -0.84161416658106258      -0.95162781129508045     
  0.61013115134885487       0.17587278116447408        8.1419139267293911E-002   3.2824236520183230       0.65748747207069147     
  0.17587278116447408       0.86708845148704750       0.15532042097119997       0.65748747207069147        3.3390159554858565     
   8.1419139267293911E-002  0.15532042097119997       0.58909817695093181       0.35196784516989976       -3.3283572114897859E-002
 first few columns of gr matrix
   9.7092366367108855       0.11181039007815707       0.63039623481224238       0.71043921759948270       0.17091695436776302     
  0.11181039007815685        8.8146032615766376       -1.4979614621449051       0.17091695436776302        1.0567706462277935     
  0.63039623481224227       -1.4979614621449060        7.7114246414997627        9.8234353300496860E-002  0.22830644563042990     
  0.82042431339779887       0.20942868262219644       0.13058596153466084        6.8114240579406991      -0.60991162989654457     
  0.20942868262219644        1.1464840190819745       0.23674269235787251      -0.60991162989654435        9.2142092941964151     
  0.13058596153466084       0.23674269235787251       0.87506655147455936      -0.84161416658106214      -0.95162781129508067     
   2.1230025524391105       0.59554070242985213       0.34535774214551623        11.163252547897546       0.73499782649845691     
  0.59554070242985213        2.8183541871978055       0.53851529817665134       0.73499782649845691        10.992131876927479     
  0.34535774214551623       0.53851529817665134        2.1163701082901354       0.41581289161769952      -0.87855172065885567     
  
 about to enter dgetrf
 Just out of dgetrf:                 
  
  **** TRANSLATION/ROTATION FLOWS ****
     U(X-Z) =     1.000     0.000     0.000 A/SEC
  OMGA(X-Z) =     0.000     0.000     0.000 RAD/S

 FTOTH(X-Z) =   -0.17018E+02   -0.11065E-01    0.14334E+00
 TTOTH(X-Z) =   -0.55688E+00    0.10261E+01    0.31056E+00

     U(X-Z) =     0.000     1.000     0.000 A/SEC
  OMGA(X-Z) =     0.000     0.000     0.000 RAD/S

 FTOTH(X-Z) =   -0.11372E-01   -0.17619E+02    0.15353E+00
 TTOTH(X-Z) =   -0.11953E+01    0.11163E+00   -0.52367E+01

     U(X-Z) =     0.000     0.000     1.000 A/SEC
  OMGA(X-Z) =     0.000     0.000     0.000 RAD/S

 FTOTH(X-Z) =    0.14314E+00    0.15376E+00   -0.17677E+02
 TTOTH(X-Z) =    0.44542E+00    0.77374E+01    0.46914E+00

     U(X-Z) =     0.000     0.000     0.000 A/SEC
  OMGA(X-Z) =     1.000     0.000     0.000 RAD/S

 FTOTH(X-Z) =   -0.58491E+00   -0.12153E+01    0.46325E+00
 TTOTH(X-Z) =   -0.11933E+05    0.92546E+02    0.24477E+03

     U(X-Z) =     0.000     0.000     0.000 A/SEC
  OMGA(X-Z) =     0.000     1.000     0.000 RAD/S

 FTOTH(X-Z) =    0.10966E+01    0.89105E-01    0.77076E+01
 TTOTH(X-Z) =    0.90524E+02   -0.13375E+05    0.24312E+03

     U(X-Z) =     0.000     0.000     0.000 A/SEC
  OMGA(X-Z) =     0.000     0.000     1.000 RAD/S

 FTOTH(X-Z) =    0.27958E+00   -0.52320E+01    0.51103E+00
 TTOTH(X-Z) =    0.24309E+03    0.23801E+03   -0.13592E+05

 I,J,Ktt,Ktr,Krt,Krr=    1    1  0.1702E+02  0.5569E+00  0.5849E+00  0.1193E+05
 I,J,Ktt,Ktr,Krt,Krr=    1    2  0.1137E-01  0.1195E+01 -0.1097E+01 -0.9052E+02
 I,J,Ktt,Ktr,Krt,Krr=    1    3 -0.1431E+00 -0.4454E+00 -0.2796E+00 -0.2431E+03
 I,J,Ktt,Ktr,Krt,Krr=    2    1  0.1107E-01 -0.1026E+01  0.1215E+01 -0.9255E+02
 I,J,Ktt,Ktr,Krt,Krr=    2    2  0.1762E+02 -0.1116E+00 -0.8910E-01  0.1337E+05
 I,J,Ktt,Ktr,Krt,Krr=    2    3 -0.1538E+00 -0.7737E+01  0.5232E+01 -0.2380E+03
 I,J,Ktt,Ktr,Krt,Krr=    3    1 -0.1433E+00 -0.3106E+00 -0.4632E+00 -0.2448E+03
 I,J,Ktt,Ktr,Krt,Krr=    3    2 -0.1535E+00  0.5237E+01 -0.7708E+01 -0.2431E+03
 I,J,Ktt,Ktr,Krt,Krr=    3    3  0.1768E+02 -0.4691E+00 -0.5110E+00  0.1359E+05
  
  Friction Tensors in Center of Resistance
  
  Ktt Tensor (A)
    0.17018E+02    0.11372E-01   -0.14314E+00
    0.11065E-01    0.17619E+02   -0.15376E+00
   -0.14334E+00   -0.15353E+00    0.17677E+02
  
  Symmetric Krt Tensor (A^2)
    0.57089E+00   -0.10614E+01   -0.29507E+00
    0.12053E+01   -0.10037E+00    0.52343E+01
   -0.45433E+00   -0.77225E+01   -0.49008E+00
  
  Krr Tensor (A^3)
    0.11933E+05   -0.90524E+02   -0.24309E+03
   -0.92546E+02    0.13375E+05   -0.23801E+03
   -0.24477E+03   -0.24312E+03    0.13592E+05
  
 Raw Dtt tensor (no rot/trans coupling correction)
    0.58765E-01   -0.33784E-04    0.47557E-03
   -0.32750E-04    0.56760E-01    0.49346E-03
    0.47624E-03    0.49269E-03    0.56579E-01
  
 Raw Drr tensor (no rot/trans coupling correction)
    0.83835E-04    0.59487E-06    0.15098E-05
    0.60716E-06    0.74796E-04    0.13206E-05
    0.15206E-05    0.13486E-05    0.73622E-04
  
 Raw Dtt tensor, before CD transformation
    0.58765E-01   -0.33770E-04    0.47719E-03
   -0.32744E-04    0.56760E-01    0.49420E-03
    0.47629E-03    0.49274E-03    0.56585E-01
  
 Program finished at:                
 Elapsed time CPU_TIME:   33.292000000000002     
