 BEST ver.3.90 SFSU/ARAGON
  
 control gtensor value=   1.0000000000000000     
 true area (A^2)=    8935.6659999999993     
 total area (A^2) =    8532.0263674051130     
 centroid coords =    3.1749593406593433       -2.0143535531135570        47.465789084248868     
  
 first few rows of gr matrix
   9.5657486294074339       0.11015799961035477       0.62107992057155348       0.39311338217041369       0.11054528528092482     
  0.11015799961035466        8.6843365985526972       -1.4758238303966129       0.11054528528092482       0.54630247176990487     
  0.62107992057155303       -1.4758238303966138        7.5974613098104484        5.8386728522199442E-002  0.10920099352382269     
  0.65549329804510714       0.16986755395440159        9.0393525418393544E-002   6.9197652108041376      -0.75806708882365048     
  0.16986755395440159       0.96211824631886278       0.19519668354021322      -0.75806708882365048        6.0907858217435251     
   9.0393525418393544E-002  0.19519668354021322       0.67791339936095796      -0.28434019883959016       -1.0998329536193547     
  0.83883551637581888       0.16784471303308487       0.23389928429962217       0.88613833363009020      -0.25118871681172777     
  0.16784471303308487       0.72430908674165895       0.16456657801578159      -0.25118871681172777        1.2410196195922190     
  0.23389928429962217       0.16456657801578159       0.82839210634298799       0.11261376077400241      -0.22762105452338932     
 first few columns of gr matrix
   9.5657486294074339       0.11015799961035466       0.62107992057155303       0.65549329804510714       0.16986755395440159     
  0.11015799961035477        8.6843365985526972       -1.4758238303966138       0.16986755395440159       0.96211824631886278     
  0.62107992057155348       -1.4758238303966129        7.5974613098104484        9.0393525418393544E-002  0.19519668354021322     
  0.39311338217041369       0.11054528528092482        5.8386728522199442E-002   6.9197652108041376      -0.75806708882365048     
  0.11054528528092482       0.54630247176990487       0.10920099352382269      -0.75806708882365048        6.0907858217435251     
   5.8386728522199442E-002  0.10920099352382269       0.39031867875319853      -0.28434019883959027       -1.0998329536193552     
  0.72534281716089788       0.14457408348569215       0.20298967928768910        1.2702074009134301      -0.36737286005392994     
  0.14457408348569215       0.61552539903808379       0.13846685873548778      -0.36737286005392994        1.6355894953365069     
  0.20298967928768910       0.13846685873548778       0.71221691816812327       0.16537122160095172      -0.27666985829652863     
  
 about to enter dgetrf
 Just out of dgetrf:                 
  
  **** TRANSLATION/ROTATION FLOWS ****
     U(X-Z) =     1.000     0.000     0.000 A/SEC
  OMGA(X-Z) =     0.000     0.000     0.000 RAD/S

 FTOTH(X-Z) =   -0.17150E+02   -0.76636E-02    0.14004E+00
 TTOTH(X-Z) =   -0.46811E+00    0.32540E+00    0.24268E+01

     U(X-Z) =     0.000     1.000     0.000 A/SEC
  OMGA(X-Z) =     0.000     0.000     0.000 RAD/S

 FTOTH(X-Z) =   -0.76221E-02   -0.17773E+02    0.15572E+00
 TTOTH(X-Z) =   -0.27569E+00    0.42700E-01   -0.22389E+01

     U(X-Z) =     0.000     0.000     1.000 A/SEC
  OMGA(X-Z) =     0.000     0.000     0.000 RAD/S

 FTOTH(X-Z) =    0.14001E+00    0.15578E+00   -0.17819E+02
 TTOTH(X-Z) =   -0.18785E+01    0.50522E+01    0.42015E+00

     U(X-Z) =     0.000     0.000     0.000 A/SEC
  OMGA(X-Z) =     1.000     0.000     0.000 RAD/S

 FTOTH(X-Z) =   -0.49988E+00   -0.29338E+00   -0.18541E+01
 TTOTH(X-Z) =   -0.12197E+05    0.10815E+03    0.24440E+03

     U(X-Z) =     0.000     0.000     0.000 A/SEC
  OMGA(X-Z) =     0.000     1.000     0.000 RAD/S

 FTOTH(X-Z) =    0.30460E+00    0.13021E-01    0.51339E+01
 TTOTH(X-Z) =    0.11094E+03   -0.13724E+05    0.24961E+03

     U(X-Z) =     0.000     0.000     0.000 A/SEC
  OMGA(X-Z) =     0.000     0.000     1.000 RAD/S

 FTOTH(X-Z) =    0.23781E+01   -0.23152E+01    0.50237E+00
 TTOTH(X-Z) =    0.24477E+03    0.24732E+03   -0.13938E+05

 I,J,Ktt,Ktr,Krt,Krr=    1    1  0.1715E+02  0.4681E+00  0.4999E+00  0.1220E+05
 I,J,Ktt,Ktr,Krt,Krr=    1    2  0.7622E-02  0.2757E+00 -0.3046E+00 -0.1109E+03
 I,J,Ktt,Ktr,Krt,Krr=    1    3 -0.1400E+00  0.1878E+01 -0.2378E+01 -0.2448E+03
 I,J,Ktt,Ktr,Krt,Krr=    2    1  0.7664E-02 -0.3254E+00  0.2934E+00 -0.1081E+03
 I,J,Ktt,Ktr,Krt,Krr=    2    2  0.1777E+02 -0.4270E-01 -0.1302E-01  0.1372E+05
 I,J,Ktt,Ktr,Krt,Krr=    2    3 -0.1558E+00 -0.5052E+01  0.2315E+01 -0.2473E+03
 I,J,Ktt,Ktr,Krt,Krr=    3    1 -0.1400E+00 -0.2427E+01  0.1854E+01 -0.2444E+03
 I,J,Ktt,Ktr,Krt,Krr=    3    2 -0.1557E+00  0.2239E+01 -0.5134E+01 -0.2496E+03
 I,J,Ktt,Ktr,Krt,Krr=    3    3  0.1782E+02 -0.4202E+00 -0.5024E+00  0.1394E+05
  
  Friction Tensors in Center of Resistance
  
  Ktt Tensor (A)
    0.17150E+02    0.76221E-02   -0.14001E+00
    0.76636E-02    0.17773E+02   -0.15578E+00
   -0.14004E+00   -0.15572E+00    0.17819E+02
  
  Symmetric Krt Tensor (A^2)
    0.48400E+00   -0.31500E+00   -0.24025E+01
    0.28454E+00   -0.27860E-01    0.22771E+01
    0.18663E+01   -0.50931E+01   -0.46126E+00
  
  Krr Tensor (A^3)
    0.12197E+05   -0.11094E+03   -0.24477E+03
   -0.10815E+03    0.13724E+05   -0.24732E+03
   -0.24440E+03   -0.24961E+03    0.13938E+05
  
 Raw Dtt tensor (no rot/trans coupling correction)
    0.58314E-01   -0.20995E-04    0.45801E-03
   -0.21129E-04    0.56268E-01    0.49176E-03
    0.45811E-03    0.49156E-03    0.56129E-01
  
 Raw Drr tensor (no rot/trans coupling correction)
    0.82019E-04    0.68943E-06    0.14527E-05
    0.67247E-06    0.72894E-04    0.13053E-05
    0.14503E-05    0.13176E-05    0.71797E-04
  
 Raw Dtt tensor, before CD transformation
    0.58314E-01   -0.20998E-04    0.45767E-03
   -0.21123E-04    0.56268E-01    0.49251E-03
    0.45813E-03    0.49158E-03    0.56132E-01
  
 Program finished at:                
 Elapsed time CPU_TIME:   265.88799999999998     
