 BEST ver.3.90 SFSU/ARAGON
  
 control gtensor value=   1.0000000000000000     
 true area (A^2)=    8935.6659999999993     
 total area (A^2) =    8453.7020916014844     
 centroid coords =    3.0692437689969605       -1.8040963525835818        47.729583890577430     
  
 first few rows of gr matrix
   9.6099602007480627       0.11066713469713130       0.62395046633648854       0.31652383535339784        8.4142907395518024E-002
  0.11066713469713130        8.7244744050065055       -1.4826448846696887        8.4142907395518024E-002  0.44615690161387944     
  0.62395046633648865       -1.4826448846696882        7.6325757285265867        4.9481008813009368E-002   9.7063344228994056E-002
  0.66438643903205152       0.16107949146192260        9.4035054175009083E-002   5.5187434017703483      -0.68874618816658773     
  0.16107949146192260       0.98161935769310726       0.21538072373457573      -0.68874618816658795        5.5986345703927380     
   9.4035054175009083E-002  0.21538072373457573       0.71577046845092640      -0.39673258840916192      -0.98383363149797431     
  0.81161669112458323       0.16479296075885372       0.22750418278607010       0.84686517187282617      -0.24862685823642444     
  0.16479296075885372       0.75976799039592080       0.19124624698737377      -0.24862685823642444        1.1442582428810761     
  0.22750418278607010       0.19124624698737377       0.87625324929646686       0.12609644727377697      -0.22748359628789150     
 first few columns of gr matrix
   9.6099602007480627       0.11066713469713130       0.62395046633648865       0.66438643903205152       0.16107949146192260     
  0.11066713469713130        8.7244744050065055       -1.4826448846696882       0.16107949146192260       0.98161935769310726     
  0.62395046633648854       -1.4826448846696887        7.6325757285265867        9.4035054175009083E-002  0.21538072373457573     
  0.31652383535339784        8.4142907395518024E-002   4.9481008813009368E-002   5.5187434017703483      -0.68874618816658795     
   8.4142907395518024E-002  0.44615690161387944        9.7063344228994056E-002 -0.68874618816658773        5.5986345703927380     
   4.9481008813009368E-002   9.7063344228994056E-002  0.33129069872223826      -0.39673258840916259      -0.98383363149797454     
  0.45232258966426891        9.0677465827475670E-002  0.12987040085227466       0.85910421006965676      -0.23965109718145719     
   9.0677465827475670E-002  0.40510573281135209       0.10011812554671941      -0.23965109718145719        1.1229435297040917     
  0.12987040085227466       0.10011812554671941       0.47908114885336306       0.12805921355759584      -0.21407942464745261     
  
 about to enter dgetrf
 Just out of dgetrf:                 
  
  **** TRANSLATION/ROTATION FLOWS ****
     U(X-Z) =     1.000     0.000     0.000 A/SEC
  OMGA(X-Z) =     0.000     0.000     0.000 RAD/S

 FTOTH(X-Z) =   -0.17100E+02   -0.88237E-02    0.14001E+00
 TTOTH(X-Z) =   -0.48928E+00    0.45411E+01   -0.11569E+01

     U(X-Z) =     0.000     1.000     0.000 A/SEC
  OMGA(X-Z) =     0.000     0.000     0.000 RAD/S

 FTOTH(X-Z) =   -0.87980E-02   -0.17711E+02    0.15707E+00
 TTOTH(X-Z) =   -0.46781E+01   -0.39073E-01   -0.42661E+01

     U(X-Z) =     0.000     0.000     1.000 A/SEC
  OMGA(X-Z) =     0.000     0.000     0.000 RAD/S

 FTOTH(X-Z) =    0.13991E+00    0.15714E+00   -0.17763E+02
 TTOTH(X-Z) =    0.18148E+01    0.70451E+01    0.53388E+00

     U(X-Z) =     0.000     0.000     0.000 A/SEC
  OMGA(X-Z) =     1.000     0.000     0.000 RAD/S

 FTOTH(X-Z) =   -0.48782E+00   -0.46380E+01    0.18224E+01
 TTOTH(X-Z) =   -0.12087E+05    0.10315E+03    0.24061E+03

     U(X-Z) =     0.000     0.000     0.000 A/SEC
  OMGA(X-Z) =     0.000     1.000     0.000 RAD/S

 FTOTH(X-Z) =    0.44889E+01   -0.43944E-01    0.70695E+01
 TTOTH(X-Z) =    0.10346E+03   -0.13587E+05    0.24860E+03

     U(X-Z) =     0.000     0.000     0.000 A/SEC
  OMGA(X-Z) =     0.000     0.000     1.000 RAD/S

 FTOTH(X-Z) =   -0.11841E+01   -0.42904E+01    0.55411E+00
 TTOTH(X-Z) =    0.24100E+03    0.24641E+03   -0.13806E+05

 I,J,Ktt,Ktr,Krt,Krr=    1    1  0.1710E+02  0.4893E+00  0.4878E+00  0.1209E+05
 I,J,Ktt,Ktr,Krt,Krr=    1    2  0.8798E-02  0.4678E+01 -0.4489E+01 -0.1035E+03
 I,J,Ktt,Ktr,Krt,Krr=    1    3 -0.1399E+00 -0.1815E+01  0.1184E+01 -0.2410E+03
 I,J,Ktt,Ktr,Krt,Krr=    2    1  0.8824E-02 -0.4541E+01  0.4638E+01 -0.1032E+03
 I,J,Ktt,Ktr,Krt,Krr=    2    2  0.1771E+02  0.3907E-01  0.4394E-01  0.1359E+05
 I,J,Ktt,Ktr,Krt,Krr=    2    3 -0.1571E+00 -0.7045E+01  0.4290E+01 -0.2464E+03
 I,J,Ktt,Ktr,Krt,Krr=    3    1 -0.1400E+00  0.1157E+01 -0.1822E+01 -0.2406E+03
 I,J,Ktt,Ktr,Krt,Krr=    3    2 -0.1571E+00  0.4266E+01 -0.7070E+01 -0.2486E+03
 I,J,Ktt,Ktr,Krt,Krr=    3    3  0.1776E+02 -0.5339E+00 -0.5541E+00  0.1381E+05
  
  Friction Tensors in Center of Resistance
  
  Ktt Tensor (A)
    0.17100E+02    0.87980E-02   -0.13991E+00
    0.88237E-02    0.17711E+02   -0.15714E+00
   -0.14001E+00   -0.15707E+00    0.17763E+02
  
  Symmetric Krt Tensor (A^2)
    0.48855E+00   -0.45150E+01    0.11705E+01
    0.46581E+01    0.41509E-01    0.42782E+01
   -0.18186E+01   -0.70573E+01   -0.54399E+00
  
  Krr Tensor (A^3)
    0.12087E+05   -0.10346E+03   -0.24100E+03
   -0.10315E+03    0.13587E+05   -0.24641E+03
   -0.24061E+03   -0.24860E+03    0.13806E+05
  
 Raw Dtt tensor (no rot/trans coupling correction)
    0.58482E-01   -0.24968E-04    0.46039E-03
   -0.25048E-04    0.56467E-01    0.49932E-03
    0.46073E-03    0.49909E-03    0.56303E-01
  
 Raw Drr tensor (no rot/trans coupling correction)
    0.82766E-04    0.65691E-06    0.14564E-05
    0.65472E-06    0.73629E-04    0.13255E-05
    0.14542E-05    0.13372E-05    0.72479E-04
  
 Raw Dtt tensor, before CD transformation
    0.58482E-01   -0.24922E-04    0.46562E-03
   -0.25054E-04    0.56467E-01    0.49870E-03
    0.46077E-03    0.49914E-03    0.56308E-01
  
 Program finished at:                
 Elapsed time CPU_TIME:   117.95599999999999     
