 BEST ver.3.90 SFSU/ARAGON
  
 control gtensor value=   1.0000000000000000     
 true area (A^2)=    8935.6659999999993     
 total area (A^2) =    8364.8470096089950     
 centroid coords =    3.0882475609756099       -1.7945804878048761        47.543325203252067     
  
 first few rows of gr matrix
   9.6608659827769436       0.11125335950128945       0.62725565030943264       0.57359065079444294       0.15695960432993469     
  0.11125335950128945        8.7706896008137925       -1.4904987358562263       0.15695960432993469       0.83531926405826207     
  0.62725565030943287       -1.4904987358562263        7.6730069299300059        7.6857718500590630E-002  0.15374526215192647     
  0.67755665410321986       0.17092029140197357        9.6553292392209666E-002   7.2989929375572107      -0.80770098525178047     
  0.17092029140197357       0.99097710992951060       0.21065967377309888      -0.80770098525178069        7.5526077661742299     
   9.6553292392209666E-002  0.21065967377309888       0.71473451543926525      -0.52793112663618147       -1.4343442237360113     
  0.82023804039176107       0.16654346402845235       0.22992083222291798        1.3388717452583776      -0.35838519161311677     
  0.16654346402845235       0.76783857997207783       0.19327774869174424      -0.35838519161311677        1.8722369770590561     
  0.22992083222291798       0.19327774869174424       0.88556119649777032       0.19774267714071525      -0.41300157608751176     
 first few columns of gr matrix
   9.6608659827769436       0.11125335950128945       0.62725565030943287       0.67755665410321986       0.17092029140197357     
  0.11125335950128945        8.7706896008137925       -1.4904987358562263       0.17092029140197357       0.99097710992951060     
  0.62725565030943264       -1.4904987358562263        7.6730069299300059        9.6553292392209666E-002  0.21065967377309888     
  0.57359065079444294       0.15695960432993469        7.6857718500590630E-002   7.2989929375572107      -0.80770098525178069     
  0.15695960432993469       0.83531926405826207       0.15374526215192647      -0.80770098525178047        7.5526077661742299     
   7.6857718500590630E-002  0.15374526215192647       0.57800892846750107      -0.52793112663618125       -1.4343442237360109     
  0.45712735904564544        9.1640681729896270E-002  0.13124994133913231       0.84821710523008964      -0.22442926910394839     
   9.1640681729896270E-002  0.40940894398344219       0.10118162428664478      -0.22442926910394839        1.1420167517094211     
  0.13124994133913231       0.10118162428664478       0.48417015941309183       0.12879921012646764      -0.23473367205911141     
  
 about to enter dgetrf
 Just out of dgetrf:                 
  
  **** TRANSLATION/ROTATION FLOWS ****
     U(X-Z) =     1.000     0.000     0.000 A/SEC
  OMGA(X-Z) =     0.000     0.000     0.000 RAD/S

 FTOTH(X-Z) =   -0.17046E+02   -0.12746E-01    0.14066E+00
 TTOTH(X-Z) =   -0.49330E+00    0.11097E+01   -0.14589E+01

     U(X-Z) =     0.000     1.000     0.000 A/SEC
  OMGA(X-Z) =     0.000     0.000     0.000 RAD/S

 FTOTH(X-Z) =   -0.12750E-01   -0.17658E+02    0.15247E+00
 TTOTH(X-Z) =   -0.11254E+01   -0.20637E-01   -0.37025E+01

     U(X-Z) =     0.000     0.000     1.000 A/SEC
  OMGA(X-Z) =     0.000     0.000     0.000 RAD/S

 FTOTH(X-Z) =    0.14042E+00    0.15266E+00   -0.17703E+02
 TTOTH(X-Z) =    0.21083E+01    0.63640E+01    0.54332E+00

     U(X-Z) =     0.000     0.000     0.000 A/SEC
  OMGA(X-Z) =     1.000     0.000     0.000 RAD/S

 FTOTH(X-Z) =   -0.51066E+00   -0.11913E+01    0.21261E+01
 TTOTH(X-Z) =   -0.11983E+05    0.91589E+02    0.23777E+03

     U(X-Z) =     0.000     0.000     0.000 A/SEC
  OMGA(X-Z) =     0.000     1.000     0.000 RAD/S

 FTOTH(X-Z) =    0.11866E+01   -0.29622E-01    0.64209E+01
 TTOTH(X-Z) =    0.92527E+02   -0.13451E+05    0.24321E+03

     U(X-Z) =     0.000     0.000     0.000 A/SEC
  OMGA(X-Z) =     0.000     0.000     1.000 RAD/S

 FTOTH(X-Z) =   -0.14975E+01   -0.38181E+01    0.55372E+00
 TTOTH(X-Z) =    0.23641E+03    0.24114E+03   -0.13662E+05

 I,J,Ktt,Ktr,Krt,Krr=    1    1  0.1705E+02  0.4933E+00  0.5107E+00  0.1198E+05
 I,J,Ktt,Ktr,Krt,Krr=    1    2  0.1275E-01  0.1125E+01 -0.1187E+01 -0.9253E+02
 I,J,Ktt,Ktr,Krt,Krr=    1    3 -0.1404E+00 -0.2108E+01  0.1497E+01 -0.2364E+03
 I,J,Ktt,Ktr,Krt,Krr=    2    1  0.1275E-01 -0.1110E+01  0.1191E+01 -0.9159E+02
 I,J,Ktt,Ktr,Krt,Krr=    2    2  0.1766E+02  0.2064E-01  0.2962E-01  0.1345E+05
 I,J,Ktt,Ktr,Krt,Krr=    2    3 -0.1527E+00 -0.6364E+01  0.3818E+01 -0.2411E+03
 I,J,Ktt,Ktr,Krt,Krr=    3    1 -0.1407E+00  0.1459E+01 -0.2126E+01 -0.2378E+03
 I,J,Ktt,Ktr,Krt,Krr=    3    2 -0.1525E+00  0.3703E+01 -0.6421E+01 -0.2432E+03
 I,J,Ktt,Ktr,Krt,Krr=    3    3  0.1770E+02 -0.5433E+00 -0.5537E+00  0.1366E+05
  
  Friction Tensors in Center of Resistance
  
  Ktt Tensor (A)
    0.17046E+02    0.12750E-01   -0.14042E+00
    0.12746E-01    0.17658E+02   -0.15266E+00
   -0.14066E+00   -0.15247E+00    0.17703E+02
  
  Symmetric Krt Tensor (A^2)
    0.50198E+00   -0.11482E+01    0.14782E+01
    0.11584E+01    0.25130E-01    0.37603E+01
   -0.21172E+01   -0.63925E+01   -0.54852E+00
  
  Krr Tensor (A^3)
    0.11983E+05   -0.92527E+02   -0.23641E+03
   -0.91589E+02    0.13451E+05   -0.24114E+03
   -0.23777E+03   -0.24321E+03    0.13662E+05
  
 Raw Dtt tensor (no rot/trans coupling correction)
    0.58668E-01   -0.38346E-04    0.46504E-03
   -0.38323E-04    0.56636E-01    0.48809E-03
    0.46583E-03    0.48748E-03    0.56497E-01
  
 Raw Drr tensor (no rot/trans coupling correction)
    0.83485E-04    0.60060E-06    0.14552E-05
    0.59470E-06    0.74373E-04    0.13230E-05
    0.14635E-05    0.13344E-05    0.73243E-04
  
 Raw Dtt tensor, before CD transformation
    0.58668E-01   -0.38333E-04    0.46659E-03
   -0.38320E-04    0.56636E-01    0.48836E-03
    0.46586E-03    0.48752E-03    0.56501E-01
  
 Program finished at:                
 Elapsed time CPU_TIME:   58.636000000000003     
