 BEST ver.3.90 SFSU/ARAGON
  
 control gtensor value=   1.0000000000000000     
 true area (A^2)=    4365.9920000000002     
 total area (A^2) =    4156.2073328070628     
 centroid coords =    1.3749831597222197       0.96909895833333382       -4.9100671875000028     
  
 first few rows of gr matrix
   7.7596366508750556      -0.27190657555129061       -1.5655171532640701        2.1337367107965597      -0.20005020513388291     
 -0.27190657555129039        9.7391214656149803      -0.30976967505873243      -0.20005020513388291        1.9948346192271806     
  -1.5655171532640693      -0.30976967505873260        8.7535172471523399      -0.62386299536060763       0.19953167570417518     
   3.0661253542920268      -0.22098033667982175      -0.91827698334403873        6.2118261544814555      -0.15110204189645127     
 -0.22098033667982175        2.8086973648188001       0.21152021312937094      -0.15110204189645149        7.7622461460322567     
 -0.91827698334403873       0.21152021312937094        3.5805552716154625       -1.2771456571642705      -0.29809523335218391     
  0.87890175352574429       0.14670324825653050       -4.4989593580968552E-002  0.55851623650819104       -3.1277035470468912E-003
  0.14670324825653050        1.5929629655939586      -0.18012335056570122       -3.1277035470468912E-003   1.1046250366625947     
  -4.4989593580968552E-002 -0.18012335056570122       0.89998038569208616       -3.4648231561194578E-003   9.1554560482018047E-003
 first few columns of gr matrix
   7.7596366508750556      -0.27190657555129039       -1.5655171532640693        3.0661253542920268      -0.22098033667982175     
 -0.27190657555129061        9.7391214656149803      -0.30976967505873260      -0.22098033667982175        2.8086973648188001     
  -1.5655171532640701      -0.30976967505873243        8.7535172471523399      -0.91827698334403873       0.21152021312937094     
   2.1337367107965597      -0.20005020513388291      -0.62386299536060763        6.2118261544814555      -0.15110204189645149     
 -0.20005020513388291        1.9948346192271806       0.19953167570417518      -0.15110204189645127        7.7622461460322567     
 -0.62386299536060763       0.19953167570417518        2.4571648086679039       -1.2771456571642705      -0.29809523335218474     
  0.59212650583476389       0.11209532840890600       -4.1103725331812745E-002  0.60943567493449768       -1.1428436661332491E-002
  0.11209532840890600        1.0335293019026381      -0.16029880719212738       -1.1428436661332491E-002   1.2062868012806058     
  -4.1103725331812745E-002 -0.16029880719212738       0.63008047638691211       -2.5186120433115994E-004  -4.6015553257232429E-003
  
 about to enter dgetrf
 Just out of dgetrf:                 
  
  **** TRANSLATION/ROTATION FLOWS ****
     U(X-Z) =     1.000     0.000     0.000 A/SEC
  OMGA(X-Z) =     0.000     0.000     0.000 RAD/S

 FTOTH(X-Z) =   -0.12480E+02    0.93475E-01   -0.45603E+00
 TTOTH(X-Z) =   -0.24492E+01    0.72291E+01   -0.46646E+01

     U(X-Z) =     0.000     1.000     0.000 A/SEC
  OMGA(X-Z) =     0.000     0.000     0.000 RAD/S

 FTOTH(X-Z) =    0.93522E-01   -0.12797E+02   -0.18767E+00
 TTOTH(X-Z) =   -0.45266E+01   -0.30899E-01   -0.43941E+01

     U(X-Z) =     0.000     0.000     1.000 A/SEC
  OMGA(X-Z) =     0.000     0.000     0.000 RAD/S

 FTOTH(X-Z) =   -0.45613E+00   -0.18769E+00   -0.12978E+02
 TTOTH(X-Z) =    0.67295E+01    0.12614E+01    0.24227E+01

     U(X-Z) =     0.000     0.000     0.000 A/SEC
  OMGA(X-Z) =     1.000     0.000     0.000 RAD/S

 FTOTH(X-Z) =   -0.24882E+01   -0.44904E+01    0.68257E+01
 TTOTH(X-Z) =   -0.49309E+04    0.18672E+03   -0.82876E+03

     U(X-Z) =     0.000     0.000     0.000 A/SEC
  OMGA(X-Z) =     0.000     1.000     0.000 RAD/S

 FTOTH(X-Z) =    0.71720E+01    0.28905E-06    0.12080E+01
 TTOTH(X-Z) =    0.18659E+03   -0.57556E+04   -0.28108E+03

     U(X-Z) =     0.000     0.000     0.000 A/SEC
  OMGA(X-Z) =     0.000     0.000     1.000 RAD/S

 FTOTH(X-Z) =   -0.47182E+01   -0.43260E+01    0.24480E+01
 TTOTH(X-Z) =   -0.82714E+03   -0.28058E+03   -0.53296E+04

 I,J,Ktt,Ktr,Krt,Krr=    1    1  0.1248E+02  0.2449E+01  0.2488E+01  0.4931E+04
 I,J,Ktt,Ktr,Krt,Krr=    1    2 -0.9352E-01  0.4527E+01 -0.7172E+01 -0.1866E+03
 I,J,Ktt,Ktr,Krt,Krr=    1    3  0.4561E+00 -0.6729E+01  0.4718E+01  0.8271E+03
 I,J,Ktt,Ktr,Krt,Krr=    2    1 -0.9347E-01 -0.7229E+01  0.4490E+01 -0.1867E+03
 I,J,Ktt,Ktr,Krt,Krr=    2    2  0.1280E+02  0.3090E-01 -0.2891E-06  0.5756E+04
 I,J,Ktt,Ktr,Krt,Krr=    2    3  0.1877E+00 -0.1261E+01  0.4326E+01  0.2806E+03
 I,J,Ktt,Ktr,Krt,Krr=    3    1  0.4560E+00  0.4665E+01 -0.6826E+01  0.8288E+03
 I,J,Ktt,Ktr,Krt,Krr=    3    2  0.1877E+00  0.4394E+01 -0.1208E+01  0.2811E+03
 I,J,Ktt,Ktr,Krt,Krr=    3    3  0.1298E+02 -0.2423E+01 -0.2448E+01  0.5330E+04
  
  Friction Tensors in Center of Resistance
  
  Ktt Tensor (A)
    0.12480E+02   -0.93522E-01    0.45613E+00
   -0.93475E-01    0.12797E+02    0.18769E+00
    0.45603E+00    0.18767E+00    0.12978E+02
  
  Symmetric Krt Tensor (A^2)
    0.24687E+01   -0.72005E+01    0.46914E+01
    0.45085E+01    0.15449E-01    0.43600E+01
   -0.67776E+01   -0.12347E+01   -0.24353E+01
  
  Krr Tensor (A^3)
    0.49309E+04   -0.18659E+03    0.82714E+03
   -0.18672E+03    0.57556E+04    0.28058E+03
    0.82876E+03    0.28108E+03    0.53296E+04
  
 Raw Dtt tensor (no rot/trans coupling correction)
    0.80233E-01    0.62786E-03   -0.28290E-02
    0.62756E-03    0.78167E-01   -0.11525E-02
   -0.28284E-02   -0.11524E-02    0.77170E-01
  
 Raw Drr tensor (no rot/trans coupling correction)
    0.20863E-03    0.83664E-05   -0.32820E-04
    0.83716E-05    0.17453E-03   -0.10487E-04
   -0.32885E-04   -0.10506E-04    0.19329E-03
  
 Raw Dtt tensor, before CD transformation
    0.80231E-01    0.62688E-03   -0.27636E-02
    0.62913E-03    0.78168E-01   -0.11955E-02
   -0.28306E-02   -0.11533E-02    0.77230E-01
  
 Program finished at:                
 Elapsed time CPU_TIME:   43.584000000000003     
