 BEST ver.3.90 SFSU/ARAGON
  
 control gtensor value=   1.0000000000000000     
 true area (A^2)=    4365.9920000000002     
 total area (A^2) =    4172.4693268670426     
 centroid coords =    1.2893166522864521       0.84713876905378305       -4.9846482599942430     
  
 first few rows of gr matrix
   7.7445004871932923      -0.27137618700104460       -1.5624634118397540        2.1254205768724339      -0.19927051929493927     
 -0.27137618700104427        9.7201240636421034      -0.30916542969051558      -0.19927051929493927        1.9870598493757576     
  -1.5624634118397536      -0.30916542969051569        8.7364423922583168      -0.62143152000871749       0.19875401080819008     
   3.0541752814712191      -0.22011907668221797      -0.91469804394899012        6.1997091931252442      -0.15080729803901349     
 -0.22011907668221797        2.7977506049303917       0.21069582349819344      -0.15080729803901349        7.7471048921964556     
 -0.91469804394899012       0.21069582349819344        3.5666002334840838       -1.2746544212234596      -0.29751376047558242     
  0.87547627715301013       0.14613147955918709       -4.4814248851921812E-002  0.55633944693612236       -3.1155134762474151E-003
  0.14613147955918709        1.5867544707543557      -0.17942132866272331       -3.1155134762474151E-003   1.1003198148916284     
  -4.4814248851921812E-002 -0.17942132866272331       0.89647275638682478       -3.4513191782181542E-003   9.1197731083866220E-003
 first few columns of gr matrix
   7.7445004871932923      -0.27137618700104427       -1.5624634118397536        3.0541752814712191      -0.22011907668221797     
 -0.27137618700104460        9.7201240636421034      -0.30916542969051569      -0.22011907668221797        2.7977506049303917     
  -1.5624634118397540      -0.30916542969051558        8.7364423922583168      -0.91469804394899012       0.21069582349819344     
   2.1254205768724339      -0.19927051929493927      -0.62143152000871749        6.1997091931252442      -0.15080729803901349     
 -0.19927051929493927        1.9870598493757576       0.19875401080819008      -0.15080729803901349        7.7471048921964556     
 -0.62143152000871749       0.19875401080819008        2.4475881296338242       -1.2746544212234601      -0.29751376047558237     
  0.58981872189046047       0.11165844237765371       -4.0943525583216740E-002  0.60706042935464244       -1.1383894891329576E-002
  0.11165844237765371        1.0295011722624432      -0.15967405047226513       -1.1383894891329576E-002   1.2015853577802926     
  -4.0943525583216740E-002 -0.15967405047226513       0.62762476870840722       -2.5087958767012488E-004  -4.5836209900790370E-003
  
 about to enter dgetrf
 Just out of dgetrf:                 
  
  **** TRANSLATION/ROTATION FLOWS ****
     U(X-Z) =     1.000     0.000     0.000 A/SEC
  OMGA(X-Z) =     0.000     0.000     0.000 RAD/S

 FTOTH(X-Z) =   -0.12504E+02    0.90732E-01   -0.45585E+00
 TTOTH(X-Z) =   -0.24846E+01    0.65108E+01   -0.31081E+01

     U(X-Z) =     0.000     1.000     0.000 A/SEC
  OMGA(X-Z) =     0.000     0.000     0.000 RAD/S

 FTOTH(X-Z) =    0.90896E-01   -0.12824E+02   -0.18828E+00
 TTOTH(X-Z) =   -0.37965E+01    0.33015E-01   -0.54369E+01

     U(X-Z) =     0.000     0.000     1.000 A/SEC
  OMGA(X-Z) =     0.000     0.000     0.000 RAD/S

 FTOTH(X-Z) =   -0.45594E+00   -0.18837E+00   -0.13001E+02
 TTOTH(X-Z) =    0.51205E+01    0.22464E+01    0.23810E+01

     U(X-Z) =     0.000     0.000     0.000 A/SEC
  OMGA(X-Z) =     1.000     0.000     0.000 RAD/S

 FTOTH(X-Z) =   -0.25014E+01   -0.37946E+01    0.51864E+01
 TTOTH(X-Z) =   -0.49611E+04    0.18245E+03   -0.83377E+03

     U(X-Z) =     0.000     0.000     0.000 A/SEC
  OMGA(X-Z) =     0.000     1.000     0.000 RAD/S

 FTOTH(X-Z) =    0.64902E+01    0.57180E-01    0.22977E+01
 TTOTH(X-Z) =    0.18312E+03   -0.57880E+04   -0.28006E+03

     U(X-Z) =     0.000     0.000     0.000 A/SEC
  OMGA(X-Z) =     0.000     0.000     1.000 RAD/S

 FTOTH(X-Z) =   -0.31278E+01   -0.55005E+01    0.24126E+01
 TTOTH(X-Z) =   -0.83305E+03   -0.28047E+03   -0.53529E+04

 I,J,Ktt,Ktr,Krt,Krr=    1    1  0.1250E+02  0.2485E+01  0.2501E+01  0.4961E+04
 I,J,Ktt,Ktr,Krt,Krr=    1    2 -0.9090E-01  0.3796E+01 -0.6490E+01 -0.1831E+03
 I,J,Ktt,Ktr,Krt,Krr=    1    3  0.4559E+00 -0.5121E+01  0.3128E+01  0.8330E+03
 I,J,Ktt,Ktr,Krt,Krr=    2    1 -0.9073E-01 -0.6511E+01  0.3795E+01 -0.1825E+03
 I,J,Ktt,Ktr,Krt,Krr=    2    2  0.1282E+02 -0.3301E-01 -0.5718E-01  0.5788E+04
 I,J,Ktt,Ktr,Krt,Krr=    2    3  0.1884E+00 -0.2246E+01  0.5501E+01  0.2805E+03
 I,J,Ktt,Ktr,Krt,Krr=    3    1  0.4559E+00  0.3108E+01 -0.5186E+01  0.8338E+03
 I,J,Ktt,Ktr,Krt,Krr=    3    2  0.1883E+00  0.5437E+01 -0.2298E+01  0.2801E+03
 I,J,Ktt,Ktr,Krt,Krr=    3    3  0.1300E+02 -0.2381E+01 -0.2413E+01  0.5353E+04
  
  Friction Tensors in Center of Resistance
  
  Ktt Tensor (A)
    0.12504E+02   -0.90896E-01    0.45594E+00
   -0.90732E-01    0.12824E+02    0.18837E+00
    0.45585E+00    0.18828E+00    0.13001E+02
  
  Symmetric Krt Tensor (A^2)
    0.24930E+01   -0.65005E+01    0.31180E+01
    0.37955E+01   -0.45097E-01    0.54687E+01
   -0.51534E+01   -0.22721E+01   -0.23968E+01
  
  Krr Tensor (A^3)
    0.49611E+04   -0.18312E+03    0.83305E+03
   -0.18245E+03    0.57880E+04    0.28047E+03
    0.83377E+03    0.28006E+03    0.53529E+04
  
 Raw Dtt tensor (no rot/trans coupling correction)
    0.80085E-01    0.60901E-03   -0.28172E-02
    0.60800E-03    0.78002E-01   -0.11514E-02
   -0.28167E-02   -0.11509E-02    0.77030E-01
  
 Raw Drr tensor (no rot/trans coupling correction)
    0.20736E-03    0.81428E-05   -0.32698E-04
    0.81223E-05    0.17353E-03   -0.10356E-04
   -0.32724E-04   -0.10347E-04    0.19245E-03
  
 Raw Dtt tensor, before CD transformation
    0.80083E-01    0.60822E-03   -0.27644E-02
    0.60881E-03    0.78002E-01   -0.11737E-02
   -0.28187E-02   -0.11518E-02    0.77084E-01
  
 Program finished at:                
 Elapsed time CPU_TIME:   66.956000000000003     
