 BEST ver.3.90 SFSU/ARAGON
  
 control gtensor value=   1.0000000000000000     
 true area (A^2)=    4365.9920000000002     
 total area (A^2) =    4163.8951021820976     
 centroid coords =    1.2365132428940533       0.95814680232558203       -4.9133229974160182     
  
 first few rows of gr matrix
   7.7524700609618158      -0.27165545001418545       -1.5640712840894713        2.1297972081585006      -0.19968085388877310     
 -0.27165545001418556        9.7301266772247992      -0.30948358019004374      -0.19968085388877310        1.9911515705149507     
  -1.5640712840894704      -0.30948358019004379        8.7454327360816126      -0.62271116162986917       0.19916328181619661     
   3.0604643892532128      -0.22057234228440062      -0.91658157519923433        6.2060890803548610      -0.15096248814953694     
 -0.22057234228440062        2.8035116872128305       0.21112968489155715      -0.15096248814953694        7.7550771460600760     
 -0.91658157519923433       0.21112968489155715        3.5739445183454492       -1.2759661200807475      -0.29781992068116031     
  0.87727904358262487       0.14643239111160053       -4.4906529620124203E-002  0.55748505202512433       -3.1219288906370710E-003
  0.14643239111160053        1.5900218896057485      -0.17979079012788357       -3.1219288906370710E-003   1.1025855754563534     
  -4.4906529620124203E-002 -0.17979079012788357       0.89831875842303510       -3.4584260782161477E-003   9.1385523959984331E-003
 first few columns of gr matrix
   7.7524700609618158      -0.27165545001418556       -1.5640712840894704        3.0604643892532128      -0.22057234228440062     
 -0.27165545001418545        9.7301266772247992      -0.30948358019004379      -0.22057234228440062        2.8035116872128305     
  -1.5640712840894713      -0.30948358019004374        8.7454327360816126      -0.91658157519923433       0.21112968489155715     
   2.1297972081585006      -0.19968085388877310      -0.62271116162986917        6.2060890803548610      -0.15096248814953694     
 -0.19968085388877310        1.9911515705149507       0.19916328181619661      -0.15096248814953694        7.7550771460600760     
 -0.62271116162986917       0.19916328181619661        2.4526281630747935       -1.2759661200807475      -0.29781992068116125     
  0.59103326695482250       0.11188836761578357       -4.1027835821378152E-002  0.60831047826098894       -1.1407336421481737E-002
  0.11188836761578357        1.0316211042366585      -0.16000284866518463       -1.1407336421481737E-002   1.2040596426945185     
  -4.1027835821378152E-002 -0.16000284866518463       0.62891716336597736       -2.5139619481337521E-004  -4.5930595074466915E-003
  
 about to enter dgetrf
 Just out of dgetrf:                 
  
  **** TRANSLATION/ROTATION FLOWS ****
     U(X-Z) =     1.000     0.000     0.000 A/SEC
  OMGA(X-Z) =     0.000     0.000     0.000 RAD/S

 FTOTH(X-Z) =   -0.12491E+02    0.92691E-01   -0.45526E+00
 TTOTH(X-Z) =   -0.24563E+01    0.73870E+01   -0.44713E+01

     U(X-Z) =     0.000     1.000     0.000 A/SEC
  OMGA(X-Z) =     0.000     0.000     0.000 RAD/S

 FTOTH(X-Z) =    0.92788E-01   -0.12806E+02   -0.18993E+00
 TTOTH(X-Z) =   -0.45770E+01    0.13462E-01   -0.59961E+01

     U(X-Z) =     0.000     0.000     1.000 A/SEC
  OMGA(X-Z) =     0.000     0.000     0.000 RAD/S

 FTOTH(X-Z) =   -0.45531E+00   -0.18997E+00   -0.12986E+02
 TTOTH(X-Z) =    0.65574E+01    0.29339E+01    0.23825E+01

     U(X-Z) =     0.000     0.000     0.000 A/SEC
  OMGA(X-Z) =     1.000     0.000     0.000 RAD/S

 FTOTH(X-Z) =   -0.24764E+01   -0.45743E+01    0.66488E+01
 TTOTH(X-Z) =   -0.49454E+04    0.18799E+03   -0.83004E+03

     U(X-Z) =     0.000     0.000     0.000 A/SEC
  OMGA(X-Z) =     0.000     1.000     0.000 RAD/S

 FTOTH(X-Z) =    0.73704E+01    0.32939E-01    0.29429E+01
 TTOTH(X-Z) =    0.18757E+03   -0.57666E+04   -0.28516E+03

     U(X-Z) =     0.000     0.000     0.000 A/SEC
  OMGA(X-Z) =     0.000     0.000     1.000 RAD/S

 FTOTH(X-Z) =   -0.45168E+01   -0.60018E+01    0.24063E+01
 TTOTH(X-Z) =   -0.82941E+03   -0.28442E+03   -0.53383E+04

 I,J,Ktt,Ktr,Krt,Krr=    1    1  0.1249E+02  0.2456E+01  0.2476E+01  0.4945E+04
 I,J,Ktt,Ktr,Krt,Krr=    1    2 -0.9279E-01  0.4577E+01 -0.7370E+01 -0.1876E+03
 I,J,Ktt,Ktr,Krt,Krr=    1    3  0.4553E+00 -0.6557E+01  0.4517E+01  0.8294E+03
 I,J,Ktt,Ktr,Krt,Krr=    2    1 -0.9269E-01 -0.7387E+01  0.4574E+01 -0.1880E+03
 I,J,Ktt,Ktr,Krt,Krr=    2    2  0.1281E+02 -0.1346E-01 -0.3294E-01  0.5767E+04
 I,J,Ktt,Ktr,Krt,Krr=    2    3  0.1900E+00 -0.2934E+01  0.6002E+01  0.2844E+03
 I,J,Ktt,Ktr,Krt,Krr=    3    1  0.4553E+00  0.4471E+01 -0.6649E+01  0.8300E+03
 I,J,Ktt,Ktr,Krt,Krr=    3    2  0.1899E+00  0.5996E+01 -0.2943E+01  0.2852E+03
 I,J,Ktt,Ktr,Krt,Krr=    3    3  0.1299E+02 -0.2383E+01 -0.2406E+01  0.5338E+04
  
  Friction Tensors in Center of Resistance
  
  Ktt Tensor (A)
    0.12491E+02   -0.92788E-01    0.45531E+00
   -0.92691E-01    0.12806E+02    0.18997E+00
    0.45526E+00    0.18993E+00    0.12986E+02
  
  Symmetric Krt Tensor (A^2)
    0.24664E+01   -0.73787E+01    0.44940E+01
    0.45756E+01   -0.23200E-01    0.59990E+01
   -0.66031E+01   -0.29384E+01   -0.23944E+01
  
  Krr Tensor (A^3)
    0.49454E+04   -0.18757E+03    0.82941E+03
   -0.18799E+03    0.57666E+04    0.28442E+03
    0.83004E+03    0.28516E+03    0.53383E+04
  
 Raw Dtt tensor (no rot/trans coupling correction)
    0.80164E-01    0.62264E-03   -0.28197E-02
    0.62204E-03    0.78108E-01   -0.11644E-02
   -0.28194E-02   -0.11642E-02    0.77120E-01
  
 Raw Drr tensor (no rot/trans coupling correction)
    0.20803E-03    0.83867E-05   -0.32768E-04
    0.83991E-05    0.17421E-03   -0.10587E-04
   -0.32794E-04   -0.10610E-04    0.19298E-03
  
 Raw Dtt tensor, before CD transformation
    0.80162E-01    0.62155E-03   -0.27476E-02
    0.62337E-03    0.78108E-01   -0.12006E-02
   -0.28222E-02   -0.11653E-02    0.77196E-01
  
 Program finished at:                
 Elapsed time CPU_TIME:   51.143999999999998     
