 BEST ver.3.90 SFSU/ARAGON
  
 control gtensor value=   1.0000000000000000     
 true area (A^2)=    4365.9920000000002     
 total area (A^2) =    4171.3337454546127     
 centroid coords =    1.2169060139014776       0.95312556663644743       -4.9333401329706792     
  
 first few rows of gr matrix
   7.7455545759904663      -0.27141312348248836       -1.5626760756753542        2.1259991899127648      -0.19932476762690340     
 -0.27141312348248847        9.7214470506958950      -0.30920750959178872      -0.19932476762690340        1.9876007958374968     
  -1.5626760756753546      -0.30920750959178883        8.7376314923259137      -0.62160069517577021       0.19880811852866812     
   3.0550067336856865      -0.22017900071305677      -0.91494705641360685        6.2005530234041668      -0.15082782412506135     
 -0.22017900071305677        2.7985122494732280       0.21075318219338340      -0.15082782412506113        7.7481593354740950     
 -0.91494705641360685       0.21075318219338340        3.5675711855051553       -1.2748279119408936      -0.29755425449097284     
  0.87571461209526735       0.14617126160543048       -4.4826448841448832E-002  0.55649090178809402       -3.1163616268413724E-003
  0.14617126160543048        1.5871864402377474      -0.17947017335803087       -3.1163616268413724E-003   1.1006193600265344     
  -4.4826448841448832E-002 -0.17947017335803087       0.89671680729740277       -3.4522587467461863E-003   9.1222558262556378E-003
 first few columns of gr matrix
   7.7455545759904663      -0.27141312348248847       -1.5626760756753546        3.0550067336856865      -0.22017900071305677     
 -0.27141312348248836        9.7214470506958950      -0.30920750959178883      -0.22017900071305677        2.7985122494732280     
  -1.5626760756753542      -0.30920750959178872        8.7376314923259137      -0.91494705641360685       0.21075318219338340     
   2.1259991899127648      -0.19932476762690340      -0.62160069517577021        6.2005530234041668      -0.15082782412506113     
 -0.19932476762690340        1.9876007958374968       0.19880811852866812      -0.15082782412506135        7.7481593354740950     
 -0.62160069517577021       0.19880811852866812        2.4482544478320083       -1.2748279119408932      -0.29755425449097322     
  0.58997929095976875       0.11168883967008882       -4.0954671827907019E-002  0.60722569221344591       -1.1386993981507564E-002
  0.11168883967008882        1.0297814381118420      -0.15971751927500988       -1.1386993981507564E-002   1.2019124709007016     
  -4.0954671827907019E-002 -0.15971751927500988       0.62779562989210003       -2.5094788577665418E-004  -4.5848688103484253E-003
  
 about to enter dgetrf
 Just out of dgetrf:                 
  
  **** TRANSLATION/ROTATION FLOWS ****
     U(X-Z) =     1.000     0.000     0.000 A/SEC
  OMGA(X-Z) =     0.000     0.000     0.000 RAD/S

 FTOTH(X-Z) =   -0.12498E+02    0.91677E-01   -0.45588E+00
 TTOTH(X-Z) =   -0.24715E+01    0.71485E+01   -0.44579E+01

     U(X-Z) =     0.000     1.000     0.000 A/SEC
  OMGA(X-Z) =     0.000     0.000     0.000 RAD/S

 FTOTH(X-Z) =    0.91799E-01   -0.12819E+02   -0.18833E+00
 TTOTH(X-Z) =   -0.44027E+01    0.43160E-01   -0.64196E+01

     U(X-Z) =     0.000     0.000     1.000 A/SEC
  OMGA(X-Z) =     0.000     0.000     0.000 RAD/S

 FTOTH(X-Z) =   -0.45591E+00   -0.18838E+00   -0.12996E+02
 TTOTH(X-Z) =    0.65114E+01    0.32421E+01    0.23561E+01

     U(X-Z) =     0.000     0.000     0.000 A/SEC
  OMGA(X-Z) =     1.000     0.000     0.000 RAD/S

 FTOTH(X-Z) =   -0.24800E+01   -0.43993E+01    0.65930E+01
 TTOTH(X-Z) =   -0.49564E+04    0.18444E+03   -0.83517E+03

     U(X-Z) =     0.000     0.000     0.000 A/SEC
  OMGA(X-Z) =     0.000     1.000     0.000 RAD/S

 FTOTH(X-Z) =    0.71294E+01    0.59992E-01    0.32666E+01
 TTOTH(X-Z) =    0.18541E+03   -0.57845E+04   -0.28022E+03

     U(X-Z) =     0.000     0.000     0.000 A/SEC
  OMGA(X-Z) =     0.000     0.000     1.000 RAD/S

 FTOTH(X-Z) =   -0.44772E+01   -0.64289E+01    0.23870E+01
 TTOTH(X-Z) =   -0.83426E+03   -0.28003E+03   -0.53496E+04

 I,J,Ktt,Ktr,Krt,Krr=    1    1  0.1250E+02  0.2472E+01  0.2480E+01  0.4956E+04
 I,J,Ktt,Ktr,Krt,Krr=    1    2 -0.9180E-01  0.4403E+01 -0.7129E+01 -0.1854E+03
 I,J,Ktt,Ktr,Krt,Krr=    1    3  0.4559E+00 -0.6511E+01  0.4477E+01  0.8343E+03
 I,J,Ktt,Ktr,Krt,Krr=    2    1 -0.9168E-01 -0.7149E+01  0.4399E+01 -0.1844E+03
 I,J,Ktt,Ktr,Krt,Krr=    2    2  0.1282E+02 -0.4316E-01 -0.5999E-01  0.5785E+04
 I,J,Ktt,Ktr,Krt,Krr=    2    3  0.1884E+00 -0.3242E+01  0.6429E+01  0.2800E+03
 I,J,Ktt,Ktr,Krt,Krr=    3    1  0.4559E+00  0.4458E+01 -0.6593E+01  0.8352E+03
 I,J,Ktt,Ktr,Krt,Krr=    3    2  0.1883E+00  0.6420E+01 -0.3267E+01  0.2802E+03
 I,J,Ktt,Ktr,Krt,Krr=    3    3  0.1300E+02 -0.2356E+01 -0.2387E+01  0.5350E+04
  
  Friction Tensors in Center of Resistance
  
  Ktt Tensor (A)
    0.12498E+02   -0.91799E-01    0.45591E+00
   -0.91677E-01    0.12819E+02    0.18838E+00
    0.45588E+00    0.18833E+00    0.12996E+02
  
  Symmetric Krt Tensor (A^2)
    0.24758E+01   -0.71390E+01    0.44676E+01
    0.44010E+01   -0.51576E-01    0.64243E+01
   -0.65522E+01   -0.32544E+01   -0.23716E+01
  
  Krr Tensor (A^3)
    0.49564E+04   -0.18541E+03    0.83426E+03
   -0.18444E+03    0.57845E+04    0.28003E+03
    0.83517E+03    0.28022E+03    0.53496E+04
  
 Raw Dtt tensor (no rot/trans coupling correction)
    0.80117E-01    0.61515E-03   -0.28195E-02
    0.61439E-03    0.78029E-01   -0.11526E-02
   -0.28193E-02   -0.11523E-02    0.77063E-01
  
 Raw Drr tensor (no rot/trans coupling correction)
    0.20759E-03    0.82432E-05   -0.32806E-04
    0.82087E-05    0.17364E-03   -0.10369E-04
   -0.32839E-04   -0.10383E-04    0.19260E-03
  
 Raw Dtt tensor, before CD transformation
    0.80115E-01    0.61407E-03   -0.27473E-02
    0.61561E-03    0.78029E-01   -0.11860E-02
   -0.28223E-02   -0.11535E-02    0.77143E-01
  
 Program finished at:                
 Elapsed time CPU_TIME:   60.019999999999996     
