 BEST ver.3.90 SFSU/ARAGON
  
 control gtensor value=   1.0000000000000000     
 true area (A^2)=    8113.3540000000003     
 total area (A^2) =    7738.6388024645903     
 centroid coords =    2.4539706588623718        8.1941233678523009        23.309335059282564     
  
 first few rows of gr matrix
   4.1310639839856664      -0.28886411480280183       0.30057355736626534       0.98185153321265317        8.8082905656264060E-002
 -0.28886411480280183        3.3297024564580591       0.56718563748855133        8.8082905656264060E-002   1.3222511518356577     
  0.30057355736626507       0.56718563748855111        4.3033871576342380       0.13892399670905264       0.39624770333114223     
  0.50659614896977345        3.3457798682610437E-002   4.9938142663837934E-002   5.2825739277881647      -0.88582946049374045     
   3.3457798682610437E-002  0.69940928061099805       0.22621492942639759      -0.88582946049374023        6.4372704626837924     
   4.9938142663837934E-002  0.22621492942639759       0.75299308674949428       0.56836193414355951       0.21438371087426167     
  0.30571713287126856       -1.6712782588535768E-003   3.4636728074060289E-003  0.96822532786011095       -5.6230517103429280E-002
  -1.6712782588535768E-003  0.59327106991027867        3.0830311057277703E-002  -5.6230517103429280E-002   1.5974251216739765     
   3.4636728074060289E-003   3.0830311057277703E-002  0.31506653755126074        4.5022778463084411E-002 -0.38928859483271405     
 first few columns of gr matrix
   4.1310639839856664      -0.28886411480280183       0.30057355736626507       0.50659614896977345        3.3457798682610437E-002
 -0.28886411480280183        3.3297024564580591       0.56718563748855111        3.3457798682610437E-002  0.69940928061099805     
  0.30057355736626534       0.56718563748855133        4.3033871576342380        4.9938142663837934E-002  0.22621492942639759     
  0.98185153321265317        8.8082905656264060E-002  0.13892399670905264        5.2825739277881647      -0.88582946049374023     
   8.8082905656264060E-002   1.3222511518356577       0.39624770333114223      -0.88582946049374045        6.4372704626837924     
  0.13892399670905264       0.39624770333114223        1.4237596328411648       0.56836193414355973       0.21438371087426167     
  0.43536284715580226        1.4474689738178460E-002  -2.0540774324089572E-003  0.61535480821498345       -7.6991298983486001E-002
   1.4474689738178460E-002  0.85034962461813235        4.5107300209120460E-002  -7.6991298983486001E-002  0.95529199763150197     
  -2.0540774324089572E-003   4.5107300209120460E-002  0.44072122606537240        5.2583192663283797E-002 -0.25698959257019516     
  
 about to enter dgetrf
 Just out of dgetrf:                 
  
  **** TRANSLATION/ROTATION FLOWS ****
     U(X-Z) =     1.000     0.000     0.000 A/SEC
  OMGA(X-Z) =     0.000     0.000     0.000 RAD/S

 FTOTH(X-Z) =   -0.16932E+02   -0.16922E-02    0.69134E-01
 TTOTH(X-Z) =    0.30061E+00   -0.13143E+01   -0.42266E+01

     U(X-Z) =     0.000     1.000     0.000 A/SEC
  OMGA(X-Z) =     0.000     0.000     0.000 RAD/S

 FTOTH(X-Z) =   -0.14374E-02   -0.17507E+02   -0.30462E+00
 TTOTH(X-Z) =    0.14695E+01   -0.11639E+00    0.16488E+01

     U(X-Z) =     0.000     0.000     1.000 A/SEC
  OMGA(X-Z) =     0.000     0.000     0.000 RAD/S

 FTOTH(X-Z) =    0.68592E-01   -0.30480E+00   -0.16578E+02
 TTOTH(X-Z) =    0.50431E+01   -0.35022E+01   -0.18266E+00

     U(X-Z) =     0.000     0.000     0.000 A/SEC
  OMGA(X-Z) =     1.000     0.000     0.000 RAD/S

 FTOTH(X-Z) =    0.31294E+00    0.14780E+01    0.49940E+01
 TTOTH(X-Z) =   -0.12061E+05   -0.40285E+01    0.17058E+03

     U(X-Z) =     0.000     0.000     0.000 A/SEC
  OMGA(X-Z) =     0.000     1.000     0.000 RAD/S

 FTOTH(X-Z) =   -0.13309E+01   -0.14015E+00   -0.34794E+01
 TTOTH(X-Z) =   -0.36279E+01   -0.13064E+05   -0.68574E+03

     U(X-Z) =     0.000     0.000     0.000 A/SEC
  OMGA(X-Z) =     0.000     0.000     1.000 RAD/S

 FTOTH(X-Z) =   -0.42302E+01    0.16209E+01   -0.19792E+00
 TTOTH(X-Z) =    0.16870E+03   -0.68612E+03   -0.11011E+05

 I,J,Ktt,Ktr,Krt,Krr=    1    1  0.1693E+02 -0.3006E+00 -0.3129E+00  0.1206E+05
 I,J,Ktt,Ktr,Krt,Krr=    1    2  0.1437E-02 -0.1470E+01  0.1331E+01  0.3628E+01
 I,J,Ktt,Ktr,Krt,Krr=    1    3 -0.6859E-01 -0.5043E+01  0.4230E+01 -0.1687E+03
 I,J,Ktt,Ktr,Krt,Krr=    2    1  0.1692E-02  0.1314E+01 -0.1478E+01  0.4028E+01
 I,J,Ktt,Ktr,Krt,Krr=    2    2  0.1751E+02  0.1164E+00  0.1402E+00  0.1306E+05
 I,J,Ktt,Ktr,Krt,Krr=    2    3  0.3048E+00  0.3502E+01 -0.1621E+01  0.6861E+03
 I,J,Ktt,Ktr,Krt,Krr=    3    1 -0.6913E-01  0.4227E+01 -0.4994E+01 -0.1706E+03
 I,J,Ktt,Ktr,Krt,Krr=    3    2  0.3046E+00 -0.1649E+01  0.3479E+01  0.6857E+03
 I,J,Ktt,Ktr,Krt,Krr=    3    3  0.1658E+02  0.1827E+00  0.1979E+00  0.1101E+05
  
  Friction Tensors in Center of Resistance
  
  Ktt Tensor (A)
    0.16932E+02    0.14374E-02   -0.68592E-01
    0.16922E-02    0.17507E+02    0.30480E+00
   -0.69134E-01    0.30462E+00    0.16578E+02
  
  Symmetric Krt Tensor (A^2)
   -0.30678E+00    0.13226E+01    0.42284E+01
   -0.14738E+01    0.12827E+00   -0.16348E+01
   -0.50186E+01    0.34908E+01    0.19029E+00
  
  Krr Tensor (A^3)
    0.12061E+05    0.36279E+01   -0.16870E+03
    0.40285E+01    0.13064E+05    0.68612E+03
   -0.17058E+03    0.68574E+03    0.11011E+05
  
 Raw Dtt tensor (no rot/trans coupling correction)
    0.59062E-01   -0.91042E-05    0.24454E-03
   -0.10000E-04    0.57139E-01   -0.10506E-02
    0.24648E-03   -0.10500E-02    0.60341E-01
  
 Raw Drr tensor (no rot/trans coupling correction)
    0.82929E-04   -0.90016E-07    0.12761E-05
   -0.93351E-07    0.76798E-04   -0.47869E-05
    0.12905E-05   -0.47842E-05    0.91136E-04
  
 Raw Dtt tensor, before CD transformation
    0.59062E-01   -0.91001E-05    0.24430E-03
   -0.99931E-05    0.57139E-01   -0.10488E-02
    0.24651E-03   -0.10501E-02    0.60347E-01
  
 Program finished at:                
 Elapsed time CPU_TIME:   250.59600000000000     
