 BEST ver.3.90 SFSU/ARAGON
  
 control gtensor value=   1.0000000000000000     
 true area (A^2)=    8113.3540000000003     
 total area (A^2) =    7540.4327760821689     
 centroid coords =    2.3034351171738345        8.0121330884924813        23.265616474291726     
  
 first few rows of gr matrix
   6.1259038584160539       -1.2331409808669953      -0.21043739471275968        2.1431785754813992       -8.6402427528897888E-002
  -1.2331409808669958        7.0467106635345367       -8.7515357452535081E-002  -8.6402427528897888E-002   2.1848923323994240     
 -0.21043739471275924       -8.7515357452535525E-002   7.8304917849068163      -0.17628692360210221       0.37177549899850637     
  0.75101299397640531       -1.9779845534685012E-002  -6.2971255763836873E-002   11.443068497055664       -2.2297475734281447     
  -1.9779845534685012E-002  0.77998345201120245       0.14523908378715714       -2.2297475734281456        10.893632164157129     
  -6.2971255763836873E-002  0.14523908378715714        1.4297307759200151       0.37053973032153475       0.35149759865335839     
  0.53650248135188039       -6.2472691110533355E-003  -6.5252867606292425E-002   5.6114018089822650      -0.18499788990921229     
  -6.2472691110533355E-003  0.53168055647252566        2.8290900007427486E-002 -0.18499788990921229        5.5496840906893592     
  -6.5252867606292425E-002   2.8290900007427486E-002   1.0371445267941393      -0.70186968107637804      -0.88670492841459747     
 first few columns of gr matrix
   6.1259038584160539       -1.2331409808669958      -0.21043739471275924       0.75101299397640531       -1.9779845534685012E-002
  -1.2331409808669953        7.0467106635345367       -8.7515357452535525E-002  -1.9779845534685012E-002  0.77998345201120245     
 -0.21043739471275968       -8.7515357452535081E-002   7.8304917849068163       -6.2971255763836873E-002  0.14523908378715714     
   2.1431785754813992       -8.6402427528897888E-002 -0.17628692360210221        11.443068497055664       -2.2297475734281456     
  -8.6402427528897888E-002   2.1848923323994240       0.37177549899850637       -2.2297475734281447        10.893632164157129     
 -0.17628692360210221       0.37177549899850637        3.9386138866232945       0.37053973032153475       0.35149759865335928     
  0.72005851453083403       -1.5246167813315671E-002  -6.5752228575972807E-002   2.3995482480988573      -0.15505198422924127     
  -1.5246167813315671E-002  0.71499641971084082        5.2067275083042361E-002 -0.15505198422924127        2.3747391834155418     
  -6.5752228575972807E-002   5.2067275083042361E-002   1.3598681906592986      -0.20962229134960803      -0.27307995091415044     
  
 about to enter dgetrf
 Just out of dgetrf:                 
  
  **** TRANSLATION/ROTATION FLOWS ****
     U(X-Z) =     1.000     0.000     0.000 A/SEC
  OMGA(X-Z) =     0.000     0.000     0.000 RAD/S

 FTOTH(X-Z) =   -0.16825E+02   -0.38026E-02    0.58652E-01
 TTOTH(X-Z) =    0.25490E+00   -0.25102E+01   -0.16579E+01

     U(X-Z) =     0.000     1.000     0.000 A/SEC
  OMGA(X-Z) =     0.000     0.000     0.000 RAD/S

 FTOTH(X-Z) =   -0.37830E-02   -0.17401E+02   -0.30855E+00
 TTOTH(X-Z) =    0.27524E+01   -0.29063E-01   -0.12363E+01

     U(X-Z) =     0.000     0.000     1.000 A/SEC
  OMGA(X-Z) =     0.000     0.000     0.000 RAD/S

 FTOTH(X-Z) =    0.58427E-01   -0.30840E+00   -0.16469E+02
 TTOTH(X-Z) =    0.26410E+01   -0.73531E+00   -0.22696E+00

     U(X-Z) =     0.000     0.000     0.000 A/SEC
  OMGA(X-Z) =     1.000     0.000     0.000 RAD/S

 FTOTH(X-Z) =    0.26156E+00    0.27928E+01    0.25680E+01
 TTOTH(X-Z) =   -0.11855E+05   -0.83266E+01    0.15551E+03

     U(X-Z) =     0.000     0.000     0.000 A/SEC
  OMGA(X-Z) =     0.000     1.000     0.000 RAD/S

 FTOTH(X-Z) =   -0.25846E+01    0.51392E-02   -0.87252E+00
 TTOTH(X-Z) =   -0.95100E+01   -0.12837E+05   -0.67726E+03

     U(X-Z) =     0.000     0.000     0.000 A/SEC
  OMGA(X-Z) =     0.000     0.000     1.000 RAD/S

 FTOTH(X-Z) =   -0.16062E+01   -0.11689E+01   -0.27043E+00
 TTOTH(X-Z) =    0.15318E+03   -0.67778E+03   -0.10787E+05

 I,J,Ktt,Ktr,Krt,Krr=    1    1  0.1682E+02 -0.2549E+00 -0.2616E+00  0.1185E+05
 I,J,Ktt,Ktr,Krt,Krr=    1    2  0.3783E-02 -0.2752E+01  0.2585E+01  0.9510E+01
 I,J,Ktt,Ktr,Krt,Krr=    1    3 -0.5843E-01 -0.2641E+01  0.1606E+01 -0.1532E+03
 I,J,Ktt,Ktr,Krt,Krr=    2    1  0.3803E-02  0.2510E+01 -0.2793E+01  0.8327E+01
 I,J,Ktt,Ktr,Krt,Krr=    2    2  0.1740E+02  0.2906E-01 -0.5139E-02  0.1284E+05
 I,J,Ktt,Ktr,Krt,Krr=    2    3  0.3084E+00  0.7353E+00  0.1169E+01  0.6778E+03
 I,J,Ktt,Ktr,Krt,Krr=    3    1 -0.5865E-01  0.1658E+01 -0.2568E+01 -0.1555E+03
 I,J,Ktt,Ktr,Krt,Krr=    3    2  0.3086E+00  0.1236E+01  0.8725E+00  0.6773E+03
 I,J,Ktt,Ktr,Krt,Krr=    3    3  0.1647E+02  0.2270E+00  0.2704E+00  0.1079E+05
  
  Friction Tensors in Center of Resistance
  
  Ktt Tensor (A)
    0.16825E+02    0.37830E-02   -0.58427E-01
    0.38026E-02    0.17401E+02    0.30840E+00
   -0.58652E-01    0.30855E+00    0.16469E+02
  
  Symmetric Krt Tensor (A^2)
   -0.25823E+00    0.25474E+01    0.16320E+01
   -0.27726E+01    0.11962E-01    0.12026E+01
   -0.26045E+01    0.80391E+00    0.24869E+00
  
  Krr Tensor (A^3)
    0.11855E+05    0.95100E+01   -0.15318E+03
    0.83266E+01    0.12837E+05    0.67778E+03
   -0.15551E+03    0.67726E+03    0.10787E+05
  
 Raw Dtt tensor (no rot/trans coupling correction)
    0.59437E-01   -0.16666E-04    0.21117E-03
   -0.16746E-04    0.57487E-01   -0.10766E-02
    0.21199E-03   -0.10771E-02    0.60740E-01
  
 Raw Drr tensor (no rot/trans coupling correction)
    0.84370E-04   -0.12613E-06    0.12060E-05
   -0.11934E-06    0.78161E-04   -0.49126E-05
    0.12237E-05   -0.49090E-05    0.93026E-04
  
 Raw Dtt tensor, before CD transformation
    0.59437E-01   -0.16644E-04    0.20994E-03
   -0.16741E-04    0.57487E-01   -0.10753E-02
    0.21199E-03   -0.10771E-02    0.60741E-01
  
 Program finished at:                
 Elapsed time CPU_TIME:   28.848000000000003     
