 BEST ver.3.90 SFSU/ARAGON
  
 control gtensor value=   1.0000000000000000     
 true area (A^2)=    8113.3540000000003     
 total area (A^2) =    7590.4311667096745     
 centroid coords =    2.2554579110360344        8.0029415822072050        23.391393581081108     
  
 first few rows of gr matrix
   6.1056947706208025       -1.2290729029274394      -0.20974317098946177        2.1290613959367937       -8.5833292228429114E-002
  -1.2290729029274399        7.0234638745286251       -8.7226648131744133E-002  -8.5833292228429114E-002   2.1705003831260474     
 -0.20974317098946177       -8.7226648131744577E-002   7.8046593364031107      -0.17512571651449496       0.36932660298503772     
  0.74606604956515155       -1.9649555117464353E-002  -6.2556462272553515E-002   11.405318316633501       -2.2223917341080819     
  -1.9649555117464353E-002  0.77484567835116558       0.14428238972247459       -2.2223917341080828        10.857694550067386     
  -6.2556462272553515E-002  0.14428238972247459        1.4203130977596321       0.36931733602433869       0.35033802351225429     
  0.53296852391967231       -6.2061181679106533E-003  -6.4823045071513291E-002   5.5744393422328402      -0.18377930343345042     
  -6.2061181679106533E-003  0.52817836119959405        2.8104547027114738E-002 -0.18377930343345042        5.5131281603434701     
  -6.4823045071513291E-002   2.8104547027114738E-002   1.0303128256629490      -0.69724644509500466      -0.88086417728880162     
 first few columns of gr matrix
   6.1056947706208025       -1.2290729029274399      -0.20974317098946177       0.74606604956515155       -1.9649555117464353E-002
  -1.2290729029274394        7.0234638745286251       -8.7226648131744577E-002  -1.9649555117464353E-002  0.77484567835116558     
 -0.20974317098946177       -8.7226648131744133E-002   7.8046593364031107       -6.2556462272553515E-002  0.14428238972247459     
   2.1290613959367937       -8.5833292228429114E-002 -0.17512571651449496        11.405318316633501       -2.2223917341080828     
  -8.5833292228429114E-002   2.1705003831260474       0.36932660298503772       -2.2223917341080819        10.857694550067386     
 -0.17512571651449496       0.36932660298503772        3.9126701225196192       0.36931733602433869       0.35033802351225374     
  0.71531546817504077       -1.5145740862967253E-002  -6.5319116735978011E-002   2.3837423540721630      -0.15403065230424498     
  -1.5145740862967253E-002  0.71028671752070072        5.1724306429307781E-002 -0.15403065230424498        2.3590967074187161     
  -6.5319116735978011E-002   5.1724306429307781E-002   1.3509106993778173      -0.20824150322612378      -0.27128116534341462     
  
 about to enter dgetrf
 Just out of dgetrf:                 
  
  **** TRANSLATION/ROTATION FLOWS ****
     U(X-Z) =     1.000     0.000     0.000 A/SEC
  OMGA(X-Z) =     0.000     0.000     0.000 RAD/S

 FTOTH(X-Z) =   -0.16853E+02   -0.10553E-02    0.61466E-01
 TTOTH(X-Z) =    0.21434E+00   -0.27044E-01   -0.85937E+00

     U(X-Z) =     0.000     1.000     0.000 A/SEC
  OMGA(X-Z) =     0.000     0.000     0.000 RAD/S

 FTOTH(X-Z) =   -0.10732E-02   -0.17430E+02   -0.30803E+00
 TTOTH(X-Z) =    0.22324E+00    0.71539E-02   -0.20507E+01

     U(X-Z) =     0.000     0.000     1.000 A/SEC
  OMGA(X-Z) =     0.000     0.000     0.000 RAD/S

 FTOTH(X-Z) =    0.61287E-01   -0.30782E+00   -0.16500E+02
 TTOTH(X-Z) =    0.18562E+01    0.23570E-01   -0.24373E+00

     U(X-Z) =     0.000     0.000     0.000 A/SEC
  OMGA(X-Z) =     1.000     0.000     0.000 RAD/S

 FTOTH(X-Z) =    0.25577E+00    0.27895E+00    0.18186E+01
 TTOTH(X-Z) =   -0.11910E+05   -0.70914E+01    0.16858E+03

     U(X-Z) =     0.000     0.000     0.000 A/SEC
  OMGA(X-Z) =     0.000     1.000     0.000 RAD/S

 FTOTH(X-Z) =   -0.11627E+00    0.95760E-02   -0.94995E-01
 TTOTH(X-Z) =   -0.72701E+01   -0.12897E+05   -0.67989E+03

     U(X-Z) =     0.000     0.000     0.000 A/SEC
  OMGA(X-Z) =     0.000     0.000     1.000 RAD/S

 FTOTH(X-Z) =   -0.89101E+00   -0.19642E+01   -0.26656E+00
 TTOTH(X-Z) =    0.16003E+03   -0.67673E+03   -0.10855E+05

 I,J,Ktt,Ktr,Krt,Krr=    1    1  0.1685E+02 -0.2143E+00 -0.2558E+00  0.1191E+05
 I,J,Ktt,Ktr,Krt,Krr=    1    2  0.1073E-02 -0.2232E+00  0.1163E+00  0.7270E+01
 I,J,Ktt,Ktr,Krt,Krr=    1    3 -0.6129E-01 -0.1856E+01  0.8910E+00 -0.1600E+03
 I,J,Ktt,Ktr,Krt,Krr=    2    1  0.1055E-02  0.2704E-01 -0.2789E+00  0.7091E+01
 I,J,Ktt,Ktr,Krt,Krr=    2    2  0.1743E+02 -0.7154E-02 -0.9576E-02  0.1290E+05
 I,J,Ktt,Ktr,Krt,Krr=    2    3  0.3078E+00 -0.2357E-01  0.1964E+01  0.6767E+03
 I,J,Ktt,Ktr,Krt,Krr=    3    1 -0.6147E-01  0.8594E+00 -0.1819E+01 -0.1686E+03
 I,J,Ktt,Ktr,Krt,Krr=    3    2  0.3080E+00  0.2051E+01  0.9500E-01  0.6799E+03
 I,J,Ktt,Ktr,Krt,Krr=    3    3  0.1650E+02  0.2437E+00  0.2666E+00  0.1085E+05
  
  Friction Tensors in Center of Resistance
  
  Ktt Tensor (A)
    0.16853E+02    0.10732E-02   -0.61287E-01
    0.10553E-02    0.17430E+02    0.30782E+00
   -0.61466E-01    0.30803E+00    0.16500E+02
  
  Symmetric Krt Tensor (A^2)
   -0.23506E+00    0.71655E-01    0.87519E+00
   -0.25109E+00   -0.83649E-02    0.20075E+01
   -0.18374E+01    0.35712E-01    0.25514E+00
  
  Krr Tensor (A^3)
    0.11910E+05    0.72701E+01   -0.16003E+03
    0.70914E+01    0.12897E+05    0.67673E+03
   -0.16858E+03    0.67989E+03    0.10855E+05
  
 Raw Dtt tensor (no rot/trans coupling correction)
    0.59336E-01   -0.75508E-05    0.22054E-03
   -0.74984E-05    0.57390E-01   -0.10707E-02
    0.22118E-03   -0.10714E-02    0.60629E-01
  
 Raw Drr tensor (no rot/trans coupling correction)
    0.83982E-04   -0.11298E-06    0.12452E-05
   -0.11499E-06    0.77791E-04   -0.48515E-05
    0.13115E-05   -0.48742E-05    0.92448E-04
  
 Raw Dtt tensor, before CD transformation
    0.59336E-01   -0.75456E-05    0.22025E-03
   -0.74985E-05    0.57390E-01   -0.10707E-02
    0.22119E-03   -0.10715E-02    0.60630E-01
  
 Program finished at:                
 Elapsed time CPU_TIME:   48.036000000000001     
