 BEST ver.3.90 SFSU/ARAGON
  
 control gtensor value=   1.0000000000000000     
 true area (A^2)=    8113.3540000000003     
 total area (A^2) =    7666.3861557931468     
 centroid coords =    2.2233256572029467        7.8247993690851896        23.255431335436370     
  
 first few rows of gr matrix
   4.1504851512969694      -0.29022213741527292       0.30198662900340095        1.1410464793397281        8.2541445092842534E-003
 -0.29022213741527281        3.3453562223533377       0.56985211934526747        8.2541445092842534E-003   1.6355356575970630     
  0.30198662900340106       0.56985211934526769        4.3236184593806435        4.1089295224754407E-002  0.49840570825787400     
  0.46124063360309375       -3.7889893839355794E-002  -2.0644245347532519E-002   6.0753732885983256       -1.2229692057511987     
  -3.7889893839355794E-002  0.68824471951923571       0.20469852104097080       -1.2229692057511987        6.9885846606786703     
  -2.0644245347532519E-002  0.20469852104097080       0.63379113991158242      -0.20870156572955029       -8.6793471999859040E-002
  0.18266466034225612       -2.5648357351543472E-003  -7.2467880223519065E-003  0.69801473441774398       -6.8412031056669931E-003
  -2.5648357351543472E-003  0.20111517561772774        5.5904653789217357E-002  -6.8412031056669931E-003  0.70319263293721623     
  -7.2467880223519065E-003   5.5904653789217357E-002  0.34317271530869170       -6.8128276927365335E-003   3.1446057206921549E-002
 first few columns of gr matrix
   4.1504851512969694      -0.29022213741527281       0.30198662900340106       0.46124063360309375       -3.7889893839355794E-002
 -0.29022213741527292        3.3453562223533377       0.56985211934526769       -3.7889893839355794E-002  0.68824471951923571     
  0.30198662900340095       0.56985211934526747        4.3236184593806435       -2.0644245347532519E-002  0.20469852104097080     
   1.1410464793397281        8.2541445092842534E-003   4.1089295224754407E-002   6.0753732885983256       -1.2229692057511987     
   8.2541445092842534E-003   1.6355356575970630       0.49840570825787400       -1.2229692057511987        6.9885846606786703     
   4.1089295224754407E-002  0.49840570825787400        1.6701149306935950      -0.20870156572955029       -8.6793471999859984E-002
  0.79005514016395506       -9.6061486419633437E-003  -1.0347957187587123E-002   1.2710244602626579       -1.8705970344016002E-002
  -9.6061486419633437E-003  0.88162469337982430       0.24795590565627001       -1.8705970344016002E-002   1.2618075285182513     
  -1.0347957187587123E-002  0.24795590565627001        1.4611702599230068       -3.6348516056780786E-002   8.3018828746698081E-002
  
 about to enter dgetrf
 Just out of dgetrf:                 
  
  **** TRANSLATION/ROTATION FLOWS ****
     U(X-Z) =     1.000     0.000     0.000 A/SEC
  OMGA(X-Z) =     0.000     0.000     0.000 RAD/S

 FTOTH(X-Z) =   -0.16899E+02    0.22052E-02    0.64779E-01
 TTOTH(X-Z) =    0.32245E+00   -0.22101E+01    0.20550E+01

     U(X-Z) =     0.000     1.000     0.000 A/SEC
  OMGA(X-Z) =     0.000     0.000     0.000 RAD/S

 FTOTH(X-Z) =    0.20503E-02   -0.17467E+02   -0.30692E+00
 TTOTH(X-Z) =    0.22487E+01   -0.63267E-01   -0.23264E+01

     U(X-Z) =     0.000     0.000     1.000 A/SEC
  OMGA(X-Z) =     0.000     0.000     0.000 RAD/S

 FTOTH(X-Z) =    0.64727E-01   -0.30690E+00   -0.16541E+02
 TTOTH(X-Z) =   -0.11208E+01    0.21660E+00   -0.27062E+00

     U(X-Z) =     0.000     0.000     0.000 A/SEC
  OMGA(X-Z) =     1.000     0.000     0.000 RAD/S

 FTOTH(X-Z) =    0.34552E+00    0.22592E+01   -0.11548E+01
 TTOTH(X-Z) =   -0.11999E+05   -0.31766E+01    0.16564E+03

     U(X-Z) =     0.000     0.000     0.000 A/SEC
  OMGA(X-Z) =     0.000     1.000     0.000 RAD/S

 FTOTH(X-Z) =   -0.22194E+01   -0.78875E-01    0.14872E+00
 TTOTH(X-Z) =   -0.16596E+01   -0.12979E+05   -0.68140E+03

     U(X-Z) =     0.000     0.000     0.000 A/SEC
  OMGA(X-Z) =     0.000     0.000     1.000 RAD/S

 FTOTH(X-Z) =    0.20372E+01   -0.22763E+01   -0.26501E+00
 TTOTH(X-Z) =    0.15790E+03   -0.68143E+03   -0.10932E+05

 I,J,Ktt,Ktr,Krt,Krr=    1    1  0.1690E+02 -0.3225E+00 -0.3455E+00  0.1200E+05
 I,J,Ktt,Ktr,Krt,Krr=    1    2 -0.2050E-02 -0.2249E+01  0.2219E+01  0.1660E+01
 I,J,Ktt,Ktr,Krt,Krr=    1    3 -0.6473E-01  0.1121E+01 -0.2037E+01 -0.1579E+03
 I,J,Ktt,Ktr,Krt,Krr=    2    1 -0.2205E-02  0.2210E+01 -0.2259E+01  0.3177E+01
 I,J,Ktt,Ktr,Krt,Krr=    2    2  0.1747E+02  0.6327E-01  0.7887E-01  0.1298E+05
 I,J,Ktt,Ktr,Krt,Krr=    2    3  0.3069E+00 -0.2166E+00  0.2276E+01  0.6814E+03
 I,J,Ktt,Ktr,Krt,Krr=    3    1 -0.6478E-01 -0.2055E+01  0.1155E+01 -0.1656E+03
 I,J,Ktt,Ktr,Krt,Krr=    3    2  0.3069E+00  0.2326E+01 -0.1487E+00  0.6814E+03
 I,J,Ktt,Ktr,Krt,Krr=    3    3  0.1654E+02  0.2706E+00  0.2650E+00  0.1093E+05
  
  Friction Tensors in Center of Resistance
  
  Ktt Tensor (A)
    0.16899E+02   -0.20503E-02   -0.64727E-01
   -0.22052E-02    0.17467E+02    0.30690E+00
   -0.64779E-01    0.30692E+00    0.16541E+02
  
  Symmetric Krt Tensor (A^2)
   -0.33398E+00    0.22147E+01   -0.20461E+01
   -0.22539E+01    0.71071E-01    0.23014E+01
    0.11378E+01   -0.18266E+00    0.26781E+00
  
  Krr Tensor (A^3)
    0.11999E+05    0.16596E+01   -0.15790E+03
    0.31766E+01    0.12979E+05    0.68143E+03
   -0.16564E+03    0.68140E+03    0.10932E+05
  
 Raw Dtt tensor (no rot/trans coupling correction)
    0.59176E-01    0.28785E-05    0.23151E-03
    0.34002E-05    0.57271E-01   -0.10626E-02
    0.23168E-03   -0.10627E-02    0.60475E-01
  
 Raw Drr tensor (no rot/trans coupling correction)
    0.83358E-04   -0.74116E-07    0.12087E-05
   -0.87002E-07    0.77301E-04   -0.48199E-05
    0.12685E-05   -0.48196E-05    0.91797E-04
  
 Raw Dtt tensor, before CD transformation
    0.59176E-01    0.28990E-05    0.23034E-03
    0.33952E-05    0.57271E-01   -0.10639E-02
    0.23170E-03   -0.10627E-02    0.60478E-01
  
 Program finished at:                
 Elapsed time CPU_TIME:   113.06000000000000     
