 BEST ver.3.90 SFSU/ARAGON
  
 control gtensor value=   1.0000000000000000     
 true area (A^2)=    13157.830000000000     
 total area (A^2) =    11992.016923131392     
 centroid coords =    25.956347487001754       -2.7369237435008693        12.148544916233403     
  
 first few rows of gr matrix
   9.3609733888343634        1.4438507496291852       -1.0184414677395022        1.1087915410399356       0.31754487302428014     
   1.4438507496291852        8.8774135637633140       0.85046666185042685       0.31754487302428014        1.3013168500960546     
  -1.0184414677395031       0.85046666185042707        10.111254784338767      -0.20217619701165307      -0.25593255924807451     
   1.3763530501435086       0.37926667251226903      -0.22220073858003589        6.1505304027905048       0.27982647308728170     
  0.37926667251226903        1.8302998144599900      -0.36245399277890167       0.27982647308728181        9.5904280102935822     
 -0.22220073858003589      -0.36245399277890167        1.3670609447328665        2.9308532038583461E-002  0.18911954410906515     
   1.2776427261561216       0.32112157947833730       -4.0196893926064806E-002   2.2885481523117588      -0.10819350313614276     
  0.32112157947833730        2.1256232343132209       -4.1714953395962151E-002 -0.10819350313614276        2.4539493957862710     
  -4.0196893926064806E-002  -4.1714953395962151E-002   1.1852322492738621      -0.57304385361782084       0.35517037159569392     
 first few columns of gr matrix
   9.3609733888343634        1.4438507496291852       -1.0184414677395031        1.3763530501435086       0.37926667251226903     
   1.4438507496291852        8.8774135637633140       0.85046666185042707       0.37926667251226903        1.8302998144599900     
  -1.0184414677395022       0.85046666185042685        10.111254784338767      -0.22220073858003589      -0.36245399277890167     
   1.1087915410399356       0.31754487302428014      -0.20217619701165307        6.1505304027905048       0.27982647308728181     
  0.31754487302428014        1.3013168500960546      -0.25593255924807451       0.27982647308728170        9.5904280102935822     
 -0.20217619701165307      -0.25593255924807451        1.0311006828517382        2.9308532038583399E-002  0.18911954410906470     
   2.0380787423193247       0.59601499544635672      -0.14429171325678311        4.1106576957265091        2.5409703905069069E-004
  0.59601499544635672        2.9434089413672120      -0.17120848440651881        2.5409703905069069E-004   4.7993666492428275     
 -0.14429171325678311      -0.17120848440651881        1.7730454088322429      -0.79265918663061796       0.20784212244470374     
  
 about to enter dgetrf
 Just out of dgetrf:                 
  
  **** TRANSLATION/ROTATION FLOWS ****
     U(X-Z) =     1.000     0.000     0.000 A/SEC
  OMGA(X-Z) =     0.000     0.000     0.000 RAD/S

 FTOTH(X-Z) =   -0.21358E+02   -0.35092E-01   -0.56588E+00
 TTOTH(X-Z) =    0.19651E+01   -0.23603E+02   -0.16865E+02

     U(X-Z) =     0.000     1.000     0.000 A/SEC
  OMGA(X-Z) =     0.000     0.000     0.000 RAD/S

 FTOTH(X-Z) =   -0.35049E-01   -0.20321E+02   -0.48500E+00
 TTOTH(X-Z) =    0.20932E+02    0.14404E+01   -0.12032E+02

     U(X-Z) =     0.000     0.000     1.000 A/SEC
  OMGA(X-Z) =     0.000     0.000     0.000 RAD/S

 FTOTH(X-Z) =   -0.56592E+00   -0.48527E+00   -0.19927E+02
 TTOTH(X-Z) =    0.11923E+02    0.10545E+02   -0.32414E+01

     U(X-Z) =     0.000     0.000     0.000 A/SEC
  OMGA(X-Z) =     1.000     0.000     0.000 RAD/S

 FTOTH(X-Z) =    0.20468E+01    0.20721E+02    0.11663E+02
 TTOTH(X-Z) =   -0.26566E+05   -0.63264E+02   -0.23422E+04

     U(X-Z) =     0.000     0.000     0.000 A/SEC
  OMGA(X-Z) =     0.000     1.000     0.000 RAD/S

 FTOTH(X-Z) =   -0.23427E+02    0.11566E+01    0.10285E+02
 TTOTH(X-Z) =   -0.59135E+02   -0.22612E+05   -0.23292E+04

     U(X-Z) =     0.000     0.000     0.000 A/SEC
  OMGA(X-Z) =     0.000     0.000     1.000 RAD/S

 FTOTH(X-Z) =   -0.16751E+02   -0.12020E+02   -0.32260E+01
 TTOTH(X-Z) =   -0.23357E+04   -0.23291E+04   -0.20279E+05

 I,J,Ktt,Ktr,Krt,Krr=    1    1  0.2136E+02 -0.1965E+01 -0.2047E+01  0.2657E+05
 I,J,Ktt,Ktr,Krt,Krr=    1    2  0.3505E-01 -0.2093E+02  0.2343E+02  0.5913E+02
 I,J,Ktt,Ktr,Krt,Krr=    1    3  0.5659E+00 -0.1192E+02  0.1675E+02  0.2336E+04
 I,J,Ktt,Ktr,Krt,Krr=    2    1  0.3509E-01  0.2360E+02 -0.2072E+02  0.6326E+02
 I,J,Ktt,Ktr,Krt,Krr=    2    2  0.2032E+02 -0.1440E+01 -0.1157E+01  0.2261E+05
 I,J,Ktt,Ktr,Krt,Krr=    2    3  0.4853E+00 -0.1054E+02  0.1202E+02  0.2329E+04
 I,J,Ktt,Ktr,Krt,Krr=    3    1  0.5659E+00  0.1687E+02 -0.1166E+02  0.2342E+04
 I,J,Ktt,Ktr,Krt,Krr=    3    2  0.4850E+00  0.1203E+02 -0.1029E+02  0.2329E+04
 I,J,Ktt,Ktr,Krt,Krr=    3    3  0.1993E+02  0.3241E+01  0.3226E+01  0.2028E+05
  
  Friction Tensors in Center of Resistance
  
  Ktt Tensor (A)
    0.21358E+02    0.35049E-01    0.56592E+00
    0.35092E-01    0.20321E+02    0.48527E+00
    0.56588E+00    0.48500E+00    0.19927E+02
  
  Symmetric Krt Tensor (A^2)
   -0.20059E+01    0.23515E+02    0.16808E+02
   -0.20826E+02   -0.12985E+01    0.12026E+02
   -0.11793E+02   -0.10415E+02    0.32337E+01
  
  Krr Tensor (A^3)
    0.26566E+05    0.59135E+02    0.23357E+04
    0.63264E+02    0.22612E+05    0.23291E+04
    0.23422E+04    0.23292E+04    0.20279E+05
  
 Raw Dtt tensor (no rot/trans coupling correction)
    0.46857E-01   -0.49085E-04   -0.13295E-02
   -0.49168E-04    0.49239E-01   -0.11977E-02
   -0.13294E-02   -0.11970E-02    0.50249E-01
  
 Raw Drr tensor (no rot/trans coupling correction)
    0.38031E-04    0.35595E-06   -0.44212E-05
    0.35017E-06    0.44757E-04   -0.51808E-05
   -0.44326E-05   -0.51817E-05    0.50418E-04
  
 Raw Dtt tensor, before CD transformation
    0.46858E-01   -0.48351E-04   -0.13603E-02
   -0.50050E-04    0.49238E-01   -0.11644E-02
   -0.13305E-02   -0.11980E-02    0.50292E-01
  
 Program finished at:                
 Elapsed time CPU_TIME:   45.347999999999999     
