 BEST ver.3.90 SFSU/ARAGON
  
 control gtensor value=   1.0000000000000000     
 true area (A^2)=    13157.830000000000     
 total area (A^2) =    12150.584154732305     
 centroid coords =    26.040008315514338       -2.8046009741031135        12.219034331195076     
  
 first few rows of gr matrix
   5.9039310460278545       0.28464361873929156      -0.31205126504769465        3.4871187203942662       0.15514079011595458     
  0.28464361873929156        8.7987631582732373        8.0966048841886656E-002  0.15514079011595458        3.3193387357143016     
 -0.31205126504769476        8.0966048841884894E-002   8.6581632403962381      -0.93493721959838449       -9.9618208689361956E-002
   2.7853094070907747       0.15465094541276203      -0.77588628957253925        9.6988102526356776       0.45550065263881923     
  0.15465094541276203        2.3766921119202262       -7.3147761676407408E-002  0.45550065263881923        10.209158286213496     
 -0.77588628957253925       -7.3147761676407408E-002   2.9806105446102906       -1.4562807798907205       0.66128845078484089     
  0.89214256868028674       0.22776154150337308      -0.20835249327007199        1.6049162867369466       0.45887308999869492     
  0.22776154150337308       0.87753074979634815      -0.19503840865536784       0.45887308999869492        1.9806534370446931     
 -0.20835249327007199      -0.19503840865536784       0.83831313385610928      -0.25439790613077579      -0.34103008443936811     
 first few columns of gr matrix
   5.9039310460278545       0.28464361873929156      -0.31205126504769476        2.7853094070907747       0.15465094541276203     
  0.28464361873929156        8.7987631582732373        8.0966048841884894E-002  0.15465094541276203        2.3766921119202262     
 -0.31205126504769465        8.0966048841886656E-002   8.6581632403962381      -0.77588628957253925       -7.3147761676407408E-002
   3.4871187203942662       0.15514079011595458      -0.93493721959838449        9.6988102526356776       0.45550065263881923     
  0.15514079011595458        3.3193387357143016       -9.9618208689361956E-002  0.45550065263881923        10.209158286213496     
 -0.93493721959838449       -9.9618208689361956E-002   4.4397271289965010       -1.4562807798907200       0.66128845078484111     
   1.0968203852199290       0.25900680084604272      -0.26482631784830740        1.4740675800986920       0.41596414409717564     
  0.25900680084604272        1.0292775704134967      -0.21755007954801195       0.41596414409717564        1.5798574569927324     
 -0.26482631784830740      -0.21755007954801195        1.0160407828355842      -0.24933635250827968      -0.25662138380806943     
  
 about to enter dgetrf
 Just out of dgetrf:                 
  
  **** TRANSLATION/ROTATION FLOWS ****
     U(X-Z) =     1.000     0.000     0.000 A/SEC
  OMGA(X-Z) =     0.000     0.000     0.000 RAD/S

 FTOTH(X-Z) =   -0.21433E+02   -0.42139E-01   -0.56121E+00
 TTOTH(X-Z) =    0.25138E+01   -0.21474E+02   -0.15802E+02

     U(X-Z) =     0.000     1.000     0.000 A/SEC
  OMGA(X-Z) =     0.000     0.000     0.000 RAD/S

 FTOTH(X-Z) =   -0.41855E-01   -0.20417E+02   -0.48707E+00
 TTOTH(X-Z) =    0.18912E+02    0.71573E+00   -0.10865E+02

     U(X-Z) =     0.000     0.000     1.000 A/SEC
  OMGA(X-Z) =     0.000     0.000     0.000 RAD/S

 FTOTH(X-Z) =   -0.56141E+00   -0.48729E+00   -0.20006E+02
 TTOTH(X-Z) =    0.11362E+02    0.90822E+01   -0.32441E+01

     U(X-Z) =     0.000     0.000     0.000 A/SEC
  OMGA(X-Z) =     1.000     0.000     0.000 RAD/S

 FTOTH(X-Z) =    0.25056E+01    0.18985E+02    0.11279E+02
 TTOTH(X-Z) =   -0.26880E+05   -0.45764E+02   -0.23539E+04

     U(X-Z) =     0.000     0.000     0.000 A/SEC
  OMGA(X-Z) =     0.000     1.000     0.000 RAD/S

 FTOTH(X-Z) =   -0.21539E+02    0.71222E+00    0.91112E+01
 TTOTH(X-Z) =   -0.50561E+02   -0.22855E+05   -0.23317E+04

     U(X-Z) =     0.000     0.000     0.000 A/SEC
  OMGA(X-Z) =     0.000     0.000     1.000 RAD/S

 FTOTH(X-Z) =   -0.15793E+02   -0.10873E+02   -0.31995E+01
 TTOTH(X-Z) =   -0.23522E+04   -0.23282E+04   -0.20489E+05

 I,J,Ktt,Ktr,Krt,Krr=    1    1  0.2143E+02 -0.2514E+01 -0.2506E+01  0.2688E+05
 I,J,Ktt,Ktr,Krt,Krr=    1    2  0.4186E-01 -0.1891E+02  0.2154E+02  0.5056E+02
 I,J,Ktt,Ktr,Krt,Krr=    1    3  0.5614E+00 -0.1136E+02  0.1579E+02  0.2352E+04
 I,J,Ktt,Ktr,Krt,Krr=    2    1  0.4214E-01  0.2147E+02 -0.1899E+02  0.4576E+02
 I,J,Ktt,Ktr,Krt,Krr=    2    2  0.2042E+02 -0.7157E+00 -0.7122E+00  0.2286E+05
 I,J,Ktt,Ktr,Krt,Krr=    2    3  0.4873E+00 -0.9082E+01  0.1087E+02  0.2328E+04
 I,J,Ktt,Ktr,Krt,Krr=    3    1  0.5612E+00  0.1580E+02 -0.1128E+02  0.2354E+04
 I,J,Ktt,Ktr,Krt,Krr=    3    2  0.4871E+00  0.1086E+02 -0.9111E+01  0.2332E+04
 I,J,Ktt,Ktr,Krt,Krr=    3    3  0.2001E+02  0.3244E+01  0.3199E+01  0.2049E+05
  
  Friction Tensors in Center of Resistance
  
  Ktt Tensor (A)
    0.21433E+02    0.41855E-01    0.56141E+00
    0.42139E-01    0.20417E+02    0.48729E+00
    0.56121E+00    0.48707E+00    0.20006E+02
  
  Symmetric Krt Tensor (A^2)
   -0.25097E+01    0.21507E+02    0.15798E+02
   -0.18949E+02   -0.71398E+00    0.10869E+02
   -0.11321E+02   -0.90967E+01    0.32218E+01
  
  Krr Tensor (A^3)
    0.26880E+05    0.50561E+02    0.23522E+04
    0.45764E+02    0.22855E+05    0.23282E+04
    0.23539E+04    0.23317E+04    0.20489E+05
  
 Raw Dtt tensor (no rot/trans coupling correction)
    0.46692E-01   -0.64499E-04   -0.13087E-02
   -0.65146E-04    0.49007E-01   -0.11918E-02
   -0.13082E-02   -0.11913E-02    0.50050E-01
  
 Raw Drr tensor (no rot/trans coupling correction)
    0.37583E-04    0.36122E-06   -0.43556E-05
    0.36887E-06    0.44271E-04   -0.50729E-05
   -0.43597E-05   -0.50795E-05    0.49884E-04
  
 Raw Dtt tensor, before CD transformation
    0.46693E-01   -0.63874E-04   -0.13349E-02
   -0.65888E-04    0.49006E-01   -0.11634E-02
   -0.13092E-02   -0.11922E-02    0.50086E-01
  
 Program finished at:                
 Elapsed time CPU_TIME:   75.683999999999997     
