 BEST ver.3.90 SFSU/ARAGON
  
 control gtensor value=   1.0000000000000000     
 true area (A^2)=    13157.830000000000     
 total area (A^2) =    12270.964739200506     
 centroid coords =    25.978233963963934       -2.9224571171171152        12.480079099099090     
  
 first few rows of gr matrix
   5.8749003071888115       0.28324397255552036      -0.31051685031463516        2.3044508974127460       0.28044967202643950     
  0.28324397255552025        8.7554979857359854        8.0567923558843402E-002  0.28044967202643950        2.5727752577130714     
 -0.31051685031463494        8.0567923558843416E-002   8.6155894240867035      -0.51188821773353466      -0.32293051238320858     
   2.6639696750015025       0.48512798954251840      -0.59547265931143689        7.0743770621222630       0.61936047072278011     
  0.48512798954251840        2.9097712769037507      -0.47846996991056229       0.61936047072277989        8.0813277050790528     
 -0.59547265931143689      -0.47846996991056229        2.8997935925898179       -1.0704289423855102       0.36382939241717871     
  0.86671651151195117       0.24590302111520576      -0.17323672163554171        1.1225315314221218       0.33933749570921234     
  0.24590302111520576       0.96363939611388794      -0.20404060058391890       0.33933749570921234        1.2959372776143470     
 -0.17323672163554171      -0.20404060058391890       0.81203739747896608      -0.19087658494818033      -0.23572878485709561     
 first few columns of gr matrix
   5.8749003071888115       0.28324397255552025      -0.31051685031463494        2.6639696750015025       0.48512798954251840     
  0.28324397255552036        8.7554979857359854        8.0567923558843416E-002  0.48512798954251840        2.9097712769037507     
 -0.31051685031463516        8.0567923558843402E-002   8.6155894240867035      -0.59547265931143689      -0.47846996991056229     
   2.3044508974127460       0.28044967202643950      -0.51188821773353466        7.0743770621222630       0.61936047072277989     
  0.28044967202643950        2.5727752577130714      -0.32293051238320858       0.61936047072278011        8.0813277050790528     
 -0.51188821773353466      -0.32293051238320858        3.0958258277808963       -1.0704289423855102       0.36382939241717926     
  0.91711216399621454       0.26192556527844302      -0.18558431645565668        1.4139893388085534       0.42269563099303387     
  0.26192556527844302        1.0224854167412742      -0.22175546698201226       0.42269563099303387        1.5325380516874418     
 -0.18558431645565668      -0.22175546698201226       0.86539371330326498      -0.24689776250506765      -0.27186659476253544     
  
 about to enter dgetrf
 Just out of dgetrf:                 
  
  **** TRANSLATION/ROTATION FLOWS ****
     U(X-Z) =     1.000     0.000     0.000 A/SEC
  OMGA(X-Z) =     0.000     0.000     0.000 RAD/S

 FTOTH(X-Z) =   -0.21514E+02   -0.41088E-01   -0.56494E+00
 TTOTH(X-Z) =    0.29218E+01   -0.18155E+02   -0.13450E+02

     U(X-Z) =     0.000     1.000     0.000 A/SEC
  OMGA(X-Z) =     0.000     0.000     0.000 RAD/S

 FTOTH(X-Z) =   -0.41214E-01   -0.20497E+02   -0.48611E+00
 TTOTH(X-Z) =    0.15230E+02    0.34620E+00   -0.11540E+02

     U(X-Z) =     0.000     0.000     1.000 A/SEC
  OMGA(X-Z) =     0.000     0.000     0.000 RAD/S

 FTOTH(X-Z) =   -0.56490E+00   -0.48612E+00   -0.20063E+02
 TTOTH(X-Z) =    0.83170E+01    0.98186E+01   -0.32850E+01

     U(X-Z) =     0.000     0.000     0.000 A/SEC
  OMGA(X-Z) =     1.000     0.000     0.000 RAD/S

 FTOTH(X-Z) =    0.28545E+01    0.15259E+02    0.82290E+01
 TTOTH(X-Z) =   -0.27177E+05   -0.52430E+02   -0.24083E+04

     U(X-Z) =     0.000     0.000     0.000 A/SEC
  OMGA(X-Z) =     0.000     1.000     0.000 RAD/S

 FTOTH(X-Z) =   -0.18079E+02    0.34437E+00    0.98949E+01
 TTOTH(X-Z) =   -0.52002E+02   -0.23161E+05   -0.23963E+04

     U(X-Z) =     0.000     0.000     0.000 A/SEC
  OMGA(X-Z) =     0.000     0.000     1.000 RAD/S

 FTOTH(X-Z) =   -0.13516E+02   -0.11630E+02   -0.32110E+01
 TTOTH(X-Z) =   -0.24063E+04   -0.23967E+04   -0.20639E+05

 I,J,Ktt,Ktr,Krt,Krr=    1    1  0.2151E+02 -0.2922E+01 -0.2854E+01  0.2718E+05
 I,J,Ktt,Ktr,Krt,Krr=    1    2  0.4121E-01 -0.1523E+02  0.1808E+02  0.5200E+02
 I,J,Ktt,Ktr,Krt,Krr=    1    3  0.5649E+00 -0.8317E+01  0.1352E+02  0.2406E+04
 I,J,Ktt,Ktr,Krt,Krr=    2    1  0.4109E-01  0.1816E+02 -0.1526E+02  0.5243E+02
 I,J,Ktt,Ktr,Krt,Krr=    2    2  0.2050E+02 -0.3462E+00 -0.3444E+00  0.2316E+05
 I,J,Ktt,Ktr,Krt,Krr=    2    3  0.4861E+00 -0.9819E+01  0.1163E+02  0.2397E+04
 I,J,Ktt,Ktr,Krt,Krr=    3    1  0.5649E+00  0.1345E+02 -0.8229E+01  0.2408E+04
 I,J,Ktt,Ktr,Krt,Krr=    3    2  0.4861E+00  0.1154E+02 -0.9895E+01  0.2396E+04
 I,J,Ktt,Ktr,Krt,Krr=    3    3  0.2006E+02  0.3285E+01  0.3211E+01  0.2064E+05
  
  Friction Tensors in Center of Resistance
  
  Ktt Tensor (A)
    0.21514E+02    0.41214E-01    0.56490E+00
    0.41088E-01    0.20497E+02    0.48612E+00
    0.56494E+00    0.48611E+00    0.20063E+02
  
  Symmetric Krt Tensor (A^2)
   -0.28882E+01    0.18117E+02    0.13483E+02
   -0.15244E+02   -0.34528E+00    0.11585E+02
   -0.82730E+01   -0.98567E+01    0.32480E+01
  
  Krr Tensor (A^3)
    0.27177E+05    0.52002E+02    0.24063E+04
    0.52430E+02    0.23161E+05    0.23967E+04
    0.24083E+04    0.23963E+04    0.20639E+05
  
 Raw Dtt tensor (no rot/trans coupling correction)
    0.46517E-01   -0.62508E-04   -0.13082E-02
   -0.62218E-04    0.48817E-01   -0.11810E-02
   -0.13083E-02   -0.11810E-02    0.49908E-01
  
 Raw Drr tensor (no rot/trans coupling correction)
    0.37183E-04    0.36948E-06   -0.43780E-05
    0.36925E-06    0.43704E-04   -0.51182E-05
   -0.43817E-05   -0.51175E-05    0.49557E-04
  
 Raw Dtt tensor, before CD transformation
    0.46517E-01   -0.61975E-04   -0.13307E-02
   -0.62731E-04    0.48816E-01   -0.11615E-02
   -0.13091E-02   -0.11817E-02    0.49939E-01
  
 Program finished at:                
 Elapsed time CPU_TIME:   159.24799999999999     
