 BEST ver.3.90 SFSU/ARAGON
  
 control gtensor value=   1.0000000000000000     
 true area (A^2)=    13157.830000000000     
 total area (A^2) =    12226.288571162255     
 centroid coords =    26.027362745098046       -2.9488210526315766        12.284769246646039     
  
 first few rows of gr matrix
   5.8856242769898808       0.28376100257291548      -0.31108366390318631        3.4655266987261317       0.15418016801777248     
  0.28376100257291559        8.7714801626381984        8.0714991242379130E-002  0.15418016801777248        3.2987855972489393     
 -0.31108366390318642        8.0714991242379144E-002   8.6313162136441814      -0.92914814663512402       -9.9001378953115338E-002
   2.7680629449274323       0.15369335640243653      -0.77108205004995578        9.6687364123665560       0.45408824704337891     
  0.15369335640243653        2.3619757825681633       -7.2694835297429997E-002  0.45408824704337847        10.177501970893962     
 -0.77108205004995578       -7.2694835297429997E-002   2.9621547899819483       -1.4517651790674622       0.65923794327694196     
  0.88661847752693701       0.22635125624105987      -0.20706238762411663        1.5949787451682880       0.45603177643967291     
  0.22635125624105987       0.87209713411436895      -0.19383074299111164       0.45603177643967291        1.9683893544714164     
 -0.20706238762411663      -0.19383074299111164       0.83312235120651357      -0.25282269015967090      -0.33891844742235594     
 first few columns of gr matrix
   5.8856242769898808       0.28376100257291559      -0.31108366390318642        2.7680629449274323       0.15369335640243653     
  0.28376100257291548        8.7714801626381984        8.0714991242379144E-002  0.15369335640243653        2.3619757825681633     
 -0.31108366390318631        8.0714991242379130E-002   8.6313162136441814      -0.77108205004995578       -7.2694835297429997E-002
   3.4655266987261317       0.15418016801777248      -0.92914814663512402        9.6687364123665560       0.45408824704337847     
  0.15418016801777248        3.2987855972489393       -9.9001378953115338E-002  0.45408824704337891        10.177501970893962     
 -0.92914814663512402       -9.9001378953115338E-002   4.4122366154647281       -1.4517651790674631       0.65923794327694241     
   1.0900289417897939       0.25740304688626015      -0.26318652980213858        1.4649402455621154       0.41338852005547366     
  0.25740304688626015        1.0229043478808304      -0.21620302302136279       0.41338852005547366        1.5700750781352355     
 -0.26318652980213858      -0.21620302302136279        1.0097495216661863      -0.24779247736157831      -0.25503240020183693     
  
 about to enter dgetrf
 Just out of dgetrf:                 
  
  **** TRANSLATION/ROTATION FLOWS ****
     U(X-Z) =     1.000     0.000     0.000 A/SEC
  OMGA(X-Z) =     0.000     0.000     0.000 RAD/S

 FTOTH(X-Z) =   -0.21486E+02   -0.41560E-01   -0.56546E+00
 TTOTH(X-Z) =    0.26617E+01   -0.21570E+02   -0.12479E+02

     U(X-Z) =     0.000     1.000     0.000 A/SEC
  OMGA(X-Z) =     0.000     0.000     0.000 RAD/S

 FTOTH(X-Z) =   -0.41368E-01   -0.20461E+02   -0.48531E+00
 TTOTH(X-Z) =    0.18334E+02    0.59320E+00   -0.10471E+02

     U(X-Z) =     0.000     0.000     1.000 A/SEC
  OMGA(X-Z) =     0.000     0.000     0.000 RAD/S

 FTOTH(X-Z) =   -0.56564E+00   -0.48522E+00   -0.20040E+02
 TTOTH(X-Z) =    0.76865E+01    0.88222E+01   -0.32571E+01

     U(X-Z) =     0.000     0.000     0.000 A/SEC
  OMGA(X-Z) =     1.000     0.000     0.000 RAD/S

 FTOTH(X-Z) =    0.26658E+01    0.18409E+02    0.75809E+01
 TTOTH(X-Z) =   -0.27057E+05   -0.70590E+02   -0.23803E+04

     U(X-Z) =     0.000     0.000     0.000 A/SEC
  OMGA(X-Z) =     0.000     1.000     0.000 RAD/S

 FTOTH(X-Z) =   -0.21572E+02    0.55820E+00    0.88271E+01
 TTOTH(X-Z) =   -0.74882E+02   -0.23068E+05   -0.23768E+04

     U(X-Z) =     0.000     0.000     0.000 A/SEC
  OMGA(X-Z) =     0.000     0.000     1.000 RAD/S

 FTOTH(X-Z) =   -0.12626E+02   -0.10452E+02   -0.32210E+01
 TTOTH(X-Z) =   -0.23820E+04   -0.23789E+04   -0.20561E+05

 I,J,Ktt,Ktr,Krt,Krr=    1    1  0.2149E+02 -0.2662E+01 -0.2666E+01  0.2706E+05
 I,J,Ktt,Ktr,Krt,Krr=    1    2  0.4137E-01 -0.1833E+02  0.2157E+02  0.7488E+02
 I,J,Ktt,Ktr,Krt,Krr=    1    3  0.5656E+00 -0.7686E+01  0.1263E+02  0.2382E+04
 I,J,Ktt,Ktr,Krt,Krr=    2    1  0.4156E-01  0.2157E+02 -0.1841E+02  0.7059E+02
 I,J,Ktt,Ktr,Krt,Krr=    2    2  0.2046E+02 -0.5932E+00 -0.5582E+00  0.2307E+05
 I,J,Ktt,Ktr,Krt,Krr=    2    3  0.4852E+00 -0.8822E+01  0.1045E+02  0.2379E+04
 I,J,Ktt,Ktr,Krt,Krr=    3    1  0.5655E+00  0.1248E+02 -0.7581E+01  0.2380E+04
 I,J,Ktt,Ktr,Krt,Krr=    3    2  0.4853E+00  0.1047E+02 -0.8827E+01  0.2377E+04
 I,J,Ktt,Ktr,Krt,Krr=    3    3  0.2004E+02  0.3257E+01  0.3221E+01  0.2056E+05
  
  Friction Tensors in Center of Resistance
  
  Ktt Tensor (A)
    0.21486E+02    0.41368E-01    0.56564E+00
    0.41560E-01    0.20461E+02    0.48522E+00
    0.56546E+00    0.48531E+00    0.20040E+02
  
  Symmetric Krt Tensor (A^2)
   -0.26637E+01    0.21571E+02    0.12552E+02
   -0.18372E+02   -0.57570E+00    0.10462E+02
   -0.76337E+01   -0.88246E+01    0.32391E+01
  
  Krr Tensor (A^3)
    0.27057E+05    0.74882E+02    0.23820E+04
    0.70590E+02    0.23068E+05    0.23789E+04
    0.23803E+04    0.23768E+04    0.20561E+05
  
 Raw Dtt tensor (no rot/trans coupling correction)
    0.46576E-01   -0.63025E-04   -0.13131E-02
   -0.63476E-04    0.48902E-01   -0.11823E-02
   -0.13127E-02   -0.11825E-02    0.49965E-01
  
 Raw Drr tensor (no rot/trans coupling correction)
    0.37342E-04    0.32843E-06   -0.43640E-05
    0.33554E-06    0.43876E-04   -0.51153E-05
   -0.43618E-05   -0.51100E-05    0.49732E-04
  
 Raw Dtt tensor, before CD transformation
    0.46577E-01   -0.62466E-04   -0.13367E-02
   -0.64049E-04    0.48902E-01   -0.11604E-02
   -0.13134E-02   -0.11831E-02    0.49992E-01
  
 Program finished at:                
 Elapsed time CPU_TIME:   114.62400000000001     
