 BEST ver.3.90 SFSU/ARAGON
  
 control gtensor value=   1.0000000000000000     
 true area (A^2)=    13157.830000000000     
 total area (A^2) =    12374.432341798529     
 centroid coords =    26.053551860288465       -2.8785488990128987        12.332898405466963     
  
 first few rows of gr matrix
   4.1981860532815789        9.6904343815508776E-002 -0.30687256052791778        3.1405967016137195        2.0546353168710802E-002
   9.6904343815508887E-002   6.5771796941051868      -0.22469548318587595        2.0546353168710802E-002   4.3502397901840695     
 -0.30687256052791767      -0.22469548318587640        5.7831694820441397      -0.19099504640261178       0.41533918371743750     
   1.4251727760765049        1.2389342169513522E-002  -5.7228596283919027E-002   6.4351889299949203       0.28676518917851601     
   1.2389342169513522E-002   1.9548685901262164       0.27587797713566420       0.28676518917851623        9.7207975688828672     
  -5.7228596283919027E-002  0.27587797713566420        2.2958783684577906      -0.17141079322149266      -0.13187352475369693     
   1.0717703708182047       0.12847041609182944      -0.27719038179227401        2.6195389429608884       0.56188249427377313     
  0.12847041609182944        1.1568421039260288      -0.28871457534872474       0.56188249427377313        3.3642708843880205     
 -0.27719038179227401      -0.28871457534872474        1.4760140377211488      -0.44286314357034295      -0.56123887837093733     
 first few columns of gr matrix
   4.1981860532815789        9.6904343815508887E-002 -0.30687256052791767        1.4251727760765049        1.2389342169513522E-002
   9.6904343815508776E-002   6.5771796941051868      -0.22469548318587640        1.2389342169513522E-002   1.9548685901262164     
 -0.30687256052791778      -0.22469548318587595        5.7831694820441397       -5.7228596283919027E-002  0.27587797713566420     
   3.1405967016137195        2.0546353168710802E-002 -0.19099504640261178        6.4351889299949203       0.28676518917851623     
   2.0546353168710802E-002   4.3502397901840695       0.41533918371743750       0.28676518917851601        9.7207975688828672     
 -0.19099504640261178       0.41533918371743750        4.9717403805301892      -0.17141079322149261      -0.13187352475369826     
   1.3168072557470614       0.13938129303246333      -0.26961599528693164        1.7775648777228061       0.33637926560109871     
  0.13938129303246333        1.4646784923806848      -0.32465964371862532       0.33637926560109871        2.4919594348677188     
 -0.26961599528693164      -0.32465964371862532        2.0538631725498377      -0.24994041689165877      -0.49091134989091390     
  
 about to enter dgetrf
 Just out of dgetrf:                 
  
  **** TRANSLATION/ROTATION FLOWS ****
     U(X-Z) =     1.000     0.000     0.000 A/SEC
  OMGA(X-Z) =     0.000     0.000     0.000 RAD/S

 FTOTH(X-Z) =   -0.21538E+02   -0.40992E-01   -0.56788E+00
 TTOTH(X-Z) =    0.26844E+01   -0.20935E+02   -0.14334E+02

     U(X-Z) =     0.000     1.000     0.000 A/SEC
  OMGA(X-Z) =     0.000     0.000     0.000 RAD/S

 FTOTH(X-Z) =   -0.40461E-01   -0.20530E+02   -0.48355E+00
 TTOTH(X-Z) =    0.17952E+02    0.46505E+00   -0.10166E+02

     U(X-Z) =     0.000     0.000     1.000 A/SEC
  OMGA(X-Z) =     0.000     0.000     0.000 RAD/S

 FTOTH(X-Z) =   -0.56753E+00   -0.48413E+00   -0.20083E+02
 TTOTH(X-Z) =    0.90672E+01    0.83636E+01   -0.32621E+01

     U(X-Z) =     0.000     0.000     0.000 A/SEC
  OMGA(X-Z) =     1.000     0.000     0.000 RAD/S

 FTOTH(X-Z) =    0.28206E+01    0.17741E+02    0.91566E+01
 TTOTH(X-Z) =   -0.27267E+05   -0.67892E+02   -0.24239E+04

     U(X-Z) =     0.000     0.000     0.000 A/SEC
  OMGA(X-Z) =     0.000     1.000     0.000 RAD/S

 FTOTH(X-Z) =   -0.20776E+02    0.29954E+00    0.85128E+01
 TTOTH(X-Z) =   -0.66108E+02   -0.23267E+05   -0.23835E+04

     U(X-Z) =     0.000     0.000     0.000 A/SEC
  OMGA(X-Z) =     0.000     0.000     1.000 RAD/S

 FTOTH(X-Z) =   -0.14328E+02   -0.10319E+02   -0.31838E+01
 TTOTH(X-Z) =   -0.24283E+04   -0.23914E+04   -0.20679E+05

 I,J,Ktt,Ktr,Krt,Krr=    1    1  0.2154E+02 -0.2684E+01 -0.2821E+01  0.2727E+05
 I,J,Ktt,Ktr,Krt,Krr=    1    2  0.4046E-01 -0.1795E+02  0.2078E+02  0.6611E+02
 I,J,Ktt,Ktr,Krt,Krr=    1    3  0.5675E+00 -0.9067E+01  0.1433E+02  0.2428E+04
 I,J,Ktt,Ktr,Krt,Krr=    2    1  0.4099E-01  0.2094E+02 -0.1774E+02  0.6789E+02
 I,J,Ktt,Ktr,Krt,Krr=    2    2  0.2053E+02 -0.4650E+00 -0.2995E+00  0.2327E+05
 I,J,Ktt,Ktr,Krt,Krr=    2    3  0.4841E+00 -0.8364E+01  0.1032E+02  0.2391E+04
 I,J,Ktt,Ktr,Krt,Krr=    3    1  0.5679E+00  0.1433E+02 -0.9157E+01  0.2424E+04
 I,J,Ktt,Ktr,Krt,Krr=    3    2  0.4836E+00  0.1017E+02 -0.8513E+01  0.2383E+04
 I,J,Ktt,Ktr,Krt,Krr=    3    3  0.2008E+02  0.3262E+01  0.3184E+01  0.2068E+05
  
  Friction Tensors in Center of Resistance
  
  Ktt Tensor (A)
    0.21538E+02    0.40461E-01    0.56753E+00
    0.40992E-01    0.20530E+02    0.48413E+00
    0.56788E+00    0.48355E+00    0.20083E+02
  
  Symmetric Krt Tensor (A^2)
   -0.27525E+01    0.20855E+02    0.14331E+02
   -0.17846E+02   -0.38229E+00    0.10243E+02
   -0.91119E+01   -0.84382E+01    0.32229E+01
  
  Krr Tensor (A^3)
    0.27267E+05    0.66108E+02    0.24283E+04
    0.67892E+02    0.23267E+05    0.23914E+04
    0.24239E+04    0.23835E+04    0.20679E+05
  
 Raw Dtt tensor (no rot/trans coupling correction)
    0.46465E-01   -0.60682E-04   -0.13116E-02
   -0.61827E-04    0.48737E-01   -0.11731E-02
   -0.13124E-02   -0.11718E-02    0.49859E-01
  
 Raw Drr tensor (no rot/trans coupling correction)
    0.37064E-04    0.34463E-06   -0.43922E-05
    0.34243E-06    0.43498E-04   -0.50705E-05
   -0.43838E-05   -0.50540E-05    0.49457E-04
  
 Raw Dtt tensor, before CD transformation
    0.46465E-01   -0.60140E-04   -0.13347E-02
   -0.62469E-04    0.48737E-01   -0.11487E-02
   -0.13132E-02   -0.11725E-02    0.49889E-01
  
 Program finished at:                
 Elapsed time CPU_TIME:   254.12799999999999     
