 BEST ver.3.90 SFSU/ARAGON
  
 control gtensor value=   1.0000000000000000     
 true area (A^2)=    5929.6840000000002     
 total area (A^2) =    5674.1399068534602     
 centroid coords =    26.990482772680899        25.051677879714546       0.46777268093781704     
  
 first few rows of gr matrix
   7.9440531446660048       0.59716413123506462        1.3445764933252211        1.4613596070846215       0.25021689527310681     
  0.59716413123506462        10.737947674462598      -0.18457193507646286       0.25021689527310681        2.3197704054855066     
   1.3445764933252211      -0.18457193507646186        10.032596390638124       0.16295346351769818       0.27977759755153647     
   3.1321591130850930       0.42737497449030154       0.36434920535946186        5.0469358913350195       -7.5980143547410089E-002
  0.42737497449030154        4.9477442041185711       0.58750274262412605       -7.5980143547409978E-002   6.9233227366194070     
  0.36434920535946186       0.58750274262412605        3.6302148704120172       0.86217531635019151       -1.2903700789045319E-002
   1.9674366392458225        9.2559414935643888E-002  0.13307800163096514        1.8176945922114236      -0.12931369034223644     
   9.2559414935643888E-002   2.9613792900830735       0.80882583845260247      -0.12931369034223644        2.1202124331223176     
  0.13307800163096514       0.80882583845260247        2.7492558760091281      -0.16731956653425317       0.39020095688860668     
 first few columns of gr matrix
   7.9440531446660048       0.59716413123506462        1.3445764933252211        3.1321591130850930       0.42737497449030154     
  0.59716413123506462        10.737947674462598      -0.18457193507646186       0.42737497449030154        4.9477442041185711     
   1.3445764933252211      -0.18457193507646286        10.032596390638124       0.36434920535946186       0.58750274262412605     
   1.4613596070846215       0.25021689527310681       0.16295346351769818        5.0469358913350195       -7.5980143547409978E-002
  0.25021689527310681        2.3197704054855066       0.27977759755153647       -7.5980143547410089E-002   6.9233227366194070     
  0.16295346351769818       0.27977759755153647        1.6356961095846787       0.86217531635019196       -1.2903700789045541E-002
  0.85536795877537286        7.5691295155471516E-002   9.0118869727293507E-002   1.7882542033301554       -6.9419937188841666E-002
   7.5691295155471516E-002   1.1851880526170189       0.37126857707183725       -6.9419937188841666E-002   2.0573369450455181     
   9.0118869727293507E-002  0.37126857707183725        1.2420947938970714       -2.5776803289220256E-002  0.31697383354856806     
  
 about to enter dgetrf
 Just out of dgetrf:                 
  
  **** TRANSLATION/ROTATION FLOWS ****
     U(X-Z) =     1.000     0.000     0.000 A/SEC
  OMGA(X-Z) =     0.000     0.000     0.000 RAD/S

 FTOTH(X-Z) =   -0.14863E+02   -0.48776E+00    0.18130E+00
 TTOTH(X-Z) =    0.16800E+01    0.47390E+01    0.82680E-01

     U(X-Z) =     0.000     1.000     0.000 A/SEC
  OMGA(X-Z) =     0.000     0.000     0.000 RAD/S

 FTOTH(X-Z) =   -0.48778E+00   -0.14491E+02   -0.38021E+00
 TTOTH(X-Z) =   -0.33545E+01   -0.51860E+00   -0.73045E+01

     U(X-Z) =     0.000     0.000     1.000 A/SEC
  OMGA(X-Z) =     0.000     0.000     0.000 RAD/S

 FTOTH(X-Z) =    0.18131E+00   -0.38011E+00   -0.15235E+02
 TTOTH(X-Z) =    0.46056E+01    0.70469E+01   -0.11844E+01

     U(X-Z) =     0.000     0.000     0.000 A/SEC
  OMGA(X-Z) =     1.000     0.000     0.000 RAD/S

 FTOTH(X-Z) =    0.17012E+01   -0.33647E+01    0.45999E+01
 TTOTH(X-Z) =   -0.84749E+04   -0.11658E+04    0.43341E+03

     U(X-Z) =     0.000     0.000     0.000 A/SEC
  OMGA(X-Z) =     0.000     1.000     0.000 RAD/S

 FTOTH(X-Z) =    0.47522E+01   -0.51322E+00    0.70893E+01
 TTOTH(X-Z) =   -0.11657E+04   -0.74796E+04   -0.85062E+03

     U(X-Z) =     0.000     0.000     0.000 A/SEC
  OMGA(X-Z) =     0.000     0.000     1.000 RAD/S

 FTOTH(X-Z) =    0.58733E-01   -0.72875E+01   -0.11701E+01
 TTOTH(X-Z) =    0.43237E+03   -0.85107E+03   -0.89118E+04

 I,J,Ktt,Ktr,Krt,Krr=    1    1  0.1486E+02 -0.1680E+01 -0.1701E+01  0.8475E+04
 I,J,Ktt,Ktr,Krt,Krr=    1    2  0.4878E+00  0.3355E+01 -0.4752E+01  0.1166E+04
 I,J,Ktt,Ktr,Krt,Krr=    1    3 -0.1813E+00 -0.4606E+01 -0.5873E-01 -0.4324E+03
 I,J,Ktt,Ktr,Krt,Krr=    2    1  0.4878E+00 -0.4739E+01  0.3365E+01  0.1166E+04
 I,J,Ktt,Ktr,Krt,Krr=    2    2  0.1449E+02  0.5186E+00  0.5132E+00  0.7480E+04
 I,J,Ktt,Ktr,Krt,Krr=    2    3  0.3801E+00 -0.7047E+01  0.7287E+01  0.8511E+03
 I,J,Ktt,Ktr,Krt,Krr=    3    1 -0.1813E+00 -0.8268E-01 -0.4600E+01 -0.4334E+03
 I,J,Ktt,Ktr,Krt,Krr=    3    2  0.3802E+00  0.7305E+01 -0.7089E+01  0.8506E+03
 I,J,Ktt,Ktr,Krt,Krr=    3    3  0.1524E+02  0.1184E+01  0.1170E+01  0.8912E+04
  
  Friction Tensors in Center of Resistance
  
  Ktt Tensor (A)
    0.14863E+02    0.48778E+00   -0.18131E+00
    0.48776E+00    0.14491E+02    0.38011E+00
   -0.18130E+00    0.38021E+00    0.15235E+02
  
  Symmetric Krt Tensor (A^2)
   -0.16906E+01   -0.47456E+01   -0.70707E-01
    0.33596E+01    0.51591E+00    0.72960E+01
   -0.46028E+01   -0.70681E+01    0.11772E+01
  
  Krr Tensor (A^3)
    0.84749E+04    0.11657E+04   -0.43237E+03
    0.11658E+04    0.74796E+04    0.85107E+03
   -0.43341E+03    0.85062E+03    0.89118E+04
  
 Raw Dtt tensor (no rot/trans coupling correction)
    0.67367E-01   -0.22902E-02    0.85887E-03
   -0.22902E-02    0.69134E-01   -0.17521E-02
    0.85883E-03   -0.17526E-02    0.65692E-01
  
 Raw Drr tensor (no rot/trans coupling correction)
    0.12111E-03   -0.19758E-04    0.77627E-05
   -0.19762E-04    0.13839E-03   -0.14175E-04
    0.77763E-05   -0.14170E-04    0.11394E-03
  
 Raw Dtt tensor, before CD transformation
    0.67368E-01   -0.22907E-02    0.87439E-03
   -0.22901E-02    0.69134E-01   -0.17490E-02
    0.85924E-03   -0.17534E-02    0.65723E-01
  
 Program finished at:                
 Elapsed time CPU_TIME:   115.33600000000000     
