 BEST ver.3.90 SFSU/ARAGON
  
 control gtensor value=   1.0000000000000000     
 true area (A^2)=    5929.6840000000002     
 total area (A^2) =    5562.6482506327238     
 centroid coords =    26.990027777777755        25.253549042145575       0.22990708812260482     
  
 first few rows of gr matrix
   8.0232691537184095       0.60311889492612214        1.3579842565573212        1.4906495056341869       0.25523196989430652     
  0.60311889492612192        10.845023665105435      -0.18641243787944906       0.25523196989430652        2.3662653540974397     
   1.3579842565573212      -0.18641243787944806        10.132638803752332       0.16621952506175267       0.28538515465726061     
   3.1949366951522338       0.43594081248442584       0.37165182355819759        5.0972626089405448       -7.6737797559719573E-002
  0.43594081248442584        5.0469113941006070       0.59927800700506895       -7.6737797559719434E-002   6.9923602904460713     
  0.37165182355819759       0.59927800700506895        3.7029749390166331       0.87077270189394529       -1.3032373100257531E-002
   2.0068697940195270        9.4414574925100983E-002  0.13574527199210915        1.8541264806678033      -0.13190551295238109     
   9.4414574925100983E-002   3.0207339475902417       0.82503706164345403      -0.13190551295238109        2.1627076593271592     
  0.13574527199210915       0.82503706164345403        2.8043589630964676      -0.17067313748652715       0.39802171940715680     
 first few columns of gr matrix
   8.0232691537184095       0.60311889492612192        1.3579842565573212        3.1949366951522338       0.43594081248442584     
  0.60311889492612214        10.845023665105435      -0.18641243787944806       0.43594081248442584        5.0469113941006070     
   1.3579842565573212      -0.18641243787944906        10.132638803752332       0.37165182355819759       0.59927800700506895     
   1.4906495056341869       0.25523196989430652       0.16621952506175267        5.0972626089405448       -7.6737797559719434E-002
  0.25523196989430652        2.3662653540974397       0.28538515465726061       -7.6737797559719573E-002   6.9923602904460713     
  0.16621952506175267       0.28538515465726061        1.6684802188999976       0.87077270189394507       -1.3032373100257316E-002
  0.87251202147809181        7.7208368944456152E-002   9.1925114089678628E-002   1.8240960207325581       -7.0811314716810125E-002
   7.7208368944456152E-002   1.2089426696565326       0.37870987961253760       -7.0811314716810125E-002   2.0985719635245572     
   9.1925114089678628E-002  0.37870987961253760        1.2669899876097044       -2.6293445428234603E-002  0.32332691145115633     
  
 about to enter dgetrf
 Just out of dgetrf:                 
  
  **** TRANSLATION/ROTATION FLOWS ****
     U(X-Z) =     1.000     0.000     0.000 A/SEC
  OMGA(X-Z) =     0.000     0.000     0.000 RAD/S

 FTOTH(X-Z) =   -0.14785E+02   -0.48939E+00    0.18191E+00
 TTOTH(X-Z) =    0.18242E+01    0.12773E+01   -0.28944E+01

     U(X-Z) =     0.000     1.000     0.000 A/SEC
  OMGA(X-Z) =     0.000     0.000     0.000 RAD/S

 FTOTH(X-Z) =   -0.48926E+00   -0.14420E+02   -0.37736E+00
 TTOTH(X-Z) =   -0.10440E+00   -0.70948E+00   -0.75346E+01

     U(X-Z) =     0.000     0.000     1.000 A/SEC
  OMGA(X-Z) =     0.000     0.000     0.000 RAD/S

 FTOTH(X-Z) =    0.18214E+00   -0.37749E+00   -0.15171E+02
 TTOTH(X-Z) =    0.75045E+01    0.73038E+01   -0.10903E+01

     U(X-Z) =     0.000     0.000     0.000 A/SEC
  OMGA(X-Z) =     1.000     0.000     0.000 RAD/S

 FTOTH(X-Z) =    0.17975E+01   -0.81594E-01    0.76355E+01
 TTOTH(X-Z) =   -0.83644E+04   -0.11602E+04    0.43060E+03

     U(X-Z) =     0.000     0.000     0.000 A/SEC
  OMGA(X-Z) =     0.000     1.000     0.000 RAD/S

 FTOTH(X-Z) =    0.12845E+01   -0.71291E+00    0.74529E+01
 TTOTH(X-Z) =   -0.11589E+04   -0.73768E+04   -0.84549E+03

     U(X-Z) =     0.000     0.000     0.000 A/SEC
  OMGA(X-Z) =     0.000     0.000     1.000 RAD/S

 FTOTH(X-Z) =   -0.30591E+01   -0.76357E+01   -0.10735E+01
 TTOTH(X-Z) =    0.43578E+03   -0.84574E+03   -0.88088E+04

 I,J,Ktt,Ktr,Krt,Krr=    1    1  0.1479E+02 -0.1824E+01 -0.1797E+01  0.8364E+04
 I,J,Ktt,Ktr,Krt,Krr=    1    2  0.4893E+00  0.1044E+00 -0.1285E+01  0.1159E+04
 I,J,Ktt,Ktr,Krt,Krr=    1    3 -0.1821E+00 -0.7505E+01  0.3059E+01 -0.4358E+03
 I,J,Ktt,Ktr,Krt,Krr=    2    1  0.4894E+00 -0.1277E+01  0.8159E-01  0.1160E+04
 I,J,Ktt,Ktr,Krt,Krr=    2    2  0.1442E+02  0.7095E+00  0.7129E+00  0.7377E+04
 I,J,Ktt,Ktr,Krt,Krr=    2    3  0.3775E+00 -0.7304E+01  0.7636E+01  0.8457E+03
 I,J,Ktt,Ktr,Krt,Krr=    3    1 -0.1819E+00  0.2894E+01 -0.7636E+01 -0.4306E+03
 I,J,Ktt,Ktr,Krt,Krr=    3    2  0.3774E+00  0.7535E+01 -0.7453E+01  0.8455E+03
 I,J,Ktt,Ktr,Krt,Krr=    3    3  0.1517E+02  0.1090E+01  0.1073E+01  0.8809E+04
  
  Friction Tensors in Center of Resistance
  
  Ktt Tensor (A)
    0.14785E+02    0.48926E+00   -0.18214E+00
    0.48939E+00    0.14420E+02    0.37749E+00
   -0.18191E+00    0.37736E+00    0.15171E+02
  
  Symmetric Krt Tensor (A^2)
   -0.18109E+01   -0.12809E+01    0.29767E+01
    0.92995E-01    0.71120E+00    0.75851E+01
   -0.75700E+01   -0.73783E+01    0.10819E+01
  
  Krr Tensor (A^3)
    0.83644E+04    0.11589E+04   -0.43578E+03
    0.11602E+04    0.73768E+04    0.84574E+03
   -0.43060E+03    0.84549E+03    0.88088E+04
  
 Raw Dtt tensor (no rot/trans coupling correction)
    0.67722E-01   -0.23205E-02    0.87078E-03
   -0.23211E-02    0.69471E-01   -0.17564E-02
    0.86975E-03   -0.17558E-02    0.65969E-01
  
 Raw Drr tensor (no rot/trans coupling correction)
    0.12277E-03   -0.20205E-04    0.80134E-05
   -0.20219E-04    0.14040E-03   -0.14480E-04
    0.79420E-05   -0.14463E-04    0.11530E-03
  
 Raw Dtt tensor, before CD transformation
    0.67722E-01   -0.23204E-02    0.86854E-03
   -0.23211E-02    0.69471E-01   -0.17567E-02
    0.87022E-03   -0.17568E-02    0.66004E-01
  
 Program finished at:                
 Elapsed time CPU_TIME:   33.227999999999994     
