 BEST ver.3.90 SFSU/ARAGON
  
 control gtensor value=   1.0000000000000000     
 true area (A^2)=    5929.6840000000002     
 total area (A^2) =    5608.8923116431797     
 centroid coords =    26.706985070079238        24.997858927483197       0.25984673979280809     
  
 first few rows of gr matrix
   7.9901256684812925       0.60062745885346569        1.3523745318556912        1.4783594342878970       0.25312763946116656     
  0.60062745885346525        10.800223736939744      -0.18564238295987634       0.25312763946116656        2.3467560261728018     
   1.3523745318556903      -0.18564238295987545        10.090781680655628       0.16484908230211356       0.28303221796848632     
   3.1685951575997184       0.43234657811347366       0.36858763750356510        5.0762062234706864       -7.6420799835746872E-002
  0.43234657811347366        5.0053007399009051       0.59433709404429791       -7.6420799835746844E-002   6.9634754075362677     
  0.36858763750356510       0.59433709404429791        3.6724447399174984       0.86717560928279580       -1.2978537405956711E-002
   1.9903236020018931        9.3636147898779012E-002  0.13462608262438799        1.8388396230622268      -0.13081798153803695     
   9.3636147898779012E-002   2.9958286726790542       0.81823481583543112      -0.13081798153803695        2.1448766190096098     
  0.13462608262438799       0.81823481583543112        2.7812376514757315      -0.16926597568982285       0.39474011946672960     
 first few columns of gr matrix
   7.9901256684812925       0.60062745885346525        1.3523745318556903        3.1685951575997184       0.43234657811347366     
  0.60062745885346569        10.800223736939744      -0.18564238295987545       0.43234657811347366        5.0053007399009051     
   1.3523745318556912      -0.18564238295987634        10.090781680655628       0.36858763750356510       0.59433709404429791     
   1.4783594342878970       0.25312763946116656       0.16484908230211356        5.0762062234706864       -7.6420799835746844E-002
  0.25312763946116656        2.3467560261728018       0.28303221796848632       -7.6420799835746872E-002   6.9634754075362677     
  0.16484908230211356       0.28303221796848632        1.6547239731476224       0.86717560928279536       -1.2978537405956489E-002
  0.86531835525814504        7.6571803233153421E-002   9.1167212110436199E-002   1.8090567575438925       -7.0227491285007534E-002
   7.6571803233153421E-002   1.1989752080852543       0.37558750146637260       -7.0227491285007534E-002   2.0812697076558524     
   9.1167212110436199E-002  0.37558750146637260        1.2565439389014705       -2.6076661859037828E-002  0.32066115347458912     
  
 about to enter dgetrf
 Just out of dgetrf:                 
  
  **** TRANSLATION/ROTATION FLOWS ****
     U(X-Z) =     1.000     0.000     0.000 A/SEC
  OMGA(X-Z) =     0.000     0.000     0.000 RAD/S

 FTOTH(X-Z) =   -0.14811E+02   -0.48712E+00    0.18279E+00
 TTOTH(X-Z) =    0.18277E+01    0.17638E+01    0.63961E+00

     U(X-Z) =     0.000     1.000     0.000 A/SEC
  OMGA(X-Z) =     0.000     0.000     0.000 RAD/S

 FTOTH(X-Z) =   -0.48698E+00   -0.14443E+02   -0.37828E+00
 TTOTH(X-Z) =   -0.67816E+00   -0.63624E+00   -0.11281E+02

     U(X-Z) =     0.000     0.000     1.000 A/SEC
  OMGA(X-Z) =     0.000     0.000     0.000 RAD/S

 FTOTH(X-Z) =    0.18273E+00   -0.37836E+00   -0.15195E+02
 TTOTH(X-Z) =    0.36002E+01    0.11287E+02   -0.11849E+01

     U(X-Z) =     0.000     0.000     0.000 A/SEC
  OMGA(X-Z) =     1.000     0.000     0.000 RAD/S

 FTOTH(X-Z) =    0.18054E+01   -0.69974E+00    0.37028E+01
 TTOTH(X-Z) =   -0.83983E+04   -0.11618E+04    0.43161E+03

     U(X-Z) =     0.000     0.000     0.000 A/SEC
  OMGA(X-Z) =     0.000     1.000     0.000 RAD/S

 FTOTH(X-Z) =    0.17735E+01   -0.64010E+00    0.11361E+02
 TTOTH(X-Z) =   -0.11581E+04   -0.74195E+04   -0.84770E+03

     U(X-Z) =     0.000     0.000     0.000 A/SEC
  OMGA(X-Z) =     0.000     0.000     1.000 RAD/S

 FTOTH(X-Z) =    0.50905E+00   -0.11312E+02   -0.11562E+01
 TTOTH(X-Z) =    0.43547E+03   -0.84834E+03   -0.88451E+04

 I,J,Ktt,Ktr,Krt,Krr=    1    1  0.1481E+02 -0.1828E+01 -0.1805E+01  0.8398E+04
 I,J,Ktt,Ktr,Krt,Krr=    1    2  0.4870E+00  0.6782E+00 -0.1773E+01  0.1158E+04
 I,J,Ktt,Ktr,Krt,Krr=    1    3 -0.1827E+00 -0.3600E+01 -0.5091E+00 -0.4355E+03
 I,J,Ktt,Ktr,Krt,Krr=    2    1  0.4871E+00 -0.1764E+01  0.6997E+00  0.1162E+04
 I,J,Ktt,Ktr,Krt,Krr=    2    2  0.1444E+02  0.6362E+00  0.6401E+00  0.7420E+04
 I,J,Ktt,Ktr,Krt,Krr=    2    3  0.3784E+00 -0.1129E+02  0.1131E+02  0.8483E+03
 I,J,Ktt,Ktr,Krt,Krr=    3    1 -0.1828E+00 -0.6396E+00 -0.3703E+01 -0.4316E+03
 I,J,Ktt,Ktr,Krt,Krr=    3    2  0.3783E+00  0.1128E+02 -0.1136E+02  0.8477E+03
 I,J,Ktt,Ktr,Krt,Krr=    3    3  0.1520E+02  0.1185E+01  0.1156E+01  0.8845E+04
  
  Friction Tensors in Center of Resistance
  
  Ktt Tensor (A)
    0.14811E+02    0.48698E+00   -0.18273E+00
    0.48712E+00    0.14443E+02    0.37836E+00
   -0.18279E+00    0.37828E+00    0.15195E+02
  
  Symmetric Krt Tensor (A^2)
   -0.18166E+01   -0.17687E+01   -0.57433E+00
    0.68895E+00    0.63817E+00    0.11296E+02
   -0.36515E+01   -0.11324E+02    0.11705E+01
  
  Krr Tensor (A^3)
    0.83983E+04    0.11581E+04   -0.43547E+03
    0.11618E+04    0.74195E+04    0.84834E+03
   -0.43161E+03    0.84770E+03    0.88451E+04
  
 Raw Dtt tensor (no rot/trans coupling correction)
    0.67603E-01   -0.23021E-02    0.87027E-03
   -0.23028E-02    0.69360E-01   -0.17547E-02
    0.87056E-03   -0.17544E-02    0.65864E-01
  
 Raw Drr tensor (no rot/trans coupling correction)
    0.12224E-03   -0.19988E-04    0.79355E-05
   -0.20044E-04    0.13955E-03   -0.14371E-04
    0.78861E-05   -0.14350E-04    0.11482E-03
  
 Raw Dtt tensor, before CD transformation
    0.67603E-01   -0.23024E-02    0.87869E-03
   -0.23027E-02    0.69360E-01   -0.17485E-02
    0.87159E-03   -0.17565E-02    0.65942E-01
  
 Program finished at:                
 Elapsed time CPU_TIME:   57.588000000000001     
