 BEST ver.3.90 SFSU/ARAGON
  
 control gtensor value=   1.0000000000000000     
 true area (A^2)=    5929.6840000000002     
 total area (A^2) =    5668.7857818042485     
 centroid coords =    27.074255704697954        24.840340715883663       0.35874384787471980     
  
 first few rows of gr matrix
   7.9478038081396294       0.59744607316747556        1.3452113145995970        1.4627398501171442       0.25045322322732549     
  0.59744607316747489        10.743017432606317      -0.18465907789921798       0.25045322322732549        2.3219614109873015     
   1.3452113145995965      -0.18465907789921709        10.037333127936170       0.16310737182442525       0.28004184536419285     
   3.1351174135414830       0.42777862690272284       0.36469333041236779        5.0493187251047136       -7.6016016412802007E-002
  0.42777862690272284        4.9524173108825273       0.58805763449547910       -7.6016016412802034E-002   6.9265914778062392     
  0.36469333041236779       0.58805763449547910        3.6336435807425582       0.86258237926983861       -1.2909793074475290E-002
   1.9692948681855604        9.2646836598963403E-002  0.13320369279119887        1.8194113909268055      -0.12943582613909260     
   9.2646836598963403E-002   2.9641762902957374       0.80958976830439000      -0.12943582613909260        2.1222149576372269     
  0.13320369279119887       0.80958976830439000        2.7518525272707937      -0.16747759859206701       0.39056949872418101     
 first few columns of gr matrix
   7.9478038081396294       0.59744607316747489        1.3452113145995965        3.1351174135414830       0.42777862690272284     
  0.59744607316747556        10.743017432606317      -0.18465907789921709       0.42777862690272284        4.9524173108825273     
   1.3452113145995970      -0.18465907789921798        10.037333127936170       0.36469333041236779       0.58805763449547910     
   1.4627398501171442       0.25045322322732549       0.16310737182442525        5.0493187251047136       -7.6016016412802034E-002
  0.25045322322732549        2.3219614109873015       0.28004184536419285       -7.6016016412802007E-002   6.9265914778062392     
  0.16310737182442525       0.28004184536419285        1.6372410121176582       0.86258237926983861       -1.2909793074474839E-002
  0.85617584730576557        7.5762785007972219E-002   9.0203986314228643E-002   1.7899431958221881       -6.9485503791448272E-002
   7.5762785007972219E-002   1.1863074537171474       0.37161923741869080       -6.9485503791448272E-002   2.0592800841402239     
   9.0203986314228643E-002  0.37161923741869080        1.2432679429814568       -2.5801149283846202E-002  0.31727321292317678     
  
 about to enter dgetrf
 Just out of dgetrf:                 
  
  **** TRANSLATION/ROTATION FLOWS ****
     U(X-Z) =     1.000     0.000     0.000 A/SEC
  OMGA(X-Z) =     0.000     0.000     0.000 RAD/S

 FTOTH(X-Z) =   -0.14855E+02   -0.48680E+00    0.18191E+00
 TTOTH(X-Z) =    0.17674E+01    0.32438E+01    0.31558E+01

     U(X-Z) =     0.000     1.000     0.000 A/SEC
  OMGA(X-Z) =     0.000     0.000     0.000 RAD/S

 FTOTH(X-Z) =   -0.48674E+00   -0.14485E+02   -0.38105E+00
 TTOTH(X-Z) =   -0.20088E+01   -0.56183E+00   -0.60262E+01

     U(X-Z) =     0.000     0.000     1.000 A/SEC
  OMGA(X-Z) =     0.000     0.000     0.000 RAD/S

 FTOTH(X-Z) =    0.18183E+00   -0.38086E+00   -0.15235E+02
 TTOTH(X-Z) =    0.14925E+01    0.58953E+01   -0.12226E+01

     U(X-Z) =     0.000     0.000     0.000 A/SEC
  OMGA(X-Z) =     1.000     0.000     0.000 RAD/S

 FTOTH(X-Z) =    0.17696E+01   -0.20085E+01    0.14866E+01
 TTOTH(X-Z) =   -0.84661E+04   -0.11663E+04    0.43821E+03

     U(X-Z) =     0.000     0.000     0.000 A/SEC
  OMGA(X-Z) =     0.000     1.000     0.000 RAD/S

 FTOTH(X-Z) =    0.32351E+01   -0.56283E+00    0.59442E+01
 TTOTH(X-Z) =   -0.11647E+04   -0.74760E+04   -0.85100E+03

     U(X-Z) =     0.000     0.000     0.000 A/SEC
  OMGA(X-Z) =     0.000     0.000     1.000 RAD/S

 FTOTH(X-Z) =    0.31369E+01   -0.60412E+01   -0.11914E+01
 TTOTH(X-Z) =    0.43843E+03   -0.85053E+03   -0.89070E+04

 I,J,Ktt,Ktr,Krt,Krr=    1    1  0.1486E+02 -0.1767E+01 -0.1770E+01  0.8466E+04
 I,J,Ktt,Ktr,Krt,Krr=    1    2  0.4867E+00  0.2009E+01 -0.3235E+01  0.1165E+04
 I,J,Ktt,Ktr,Krt,Krr=    1    3 -0.1818E+00 -0.1493E+01 -0.3137E+01 -0.4384E+03
 I,J,Ktt,Ktr,Krt,Krr=    2    1  0.4868E+00 -0.3244E+01  0.2009E+01  0.1166E+04
 I,J,Ktt,Ktr,Krt,Krr=    2    2  0.1448E+02  0.5618E+00  0.5628E+00  0.7476E+04
 I,J,Ktt,Ktr,Krt,Krr=    2    3  0.3809E+00 -0.5895E+01  0.6041E+01  0.8505E+03
 I,J,Ktt,Ktr,Krt,Krr=    3    1 -0.1819E+00 -0.3156E+01 -0.1487E+01 -0.4382E+03
 I,J,Ktt,Ktr,Krt,Krr=    3    2  0.3810E+00  0.6026E+01 -0.5944E+01  0.8510E+03
 I,J,Ktt,Ktr,Krt,Krr=    3    3  0.1523E+02  0.1223E+01  0.1191E+01  0.8907E+04
  
  Friction Tensors in Center of Resistance
  
  Ktt Tensor (A)
    0.14855E+02    0.48674E+00   -0.18183E+00
    0.48680E+00    0.14485E+02    0.38086E+00
   -0.18191E+00    0.38105E+00    0.15235E+02
  
  Symmetric Krt Tensor (A^2)
   -0.17685E+01   -0.32395E+01   -0.31463E+01
    0.20086E+01    0.56233E+00    0.60337E+01
   -0.14896E+01   -0.59198E+01    0.12070E+01
  
  Krr Tensor (A^3)
    0.84661E+04    0.11647E+04   -0.43843E+03
    0.11663E+04    0.74760E+04    0.85053E+03
   -0.43821E+03    0.85100E+03    0.89070E+04
  
 Raw Dtt tensor (no rot/trans coupling correction)
    0.67402E-01   -0.22876E-02    0.86163E-03
   -0.22879E-02    0.69160E-01   -0.17563E-02
    0.86201E-03   -0.17571E-02    0.65693E-01
  
 Raw Drr tensor (no rot/trans coupling correction)
    0.12125E-03   -0.19785E-04    0.78576E-05
   -0.19811E-04    0.13846E-03   -0.14197E-04
    0.78581E-05   -0.14203E-04    0.11401E-03
  
 Raw Dtt tensor, before CD transformation
    0.67402E-01   -0.22879E-02    0.87324E-03
   -0.22878E-02    0.69160E-01   -0.17487E-02
    0.86240E-03   -0.17579E-02    0.65723E-01
  
 Program finished at:                
 Elapsed time CPU_TIME:   84.947999999999993     
