 BEST ver.3.90 SFSU/ARAGON
  
 control gtensor value=   1.0000000000000000     
 true area (A^2)=    5929.6840000000002     
 total area (A^2) =    5646.0938287194913     
 centroid coords =    27.112830542871663        24.827396499238940       0.33362912227295638     
  
 first few rows of gr matrix
   7.9637591172055711       0.59864545314435169        1.3479118420410847        1.4686186798109098       0.25145980812722429     
  0.59864545314435147        10.764584165703384      -0.18502978315702667       0.25145980812722429        2.3312934980905529     
   1.3479118420410843      -0.18502978315702667        10.057483191541166       0.16376290907575311       0.28116734851903757     
   3.1477176181114848       0.42949789208442463       0.36615905241329283        5.0594552914790603       -7.6168619454485637E-002
  0.42949789208442463        4.9723213409400966       0.59042106958138374       -7.6168619454485748E-002   6.9404966911796162     
  0.36615905241329283       0.59042106958138374        3.6482473886427256       0.86431402348103470       -1.2935709635005517E-002
   1.9772095695905592        9.3019189190565954E-002  0.13373904555706317        1.8267237026200291      -0.12995603564735386     
   9.3019189190565954E-002   2.9760894733484529       0.81284355288494659      -0.12995603564735386        2.1307442530608198     
  0.13373904555706317       0.81284355288494659        2.7629123697635571      -0.16815070001852009       0.39213921842956473     
 first few columns of gr matrix
   7.9637591172055711       0.59864545314435147        1.3479118420410843        3.1477176181114848       0.42949789208442463     
  0.59864545314435169        10.764584165703384      -0.18502978315702667       0.42949789208442463        4.9723213409400966     
   1.3479118420410847      -0.18502978315702667        10.057483191541166       0.36615905241329283       0.59042106958138374     
   1.4686186798109098       0.25145980812722429       0.16376290907575311        5.0594552914790603       -7.6168619454485748E-002
  0.25145980812722429        2.3312934980905529       0.28116734851903757       -7.6168619454485637E-002   6.9404966911796162     
  0.16376290907575311       0.28116734851903757        1.6438211713148778       0.86431402348103448       -1.2935709635005732E-002
  0.85961686382953295        7.6067279693169704E-002   9.0566520959878480E-002   1.7971370732631498       -6.9764769747689706E-002
   7.6067279693169704E-002   1.1910752868245105       0.37311279501031352       -6.9764769747689706E-002   2.0675564409410963     
   9.0566520959878480E-002  0.37311279501031352        1.2482647033417635       -2.5904845482818975E-002  0.31854835093559902     
  
 about to enter dgetrf
 Just out of dgetrf:                 
  
  **** TRANSLATION/ROTATION FLOWS ****
     U(X-Z) =     1.000     0.000     0.000 A/SEC
  OMGA(X-Z) =     0.000     0.000     0.000 RAD/S

 FTOTH(X-Z) =   -0.14834E+02   -0.48396E+00    0.18218E+00
 TTOTH(X-Z) =    0.17135E+01    0.29040E+01    0.31780E+01

     U(X-Z) =     0.000     1.000     0.000 A/SEC
  OMGA(X-Z) =     0.000     0.000     0.000 RAD/S

 FTOTH(X-Z) =   -0.48403E+00   -0.14463E+02   -0.38232E+00
 TTOTH(X-Z) =   -0.17045E+01   -0.57439E+00   -0.55641E+01

     U(X-Z) =     0.000     0.000     1.000 A/SEC
  OMGA(X-Z) =     0.000     0.000     0.000 RAD/S

 FTOTH(X-Z) =    0.18219E+00   -0.38224E+00   -0.15218E+02
 TTOTH(X-Z) =    0.13493E+01    0.54168E+01   -0.11481E+01

     U(X-Z) =     0.000     0.000     0.000 A/SEC
  OMGA(X-Z) =     1.000     0.000     0.000 RAD/S

 FTOTH(X-Z) =    0.17256E+01   -0.16697E+01    0.13716E+01
 TTOTH(X-Z) =   -0.84320E+04   -0.11613E+04    0.43583E+03

     U(X-Z) =     0.000     0.000     0.000 A/SEC
  OMGA(X-Z) =     0.000     1.000     0.000 RAD/S

 FTOTH(X-Z) =    0.28649E+01   -0.57641E+00    0.54557E+01
 TTOTH(X-Z) =   -0.11601E+04   -0.74451E+04   -0.85017E+03

     U(X-Z) =     0.000     0.000     0.000 A/SEC
  OMGA(X-Z) =     0.000     0.000     1.000 RAD/S

 FTOTH(X-Z) =    0.31296E+01   -0.55677E+01   -0.11323E+01
 TTOTH(X-Z) =    0.43791E+03   -0.84853E+03   -0.88715E+04

 I,J,Ktt,Ktr,Krt,Krr=    1    1  0.1483E+02 -0.1714E+01 -0.1726E+01  0.8432E+04
 I,J,Ktt,Ktr,Krt,Krr=    1    2  0.4840E+00  0.1705E+01 -0.2865E+01  0.1160E+04
 I,J,Ktt,Ktr,Krt,Krr=    1    3 -0.1822E+00 -0.1349E+01 -0.3130E+01 -0.4379E+03
 I,J,Ktt,Ktr,Krt,Krr=    2    1  0.4840E+00 -0.2904E+01  0.1670E+01  0.1161E+04
 I,J,Ktt,Ktr,Krt,Krr=    2    2  0.1446E+02  0.5744E+00  0.5764E+00  0.7445E+04
 I,J,Ktt,Ktr,Krt,Krr=    2    3  0.3822E+00 -0.5417E+01  0.5568E+01  0.8485E+03
 I,J,Ktt,Ktr,Krt,Krr=    3    1 -0.1822E+00 -0.3178E+01 -0.1372E+01 -0.4358E+03
 I,J,Ktt,Ktr,Krt,Krr=    3    2  0.3823E+00  0.5564E+01 -0.5456E+01  0.8502E+03
 I,J,Ktt,Ktr,Krt,Krr=    3    3  0.1522E+02  0.1148E+01  0.1132E+01  0.8872E+04
  
  Friction Tensors in Center of Resistance
  
  Ktt Tensor (A)
    0.14834E+02    0.48403E+00   -0.18219E+00
    0.48396E+00    0.14463E+02    0.38224E+00
   -0.18218E+00    0.38232E+00    0.15218E+02
  
  Symmetric Krt Tensor (A^2)
   -0.17196E+01   -0.28844E+01   -0.31538E+01
    0.16871E+01    0.57540E+00    0.55659E+01
   -0.13605E+01   -0.54363E+01    0.11402E+01
  
  Krr Tensor (A^3)
    0.84320E+04    0.11601E+04   -0.43791E+03
    0.11613E+04    0.74451E+04    0.84853E+03
   -0.43583E+03    0.85017E+03    0.88715E+04
  
 Raw Dtt tensor (no rot/trans coupling correction)
    0.67497E-01   -0.22818E-02    0.86542E-03
   -0.22815E-02    0.69267E-01   -0.17672E-02
    0.86537E-03   -0.17675E-02    0.65768E-01
  
 Raw Drr tensor (no rot/trans coupling correction)
    0.12174E-03   -0.19874E-04    0.79102E-05
   -0.19889E-04    0.13905E-03   -0.14281E-04
    0.78868E-05   -0.14301E-04    0.11448E-03
  
 Raw Dtt tensor, before CD transformation
    0.67497E-01   -0.22821E-02    0.87521E-03
   -0.22814E-02    0.69267E-01   -0.17603E-02
    0.86572E-03   -0.17683E-02    0.65795E-01
  
 Program finished at:                
 Elapsed time CPU_TIME:   88.140000000000001     
