 BEST ver.3.90 SFSU/ARAGON
  
 control gtensor value=   1.0000000000000000     
 true area (A^2)=    6716.1620000000003     
 total area (A^2) =    6322.7089013672758     
 centroid coords =    13.524856015779090        22.108034375880507        7.8543181177796608     
  
 first few rows of gr matrix
   8.2183504557059361       0.18061854794428228      -0.10430552516167131        2.8047337211946615       0.52749960527161455     
  0.18061854794428223        5.8005058926319428       0.76730134367084735       0.52749960527161455        2.2738528627655459     
 -0.10430552516167131       0.76730134367084801        8.2346527159361163       0.21921364412379002       0.29431465787737354     
   3.0005649397077021       0.72437272091886318       0.19332830472633358        5.5025344463379628       0.74945844970946696     
  0.72437272091886318        3.0733621799241733       0.36270749590262313       0.74945844970946673        7.0767098742384844     
  0.19332830472633358       0.36270749590262313        2.7733598771504155      -0.63608663833855594       0.38965863159304281     
   1.1142631159829568        2.6051603995089882E-002  -5.5991247098323503E-002  0.96515658764168977       0.14312794331568146     
   2.6051603995089882E-002   1.1926377876676941      -0.27616211695966614       0.14312794331568146        1.1025313660869329     
  -5.5991247098323503E-002 -0.27616211695966614        2.0317563235555687      -0.22295606813775939      -0.32168346080258514     
 first few columns of gr matrix
   8.2183504557059361       0.18061854794428223      -0.10430552516167131        3.0005649397077021       0.72437272091886318     
  0.18061854794428228        5.8005058926319428       0.76730134367084801       0.72437272091886318        3.0733621799241733     
 -0.10430552516167131       0.76730134367084735        8.2346527159361163       0.19332830472633358       0.36270749590262313     
   2.8047337211946615       0.52749960527161455       0.21921364412379002        5.5025344463379628       0.74945844970946673     
  0.52749960527161455        2.2738528627655459       0.29431465787737354       0.74945844970946696        7.0767098742384844     
  0.21921364412379002       0.29431465787737354        2.2918974345130509      -0.63608663833855639       0.38965863159304270     
  0.56843911976499162       -4.1741029687460823E-004   1.0398153558327508E-002  0.68459350462662405        9.9427517250764222E-002
  -4.1741029687460823E-004  0.59272583759305497       -9.2005147527533457E-002   9.9427517250764222E-002  0.78293602923829542     
   1.0398153558327508E-002  -9.2005147527533457E-002   1.0934011393499443      -0.15528220753920530      -0.24731512411261961     
  
 about to enter dgetrf
 Just out of dgetrf:                 
  
  **** TRANSLATION/ROTATION FLOWS ****
     U(X-Z) =     1.000     0.000     0.000 A/SEC
  OMGA(X-Z) =     0.000     0.000     0.000 RAD/S

 FTOTH(X-Z) =   -0.15187E+02   -0.17845E+00   -0.31932E+00
 TTOTH(X-Z) =    0.14002E+01   -0.45330E+01   -0.27361E+01

     U(X-Z) =     0.000     1.000     0.000 A/SEC
  OMGA(X-Z) =     0.000     0.000     0.000 RAD/S

 FTOTH(X-Z) =   -0.17822E+00   -0.15850E+02   -0.54994E+00
 TTOTH(X-Z) =    0.17433E+01   -0.73025E-01    0.32631E+01

     U(X-Z) =     0.000     0.000     1.000 A/SEC
  OMGA(X-Z) =     0.000     0.000     0.000 RAD/S

 FTOTH(X-Z) =   -0.31939E+00   -0.54986E+00   -0.15571E+02
 TTOTH(X-Z) =    0.56575E+01   -0.45436E+01   -0.13276E+01

     U(X-Z) =     0.000     0.000     0.000 A/SEC
  OMGA(X-Z) =     1.000     0.000     0.000 RAD/S

 FTOTH(X-Z) =    0.13957E+01    0.16842E+01    0.56722E+01
 TTOTH(X-Z) =   -0.88064E+04   -0.41855E+02   -0.53016E+03

     U(X-Z) =     0.000     0.000     0.000 A/SEC
  OMGA(X-Z) =     0.000     1.000     0.000 RAD/S

 FTOTH(X-Z) =   -0.44743E+01   -0.73955E-01   -0.45151E+01
 TTOTH(X-Z) =   -0.39633E+02   -0.98814E+04   -0.92280E+03

     U(X-Z) =     0.000     0.000     0.000 A/SEC
  OMGA(X-Z) =     0.000     0.000     1.000 RAD/S

 FTOTH(X-Z) =   -0.28092E+01    0.32355E+01   -0.12934E+01
 TTOTH(X-Z) =   -0.52818E+03   -0.92117E+03   -0.94524E+04

 I,J,Ktt,Ktr,Krt,Krr=    1    1  0.1519E+02 -0.1400E+01 -0.1396E+01  0.8806E+04
 I,J,Ktt,Ktr,Krt,Krr=    1    2  0.1782E+00 -0.1743E+01  0.4474E+01  0.3963E+02
 I,J,Ktt,Ktr,Krt,Krr=    1    3  0.3194E+00 -0.5657E+01  0.2809E+01  0.5282E+03
 I,J,Ktt,Ktr,Krt,Krr=    2    1  0.1785E+00  0.4533E+01 -0.1684E+01  0.4185E+02
 I,J,Ktt,Ktr,Krt,Krr=    2    2  0.1585E+02  0.7302E-01  0.7395E-01  0.9881E+04
 I,J,Ktt,Ktr,Krt,Krr=    2    3  0.5499E+00  0.4544E+01 -0.3235E+01  0.9212E+03
 I,J,Ktt,Ktr,Krt,Krr=    3    1  0.3193E+00  0.2736E+01 -0.5672E+01  0.5302E+03
 I,J,Ktt,Ktr,Krt,Krr=    3    2  0.5499E+00 -0.3263E+01  0.4515E+01  0.9228E+03
 I,J,Ktt,Ktr,Krt,Krr=    3    3  0.1557E+02  0.1328E+01  0.1293E+01  0.9452E+04
  
  Friction Tensors in Center of Resistance
  
  Ktt Tensor (A)
    0.15187E+02    0.17822E+00    0.31939E+00
    0.17845E+00    0.15850E+02    0.54986E+00
    0.31932E+00    0.54994E+00    0.15571E+02
  
  Symmetric Krt Tensor (A^2)
   -0.13980E+01    0.45036E+01    0.27726E+01
   -0.17138E+01    0.73490E-01   -0.32493E+01
   -0.56648E+01    0.45293E+01    0.13105E+01
  
  Krr Tensor (A^3)
    0.88064E+04    0.39633E+02    0.52818E+03
    0.41855E+02    0.98814E+04    0.92117E+03
    0.53016E+03    0.92280E+03    0.94524E+04
  
 Raw Dtt tensor (no rot/trans coupling correction)
    0.65880E-01   -0.69474E-03   -0.13268E-02
   -0.69570E-03    0.63175E-01   -0.22166E-02
   -0.13264E-02   -0.22169E-02    0.64326E-01
  
 Raw Drr tensor (no rot/trans coupling correction)
    0.11394E-03    0.13883E-06   -0.63801E-05
    0.11416E-06    0.10213E-03   -0.99593E-05
   -0.64015E-05   -0.99782E-05    0.10712E-03
  
 Raw Dtt tensor, before CD transformation
    0.65880E-01   -0.69462E-03   -0.13301E-02
   -0.69587E-03    0.63174E-01   -0.22085E-02
   -0.13266E-02   -0.22172E-02    0.64335E-01
  
 Program finished at:                
 Elapsed time CPU_TIME:   70.872000000000000     
