 BEST ver.3.90 SFSU/ARAGON
  
 control gtensor value=   1.0000000000000000     
 true area (A^2)=    6716.1620000000003     
 total area (A^2) =    6415.4814362728812     
 centroid coords =    13.456159390363803        22.083566666666673        7.9333659783677541     
  
 first few rows of gr matrix
   8.1587124010379526       0.17930785440615588      -0.10354861188019354        2.7641752284868111       0.51987157672397433     
  0.17930785440615588        5.7584133961642907       0.76173327259292400       0.51987157672397433        2.2409712939890585     
 -0.10354861188019265       0.76173327259292445        8.1748963607536886       0.21604365514427609       0.29005865353188942     
   2.9571745849275133       0.71389776370736457       0.19053263661060060        5.4626042374850172       0.74401985905359047     
  0.71389776370736457        3.0289191240215381       0.35746248129874791       0.74401985905359092        7.0253563559596204     
  0.19053263661060060       0.35746248129874791        2.7332550730816165      -0.63147075222914095       0.38683099812839206     
   1.0981500596444111        2.5674878824112776E-002  -5.5181572878635773E-002  0.95119972031913735       0.14105820899424060     
   2.5674878824112776E-002   1.1753913764848063      -0.27216861157901107       0.14105820899424060        1.0865879593978407     
  -5.5181572878635773E-002 -0.27216861157901107        2.0023756470905054      -0.21973196098084666      -0.31703168363008288     
 first few columns of gr matrix
   8.1587124010379526       0.17930785440615588      -0.10354861188019265        2.9571745849275133       0.71389776370736457     
  0.17930785440615588        5.7584133961642907       0.76173327259292445       0.71389776370736457        3.0289191240215381     
 -0.10354861188019354       0.76173327259292400        8.1748963607536886       0.19053263661060060       0.35746248129874791     
   2.7641752284868111       0.51987157672397433       0.21604365514427609        5.4626042374850172       0.74401985905359092     
  0.51987157672397433        2.2409712939890585       0.29005865353188942       0.74401985905359047        7.0253563559596204     
  0.21604365514427609       0.29005865353188942        2.2587549280845844      -0.63147075222914095       0.38683099812839250     
  0.56021907601551657       -4.1137423992050739E-004   1.0247788683371001E-002  0.67469378385975609        9.7989722923658873E-002
  -4.1137423992050739E-004  0.58415459021220373       -9.0674686073427074E-002   9.7989722923658873E-002  0.77161420392824343     
   1.0247788683371001E-002  -9.0674686073427074E-002   1.0775897623903534      -0.15303671370335697      -0.24373876726203406     
  
 about to enter dgetrf
 Just out of dgetrf:                 
  
  **** TRANSLATION/ROTATION FLOWS ****
     U(X-Z) =     1.000     0.000     0.000 A/SEC
  OMGA(X-Z) =     0.000     0.000     0.000 RAD/S

 FTOTH(X-Z) =   -0.15242E+02   -0.17580E+00   -0.32126E+00
 TTOTH(X-Z) =    0.14115E+01   -0.37049E+01   -0.22590E+01

     U(X-Z) =     0.000     1.000     0.000 A/SEC
  OMGA(X-Z) =     0.000     0.000     0.000 RAD/S

 FTOTH(X-Z) =   -0.17575E+00   -0.15905E+02   -0.55156E+00
 TTOTH(X-Z) =    0.83173E+00   -0.12689E+00    0.24108E+01

     U(X-Z) =     0.000     0.000     1.000 A/SEC
  OMGA(X-Z) =     0.000     0.000     0.000 RAD/S

 FTOTH(X-Z) =   -0.32149E+00   -0.55157E+00   -0.15626E+02
 TTOTH(X-Z) =    0.50560E+01   -0.36416E+01   -0.12843E+01

     U(X-Z) =     0.000     0.000     0.000 A/SEC
  OMGA(X-Z) =     1.000     0.000     0.000 RAD/S

 FTOTH(X-Z) =    0.14030E+01    0.75351E+00    0.50744E+01
 TTOTH(X-Z) =   -0.88988E+04   -0.40727E+02   -0.54494E+03

     U(X-Z) =     0.000     0.000     0.000 A/SEC
  OMGA(X-Z) =     0.000     1.000     0.000 RAD/S

 FTOTH(X-Z) =   -0.36175E+01   -0.10574E+00   -0.35587E+01
 TTOTH(X-Z) =   -0.39392E+02   -0.99822E+04   -0.92690E+03

     U(X-Z) =     0.000     0.000     0.000 A/SEC
  OMGA(X-Z) =     0.000     0.000     1.000 RAD/S

 FTOTH(X-Z) =   -0.22716E+01    0.23668E+01   -0.12635E+01
 TTOTH(X-Z) =   -0.54412E+03   -0.92798E+03   -0.95540E+04

 I,J,Ktt,Ktr,Krt,Krr=    1    1  0.1524E+02 -0.1412E+01 -0.1403E+01  0.8899E+04
 I,J,Ktt,Ktr,Krt,Krr=    1    2  0.1757E+00 -0.8317E+00  0.3618E+01  0.3939E+02
 I,J,Ktt,Ktr,Krt,Krr=    1    3  0.3215E+00 -0.5056E+01  0.2272E+01  0.5441E+03
 I,J,Ktt,Ktr,Krt,Krr=    2    1  0.1758E+00  0.3705E+01 -0.7535E+00  0.4073E+02
 I,J,Ktt,Ktr,Krt,Krr=    2    2  0.1591E+02  0.1269E+00  0.1057E+00  0.9982E+04
 I,J,Ktt,Ktr,Krt,Krr=    2    3  0.5516E+00  0.3642E+01 -0.2367E+01  0.9280E+03
 I,J,Ktt,Ktr,Krt,Krr=    3    1  0.3213E+00  0.2259E+01 -0.5074E+01  0.5449E+03
 I,J,Ktt,Ktr,Krt,Krr=    3    2  0.5516E+00 -0.2411E+01  0.3559E+01  0.9269E+03
 I,J,Ktt,Ktr,Krt,Krr=    3    3  0.1563E+02  0.1284E+01  0.1264E+01  0.9554E+04
  
  Friction Tensors in Center of Resistance
  
  Ktt Tensor (A)
    0.15242E+02    0.17575E+00    0.32149E+00
    0.17580E+00    0.15905E+02    0.55157E+00
    0.32126E+00    0.55156E+00    0.15626E+02
  
  Symmetric Krt Tensor (A^2)
   -0.14073E+01    0.36612E+01    0.22653E+01
   -0.79262E+00    0.11632E+00   -0.23888E+01
   -0.50652E+01    0.36001E+01    0.12739E+01
  
  Krr Tensor (A^3)
    0.88988E+04    0.39392E+02    0.54412E+03
    0.40727E+02    0.99822E+04    0.92798E+03
    0.54494E+03    0.92690E+03    0.95540E+04
  
 Raw Dtt tensor (no rot/trans coupling correction)
    0.65644E-01   -0.67935E-03   -0.13266E-02
   -0.67962E-03    0.62957E-01   -0.22083E-02
   -0.13256E-02   -0.22083E-02    0.64101E-01
  
 Raw Drr tensor (no rot/trans coupling correction)
    0.11277E-03    0.15271E-06   -0.64372E-05
    0.13911E-06    0.10109E-03   -0.98268E-05
   -0.64455E-05   -0.98162E-05    0.10599E-03
  
 Raw Dtt tensor, before CD transformation
    0.65644E-01   -0.67921E-03   -0.13304E-02
   -0.67974E-03    0.62957E-01   -0.22028E-02
   -0.13257E-02   -0.22085E-02    0.64106E-01
  
 Program finished at:                
 Elapsed time CPU_TIME:   202.42800000000000     
