 BEST ver.3.90 SFSU/ARAGON
  
 control gtensor value=   1.0000000000000000     
 true area (A^2)=    6716.1620000000003     
 total area (A^2) =    6378.7906171033264     
 centroid coords =    13.532864895549485        22.208624091734755        7.8862574931880136     
  
 first few rows of gr matrix
   8.1821432226182278       0.17982280457696920      -0.10384599079620256        2.7800747711351330       0.52286187929979788     
  0.17982280457696914        5.7749508533314069       0.76392087714675183       0.52286187929979788        2.2538613663315190     
 -0.10384599079620255       0.76392087714675183        8.1983736606817601       0.21728633877499082       0.29172707161364275     
   2.9741842603442743       0.71800410538340476       0.19162858080055936        5.4782921670210349       0.74615659285578340     
  0.71800410538340476        3.0463414742019492       0.35951860636202515       0.74615659285578251        7.0455323179525138     
  0.19162858080055936       0.35951860636202515        2.7489767629207238      -0.63328425879750072       0.38794192932112681     
   1.1044666214627934        2.5822560789657903E-002  -5.5498977420266403E-002  0.95667102342772115       0.14186957615602086     
   2.5822560789657903E-002   1.1821522305458294      -0.27373412609586961       0.14186957615602086        1.0928380159874369     
  -5.5498977420266403E-002 -0.27373412609586961        2.0138933166907491      -0.22099585975571887      -0.31885525064667475     
 first few columns of gr matrix
   8.1821432226182278       0.17982280457696914      -0.10384599079620255        2.9741842603442743       0.71800410538340476     
  0.17982280457696920        5.7749508533314069       0.76392087714675183       0.71800410538340476        3.0463414742019492     
 -0.10384599079620256       0.76392087714675183        8.1983736606817601       0.19162858080055936       0.35951860636202515     
   2.7800747711351330       0.52286187929979788       0.21728633877499082        5.4782921670210349       0.74615659285578251     
  0.52286187929979788        2.2538613663315190       0.29172707161364275       0.74615659285578340        7.0455323179525138     
  0.21728633877499082       0.29172707161364275        2.2717472919336874      -0.63328425879750050       0.38794192932112714     
  0.56344145750556041       -4.1374046555080592E-004   1.0306733988844486E-002  0.67857462414820324        9.8553360048637600E-002
  -4.1374046555080592E-004  0.58751464883821836       -9.1196247088623034E-002   9.8553360048637600E-002  0.77605253070904079     
   1.0306733988844486E-002  -9.1196247088623034E-002   1.0837880613288406      -0.15391698125340589      -0.24514075324511989     
  
 about to enter dgetrf
 Just out of dgetrf:                 
  
  **** TRANSLATION/ROTATION FLOWS ****
     U(X-Z) =     1.000     0.000     0.000 A/SEC
  OMGA(X-Z) =     0.000     0.000     0.000 RAD/S

 FTOTH(X-Z) =   -0.15221E+02   -0.17573E+00   -0.32054E+00
 TTOTH(X-Z) =    0.13543E+01   -0.42621E+01   -0.41329E+01

     U(X-Z) =     0.000     1.000     0.000 A/SEC
  OMGA(X-Z) =     0.000     0.000     0.000 RAD/S

 FTOTH(X-Z) =   -0.17544E+00   -0.15872E+02   -0.55119E+00
 TTOTH(X-Z) =    0.14567E+01   -0.12764E+00    0.33875E+01

     U(X-Z) =     0.000     0.000     1.000 A/SEC
  OMGA(X-Z) =     0.000     0.000     0.000 RAD/S

 FTOTH(X-Z) =   -0.32079E+00   -0.55123E+00   -0.15598E+02
 TTOTH(X-Z) =    0.70128E+01   -0.46256E+01   -0.12062E+01

     U(X-Z) =     0.000     0.000     0.000 A/SEC
  OMGA(X-Z) =     1.000     0.000     0.000 RAD/S

 FTOTH(X-Z) =    0.13576E+01    0.14028E+01    0.70242E+01
 TTOTH(X-Z) =   -0.88649E+04   -0.38400E+02   -0.53818E+03

     U(X-Z) =     0.000     0.000     0.000 A/SEC
  OMGA(X-Z) =     0.000     1.000     0.000 RAD/S

 FTOTH(X-Z) =   -0.42190E+01   -0.12916E+00   -0.45573E+01
 TTOTH(X-Z) =   -0.34419E+02   -0.99209E+04   -0.92449E+03

     U(X-Z) =     0.000     0.000     0.000 A/SEC
  OMGA(X-Z) =     0.000     0.000     1.000 RAD/S

 FTOTH(X-Z) =   -0.41460E+01    0.33453E+01   -0.12041E+01
 TTOTH(X-Z) =   -0.53527E+03   -0.92680E+03   -0.94975E+04

 I,J,Ktt,Ktr,Krt,Krr=    1    1  0.1522E+02 -0.1354E+01 -0.1358E+01  0.8865E+04
 I,J,Ktt,Ktr,Krt,Krr=    1    2  0.1754E+00 -0.1457E+01  0.4219E+01  0.3442E+02
 I,J,Ktt,Ktr,Krt,Krr=    1    3  0.3208E+00 -0.7013E+01  0.4146E+01  0.5353E+03
 I,J,Ktt,Ktr,Krt,Krr=    2    1  0.1757E+00  0.4262E+01 -0.1403E+01  0.3840E+02
 I,J,Ktt,Ktr,Krt,Krr=    2    2  0.1587E+02  0.1276E+00  0.1292E+00  0.9921E+04
 I,J,Ktt,Ktr,Krt,Krr=    2    3  0.5512E+00  0.4626E+01 -0.3345E+01  0.9268E+03
 I,J,Ktt,Ktr,Krt,Krr=    3    1  0.3205E+00  0.4133E+01 -0.7024E+01  0.5382E+03
 I,J,Ktt,Ktr,Krt,Krr=    3    2  0.5512E+00 -0.3387E+01  0.4557E+01  0.9245E+03
 I,J,Ktt,Ktr,Krt,Krr=    3    3  0.1560E+02  0.1206E+01  0.1204E+01  0.9498E+04
  
  Friction Tensors in Center of Resistance
  
  Ktt Tensor (A)
    0.15221E+02    0.17544E+00    0.32079E+00
    0.17573E+00    0.15872E+02    0.55123E+00
    0.32054E+00    0.55119E+00    0.15598E+02
  
  Symmetric Krt Tensor (A^2)
   -0.13560E+01    0.42405E+01    0.41394E+01
   -0.14297E+01    0.12840E+00   -0.33664E+01
   -0.70185E+01    0.45915E+01    0.12051E+01
  
  Krr Tensor (A^3)
    0.88649E+04    0.34419E+02    0.53527E+03
    0.38400E+02    0.99209E+04    0.92680E+03
    0.53818E+03    0.92449E+03    0.94975E+04
  
 Raw Dtt tensor (no rot/trans coupling correction)
    0.65733E-01   -0.68047E-03   -0.13278E-02
   -0.68169E-03    0.63087E-01   -0.22154E-02
   -0.13267E-02   -0.22153E-02    0.64216E-01
  
 Raw Drr tensor (no rot/trans coupling correction)
    0.11319E-03    0.20362E-06   -0.63993E-05
    0.16255E-06    0.10172E-03   -0.99356E-05
   -0.64299E-05   -0.99132E-05    0.10662E-03
  
 Raw Dtt tensor, before CD transformation
    0.65733E-01   -0.68030E-03   -0.13327E-02
   -0.68189E-03    0.63087E-01   -0.22056E-02
   -0.13270E-02   -0.22158E-02    0.64229E-01
  
 Program finished at:                
 Elapsed time CPU_TIME:   120.80400000000000     
