 BEST ver.3.90 SFSU/ARAGON
  
 control gtensor value=   1.0000000000000000     
 true area (A^2)=    6716.1620000000003     
 total area (A^2) =    6257.8177054267981     
 centroid coords =    13.455134782608679        22.110443115942047        7.9487110507246337     
  
 first few rows of gr matrix
   8.2608511492990271       0.18155260564902270      -0.10484493476568504        1.4493812605122307        5.7254190678982450E-002
  0.18155260564902248        5.8305028518704622       0.77126939534699379        5.7254190678982450E-002   1.4783973101804113     
 -0.10484493476568550       0.77126939534699379        8.2772377156646861      -0.16847218830146360      -0.28890525076907969     
   1.0551499423069559        7.4335173362890472E-002 -0.15850105171175002        9.9220840314995051       0.26262436764652330     
   7.4335173362890472E-002   1.1441075903342501      -0.30856853777557158       0.26262436764652380        8.6436160692430910     
 -0.15850105171175002      -0.30856853777557158        1.7964077717284530       0.19455923080992277       -1.5871719309326342     
  0.89746381270469811       -4.0310990716960662E-002  0.19515385354081138        3.8569307357808063       0.44303161241191219     
  -4.0310990716960662E-002  0.86897892553457046      -0.14234520564761946       0.44303161241191219        2.8318740392906236     
  0.19515385354081138      -0.14234520564761946        1.5663607104750925       0.74757783853960569        6.8130477643384493E-002
 first few columns of gr matrix
   8.2608511492990271       0.18155260564902248      -0.10484493476568550        1.0551499423069559        7.4335173362890472E-002
  0.18155260564902270        5.8305028518704622       0.77126939534699379        7.4335173362890472E-002   1.1441075903342501     
 -0.10484493476568504       0.77126939534699379        8.2772377156646861      -0.15850105171175002      -0.30856853777557158     
   1.4493812605122307        5.7254190678982450E-002 -0.16847218830146360        9.9220840314995051       0.26262436764652380     
   5.7254190678982450E-002   1.4783973101804113      -0.28890525076907969       0.26262436764652330        8.6436160692430910     
 -0.16847218830146360      -0.28890525076907969        2.5648420378194015       0.19455923080992293       -1.5871719309326346     
   1.2136813433764653       -2.0584349187585727E-002  0.27097184587002310        3.9977435843842213       0.46995981023110156     
  -2.0584349187585727E-002   1.1710974680000472       -9.9627492670954526E-002  0.46995981023110156        2.7718294620766564     
  0.27097184587002310       -9.9627492670954526E-002   2.1623097650448169       0.52295896142524967       -1.9546408321723267E-002
  
 about to enter dgetrf
 Just out of dgetrf:                 
  
  **** TRANSLATION/ROTATION FLOWS ****
     U(X-Z) =     1.000     0.000     0.000 A/SEC
  OMGA(X-Z) =     0.000     0.000     0.000 RAD/S

 FTOTH(X-Z) =   -0.15157E+02   -0.17420E+00   -0.32054E+00
 TTOTH(X-Z) =    0.14159E+01   -0.30622E+01   -0.25605E+01

     U(X-Z) =     0.000     1.000     0.000 A/SEC
  OMGA(X-Z) =     0.000     0.000     0.000 RAD/S

 FTOTH(X-Z) =   -0.17406E+00   -0.15824E+02   -0.54773E+00
 TTOTH(X-Z) =    0.13038E+00   -0.30867E-01    0.22209E+01

     U(X-Z) =     0.000     0.000     1.000 A/SEC
  OMGA(X-Z) =     0.000     0.000     0.000 RAD/S

 FTOTH(X-Z) =   -0.32062E+00   -0.54756E+00   -0.15540E+02
 TTOTH(X-Z) =    0.55152E+01   -0.34321E+01   -0.13721E+01

     U(X-Z) =     0.000     0.000     0.000 A/SEC
  OMGA(X-Z) =     1.000     0.000     0.000 RAD/S

 FTOTH(X-Z) =    0.13853E+01    0.13110E+00    0.55025E+01
 TTOTH(X-Z) =   -0.87601E+04   -0.42865E+02   -0.53668E+03

     U(X-Z) =     0.000     0.000     0.000 A/SEC
  OMGA(X-Z) =     0.000     1.000     0.000 RAD/S

 FTOTH(X-Z) =   -0.30141E+01   -0.10703E-01   -0.34139E+01
 TTOTH(X-Z) =   -0.40156E+02   -0.98269E+04   -0.92192E+03

     U(X-Z) =     0.000     0.000     0.000 A/SEC
  OMGA(X-Z) =     0.000     0.000     1.000 RAD/S

 FTOTH(X-Z) =   -0.25954E+01    0.21947E+01   -0.13362E+01
 TTOTH(X-Z) =   -0.53473E+03   -0.91787E+03   -0.94046E+04

 I,J,Ktt,Ktr,Krt,Krr=    1    1  0.1516E+02 -0.1416E+01 -0.1385E+01  0.8760E+04
 I,J,Ktt,Ktr,Krt,Krr=    1    2  0.1741E+00 -0.1304E+00  0.3014E+01  0.4016E+02
 I,J,Ktt,Ktr,Krt,Krr=    1    3  0.3206E+00 -0.5515E+01  0.2595E+01  0.5347E+03
 I,J,Ktt,Ktr,Krt,Krr=    2    1  0.1742E+00  0.3062E+01 -0.1311E+00  0.4287E+02
 I,J,Ktt,Ktr,Krt,Krr=    2    2  0.1582E+02  0.3087E-01  0.1070E-01  0.9827E+04
 I,J,Ktt,Ktr,Krt,Krr=    2    3  0.5476E+00  0.3432E+01 -0.2195E+01  0.9179E+03
 I,J,Ktt,Ktr,Krt,Krr=    3    1  0.3205E+00  0.2561E+01 -0.5502E+01  0.5367E+03
 I,J,Ktt,Ktr,Krt,Krr=    3    2  0.5477E+00 -0.2221E+01  0.3414E+01  0.9219E+03
 I,J,Ktt,Ktr,Krt,Krr=    3    3  0.1554E+02  0.1372E+01  0.1336E+01  0.9405E+04
  
  Friction Tensors in Center of Resistance
  
  Ktt Tensor (A)
    0.15157E+02    0.17406E+00    0.32062E+00
    0.17420E+00    0.15824E+02    0.54756E+00
    0.32054E+00    0.54773E+00    0.15540E+02
  
  Symmetric Krt Tensor (A^2)
   -0.14006E+01    0.30382E+01    0.25780E+01
   -0.13074E+00    0.20785E-01   -0.22078E+01
   -0.55088E+01    0.34230E+01    0.13541E+01
  
  Krr Tensor (A^3)
    0.87601E+04    0.40156E+02    0.53473E+03
    0.42865E+02    0.98269E+04    0.91787E+03
    0.53668E+03    0.92192E+03    0.94046E+04
  
 Raw Dtt tensor (no rot/trans coupling correction)
    0.66011E-01   -0.67977E-03   -0.13379E-02
   -0.68041E-03    0.63278E-01   -0.22155E-02
   -0.13376E-02   -0.22162E-02    0.64454E-01
  
 Raw Drr tensor (no rot/trans coupling correction)
    0.11455E-03    0.14427E-06   -0.65274E-05
    0.11192E-06    0.10270E-03   -0.10030E-04
   -0.65480E-05   -0.10076E-04    0.10769E-03
  
 Raw Dtt tensor, before CD transformation
    0.66011E-01   -0.67959E-03   -0.13432E-02
   -0.68052E-03    0.63278E-01   -0.22100E-02
   -0.13377E-02   -0.22165E-02    0.64460E-01
  
 Program finished at:                
 Elapsed time CPU_TIME:   38.991999999999997     
