 BEST ver.3.90 SFSU/ARAGON
  
 control gtensor value=   1.0000000000000000     
 true area (A^2)=    6716.1620000000003     
 total area (A^2) =    6428.5206301932640     
 centroid coords =    13.371459742351043        22.034237699051744        7.8350492037931740     
  
 first few rows of gr matrix
   8.1504338997194505       0.17912591389444832      -0.10344354293329971        2.6390915887804725       0.44962063595394142     
  0.17912591389444843        5.7525704358355787       0.76096035530015227       0.44962063595394142        1.9050469270392290     
 -0.10344354293329927       0.76096035530015227        8.1666014378572136        7.5350976284770846E-002  0.14075998176248633     
   3.5345911382853972       0.74738707187170239      -0.12997421577615764        5.1954104409583719       0.79225518706949449     
  0.74738707187170239        2.9816363760144151        9.6397584085509053E-002  0.79225518706949427        6.2179059624458004     
 -0.12997421577615764        9.6397584085509053E-002   2.8581101838720029      -0.62684291683493520       0.34859534739423537     
   1.0959226433529961        2.5622801566664188E-002  -5.5069646158478432E-002  0.76552551068834740        9.4714911623699424E-002
   2.5622801566664188E-002   1.1730072889206542      -0.27161656243589222        9.4714911623699424E-002  0.81375448329468980     
  -5.5069646158478432E-002 -0.27161656243589222        1.9983141583179185      -0.19172988796416685      -0.22793485362558849     
 first few columns of gr matrix
   8.1504338997194505       0.17912591389444843      -0.10344354293329927        3.5345911382853972       0.74738707187170239     
  0.17912591389444832        5.7525704358355787       0.76096035530015227       0.74738707187170239        2.9816363760144151     
 -0.10344354293329971       0.76096035530015227        8.1666014378572136      -0.12997421577615764        9.6397584085509053E-002
   2.6390915887804725       0.44962063595394142        7.5350976284770846E-002   5.1954104409583719       0.79225518706949427     
  0.44962063595394142        1.9050469270392290       0.14075998176248633       0.79225518706949449        6.2179059624458004     
   7.5350976284770846E-002  0.14075998176248633        1.9663105728918344      -0.62684291683493520       0.34859534739423526     
  0.55908276400996126       -4.1053983511786865E-004   1.0227002734070970E-002  0.56063688423945213        5.5010047754762502E-002
  -4.1053983511786865E-004  0.58296972896349442       -9.0490767426604043E-002   5.5010047754762502E-002  0.57184726640476735     
   1.0227002734070970E-002  -9.0490767426604043E-002   1.0754040492711623      -0.14199878134629920      -0.15287236096962006     
  
 about to enter dgetrf
 Just out of dgetrf:                 
  
  **** TRANSLATION/ROTATION FLOWS ****
     U(X-Z) =     1.000     0.000     0.000 A/SEC
  OMGA(X-Z) =     0.000     0.000     0.000 RAD/S

 FTOTH(X-Z) =   -0.15251E+02   -0.17672E+00   -0.32205E+00
 TTOTH(X-Z) =    0.14226E+01   -0.50204E+01   -0.15807E+01

     U(X-Z) =     0.000     1.000     0.000 A/SEC
  OMGA(X-Z) =     0.000     0.000     0.000 RAD/S

 FTOTH(X-Z) =   -0.17666E+00   -0.15911E+02   -0.55047E+00
 TTOTH(X-Z) =    0.21829E+01   -0.76012E-01    0.95717E+00

     U(X-Z) =     0.000     0.000     1.000 A/SEC
  OMGA(X-Z) =     0.000     0.000     0.000 RAD/S

 FTOTH(X-Z) =   -0.32215E+00   -0.55046E+00   -0.15634E+02
 TTOTH(X-Z) =    0.44204E+01   -0.22181E+01   -0.13223E+01

     U(X-Z) =     0.000     0.000     0.000 A/SEC
  OMGA(X-Z) =     1.000     0.000     0.000 RAD/S

 FTOTH(X-Z) =    0.14191E+01    0.21612E+01    0.44019E+01
 TTOTH(X-Z) =   -0.89105E+04   -0.40854E+02   -0.54403E+03

     U(X-Z) =     0.000     0.000     0.000 A/SEC
  OMGA(X-Z) =     0.000     1.000     0.000 RAD/S

 FTOTH(X-Z) =   -0.49835E+01   -0.78299E-01   -0.21952E+01
 TTOTH(X-Z) =   -0.40002E+02   -0.99948E+04   -0.92652E+03

     U(X-Z) =     0.000     0.000     0.000 A/SEC
  OMGA(X-Z) =     0.000     0.000     1.000 RAD/S

 FTOTH(X-Z) =   -0.15472E+01    0.94524E+00   -0.13156E+01
 TTOTH(X-Z) =   -0.54312E+03   -0.92707E+03   -0.95647E+04

 I,J,Ktt,Ktr,Krt,Krr=    1    1  0.1525E+02 -0.1423E+01 -0.1419E+01  0.8911E+04
 I,J,Ktt,Ktr,Krt,Krr=    1    2  0.1767E+00 -0.2183E+01  0.4984E+01  0.4000E+02
 I,J,Ktt,Ktr,Krt,Krr=    1    3  0.3222E+00 -0.4420E+01  0.1547E+01  0.5431E+03
 I,J,Ktt,Ktr,Krt,Krr=    2    1  0.1767E+00  0.5020E+01 -0.2161E+01  0.4085E+02
 I,J,Ktt,Ktr,Krt,Krr=    2    2  0.1591E+02  0.7601E-01  0.7830E-01  0.9995E+04
 I,J,Ktt,Ktr,Krt,Krr=    2    3  0.5505E+00  0.2218E+01 -0.9452E+00  0.9271E+03
 I,J,Ktt,Ktr,Krt,Krr=    3    1  0.3221E+00  0.1581E+01 -0.4402E+01  0.5440E+03
 I,J,Ktt,Ktr,Krt,Krr=    3    2  0.5505E+00 -0.9572E+00  0.2195E+01  0.9265E+03
 I,J,Ktt,Ktr,Krt,Krr=    3    3  0.1563E+02  0.1322E+01  0.1316E+01  0.9565E+04
  
  Friction Tensors in Center of Resistance
  
  Ktt Tensor (A)
    0.15251E+02    0.17666E+00    0.32215E+00
    0.17672E+00    0.15911E+02    0.55046E+00
    0.32205E+00    0.55047E+00    0.15634E+02
  
  Symmetric Krt Tensor (A^2)
   -0.14208E+01    0.50020E+01    0.15639E+01
   -0.21720E+01    0.77156E-01   -0.95120E+00
   -0.44111E+01    0.22067E+01    0.13189E+01
  
  Krr Tensor (A^3)
    0.89105E+04    0.40002E+02    0.54312E+03
    0.40854E+02    0.99948E+04    0.92707E+03
    0.54403E+03    0.92652E+03    0.95647E+04
  
 Raw Dtt tensor (no rot/trans coupling correction)
    0.65607E-01   -0.68251E-03   -0.13278E-02
   -0.68278E-03    0.62934E-01   -0.22017E-02
   -0.13274E-02   -0.22018E-02    0.64067E-01
  
 Raw Drr tensor (no rot/trans coupling correction)
    0.11262E-03    0.14336E-06   -0.64087E-05
    0.13502E-06    0.10096E-03   -0.97932E-05
   -0.64186E-05   -0.97879E-05    0.10586E-03
  
 Raw Dtt tensor, before CD transformation
    0.65607E-01   -0.68242E-03   -0.13305E-02
   -0.68287E-03    0.62934E-01   -0.21972E-02
   -0.13274E-02   -0.22019E-02    0.64069E-01
  
 Program finished at:                
 Elapsed time CPU_TIME:   237.24400000000000     
