 BEST ver.3.90 SFSU/ARAGON
  
 control gtensor value=   1.0000000000000000     
 true area (A^2)=    11377.322000000000     
 total area (A^2) =    10638.592008567884     
 centroid coords =   -27.531589399363515        18.411959427207631       -14.026224840891032     
  
 first few rows of gr matrix
   9.1628209821344466       -1.2684539671894748       0.30494449500475018        2.3385374879151719      -0.22786581283115054     
  -1.2684539671894748        7.0555172014149559      -0.78096393722094315      -0.22786581283115054        2.2956075645985741     
  0.30494449500474952      -0.78096393722094315        9.1250003031698235       0.32380839394881678      -0.57470968705553971     
   2.8111356010003710      -0.16495149429553083       -2.1223450424838735E-002   9.2737240254606625       -1.0026774282616941     
 -0.16495149429553083        2.5938914867637735      -0.55395160833440416       -1.0026774282616941        7.1067011450971531     
  -2.1223450424838735E-002 -0.55395160833440416        3.9509210918520150      -0.24954023297527284      -0.98798870475703993     
   2.2846362201180885       -5.7132612102587813E-002 -0.45781919266888882        1.3483321922718809        6.6445957042825618E-002
  -5.7132612102587813E-002   1.3845457601822113       -3.9605262670142131E-002   6.6445957042825618E-002   1.0173105056767426     
 -0.45781919266888882       -3.9605262670142131E-002   1.7379513060503304      -0.43244119983920126      -0.11634676002695414     
 first few columns of gr matrix
   9.1628209821344466       -1.2684539671894748       0.30494449500474952        2.8111356010003710      -0.16495149429553083     
  -1.2684539671894748        7.0555172014149559      -0.78096393722094315      -0.16495149429553083        2.5938914867637735     
  0.30494449500475018      -0.78096393722094315        9.1250003031698235       -2.1223450424838735E-002 -0.55395160833440416     
   2.3385374879151719      -0.22786581283115054       0.32380839394881678        9.2737240254606625       -1.0026774282616941     
 -0.22786581283115054        2.2956075645985741      -0.57470968705553971       -1.0026774282616941        7.1067011450971531     
  0.32380839394881678      -0.57470968705553971        3.4619679181432033      -0.24954023297527239      -0.98798870475703948     
   3.0660523818759091       -4.2339662795617745E-002 -0.67719689863533306        1.7009930723059912        7.6347264098757500E-002
  -4.2339662795617745E-002   2.0277102385028103      -0.11253516725989537        7.6347264098757500E-002   1.4450061959454719     
 -0.67719689863533306      -0.11253516725989537        2.8278519554163180      -0.43092846509891380      -0.24701999326195620     
  
 about to enter dgetrf
 Just out of dgetrf:                 
  
  **** TRANSLATION/ROTATION FLOWS ****
     U(X-Z) =     1.000     0.000     0.000 A/SEC
  OMGA(X-Z) =     0.000     0.000     0.000 RAD/S

 FTOTH(X-Z) =   -0.19592E+02   -0.92784E+00   -0.16643E+00
 TTOTH(X-Z) =   -0.30571E+01   -0.11573E+02   -0.70521E+01

     U(X-Z) =     0.000     1.000     0.000 A/SEC
  OMGA(X-Z) =     0.000     0.000     0.000 RAD/S

 FTOTH(X-Z) =   -0.92778E+00   -0.19240E+02    0.12616E-01
 TTOTH(X-Z) =    0.13258E+02   -0.20583E+01   -0.29312E+01

     U(X-Z) =     0.000     0.000     1.000 A/SEC
  OMGA(X-Z) =     0.000     0.000     0.000 RAD/S

 FTOTH(X-Z) =   -0.16622E+00    0.12813E-01   -0.20154E+02
 TTOTH(X-Z) =    0.33139E+01    0.15277E+01    0.49098E+01

     U(X-Z) =     0.000     0.000     0.000 A/SEC
  OMGA(X-Z) =     1.000     0.000     0.000 RAD/S

 FTOTH(X-Z) =   -0.31150E+01    0.13265E+02    0.32794E+01
 TTOTH(X-Z) =   -0.19059E+05   -0.42999E+04   -0.40926E+03

     U(X-Z) =     0.000     0.000     0.000 A/SEC
  OMGA(X-Z) =     0.000     1.000     0.000 RAD/S

 FTOTH(X-Z) =   -0.11628E+02   -0.20973E+01    0.15546E+01
 TTOTH(X-Z) =   -0.42983E+04   -0.17897E+05    0.25526E+03

     U(X-Z) =     0.000     0.000     0.000 A/SEC
  OMGA(X-Z) =     0.000     0.000     1.000 RAD/S

 FTOTH(X-Z) =   -0.70113E+01   -0.29161E+01    0.49528E+01
 TTOTH(X-Z) =   -0.41304E+03    0.25646E+03   -0.22607E+05

 I,J,Ktt,Ktr,Krt,Krr=    1    1  0.1959E+02  0.3057E+01  0.3115E+01  0.1906E+05
 I,J,Ktt,Ktr,Krt,Krr=    1    2  0.9278E+00 -0.1326E+02  0.1163E+02  0.4298E+04
 I,J,Ktt,Ktr,Krt,Krr=    1    3  0.1662E+00 -0.3314E+01  0.7011E+01  0.4130E+03
 I,J,Ktt,Ktr,Krt,Krr=    2    1  0.9278E+00  0.1157E+02 -0.1326E+02  0.4300E+04
 I,J,Ktt,Ktr,Krt,Krr=    2    2  0.1924E+02  0.2058E+01  0.2097E+01  0.1790E+05
 I,J,Ktt,Ktr,Krt,Krr=    2    3 -0.1281E-01 -0.1528E+01  0.2916E+01 -0.2565E+03
 I,J,Ktt,Ktr,Krt,Krr=    3    1  0.1664E+00  0.7052E+01 -0.3279E+01  0.4093E+03
 I,J,Ktt,Ktr,Krt,Krr=    3    2 -0.1262E-01  0.2931E+01 -0.1555E+01 -0.2553E+03
 I,J,Ktt,Ktr,Krt,Krr=    3    3  0.2015E+02 -0.4910E+01 -0.4953E+01  0.2261E+05
  
  Friction Tensors in Center of Resistance
  
  Ktt Tensor (A)
    0.19592E+02    0.92778E+00    0.16622E+00
    0.92784E+00    0.19240E+02   -0.12813E-01
    0.16643E+00   -0.12616E-01    0.20154E+02
  
  Symmetric Krt Tensor (A^2)
    0.30860E+01    0.11601E+02    0.70317E+01
   -0.13261E+02    0.20778E+01    0.29236E+01
   -0.32966E+01   -0.15411E+01   -0.49313E+01
  
  Krr Tensor (A^3)
    0.19059E+05    0.42983E+04    0.41304E+03
    0.42999E+04    0.17897E+05   -0.25646E+03
    0.40926E+03   -0.25526E+03    0.22607E+05
  
 Raw Dtt tensor (no rot/trans coupling correction)
    0.51163E-01   -0.24675E-02   -0.42353E-03
   -0.24676E-02    0.52095E-01    0.53470E-04
   -0.42404E-03    0.52985E-04    0.49621E-01
  
 Raw Drr tensor (no rot/trans coupling correction)
    0.55505E-04   -0.13347E-04   -0.11655E-05
   -0.13352E-04    0.59094E-04    0.91432E-06
   -0.11556E-05    0.90885E-06    0.44265E-04
  
 Raw Dtt tensor, before CD transformation
    0.51163E-01   -0.24675E-02   -0.42201E-03
   -0.24677E-02    0.52095E-01    0.65378E-04
   -0.42412E-03    0.52996E-04    0.49630E-01
  
 Program finished at:                
 Elapsed time CPU_TIME:   113.00800000000001     
