 BEST ver.3.90 SFSU/ARAGON
  
 control gtensor value=   1.0000000000000000     
 true area (A^2)=    11377.322000000000     
 total area (A^2) =    10417.137450713633     
 centroid coords =   -27.541798065476215        18.509206398809528       -13.839971875000003     
  
 first few rows of gr matrix
   11.404127017830159      -0.98823806019855853        6.4181230917706333E-002   3.4130705311477021      -0.34743977522642916     
 -0.98823806019855787        8.0715123010578385      -0.88829272468413056      -0.34743977522642916        3.0518127454249515     
   6.4181230917706111E-002 -0.88829272468412968        10.859748325597694       0.49275601146343895      -0.70500255388149535     
   3.3937853399704854      -0.14685324424587937        1.2716378569872681E-002   11.007572435386617      -0.76764261350096863     
 -0.14685324424587937        3.1626238994608045      -0.73961597891695130      -0.76764261350096819        8.2636764154423581     
   1.2716378569872681E-002 -0.73961597891695130        4.8362656530015382      -0.60289307095194089       -1.2420629262273062     
   3.8546583386427051      -0.69763240535374027      -0.46981260488275173        2.8253755718234954      -0.18164550117777850     
 -0.69763240535374027        2.6350344397282113       0.26909052722750898      -0.18164550117777850        2.0360125084128335     
 -0.46981260488275173       0.26909052722750898        2.6652117482708548      -0.85274957375589600       0.20773157523716135     
 first few columns of gr matrix
   11.404127017830159      -0.98823806019855787        6.4181230917706111E-002   3.3937853399704854      -0.14685324424587937     
 -0.98823806019855853        8.0715123010578385      -0.88829272468412968      -0.14685324424587937        3.1626238994608045     
   6.4181230917706333E-002 -0.88829272468413056        10.859748325597694        1.2716378569872681E-002 -0.73961597891695130     
   3.4130705311477021      -0.34743977522642916       0.49275601146343895        11.007572435386617      -0.76764261350096819     
 -0.34743977522642916        3.0518127454249515      -0.70500255388149535      -0.76764261350096863        8.2636764154423581     
  0.49275601146343895      -0.70500255388149535        4.4123746262477983      -0.60289307095194045       -1.2420629262273071     
   3.7696196297775679      -0.46693258275754268      -0.54873987032197780        2.2236372965311650       -7.5439389060114340E-002
 -0.46693258275754268        2.5566630401977615       0.10453685772146946       -7.5439389060114340E-002   1.6991381953747873     
 -0.54873987032197780       0.10453685772146946        3.1741738877621701      -0.56320358152427796       -4.5056217764444642E-002
  
 about to enter dgetrf
 Just out of dgetrf:                 
  
  **** TRANSLATION/ROTATION FLOWS ****
     U(X-Z) =     1.000     0.000     0.000 A/SEC
  OMGA(X-Z) =     0.000     0.000     0.000 RAD/S

 FTOTH(X-Z) =   -0.19509E+02   -0.93031E+00   -0.16895E+00
 TTOTH(X-Z) =   -0.32980E+01   -0.83205E+01   -0.83019E+01

     U(X-Z) =     0.000     1.000     0.000 A/SEC
  OMGA(X-Z) =     0.000     0.000     0.000 RAD/S

 FTOTH(X-Z) =   -0.93043E+00   -0.19143E+02    0.45842E-02
 TTOTH(X-Z) =    0.96738E+01   -0.16410E+01   -0.36327E+01

     U(X-Z) =     0.000     0.000     1.000 A/SEC
  OMGA(X-Z) =     0.000     0.000     0.000 RAD/S

 FTOTH(X-Z) =   -0.16862E+00    0.49371E-02   -0.20060E+02
 TTOTH(X-Z) =    0.43795E+01    0.16623E+01    0.47492E+01

     U(X-Z) =     0.000     0.000     0.000 A/SEC
  OMGA(X-Z) =     1.000     0.000     0.000 RAD/S

 FTOTH(X-Z) =   -0.32922E+01    0.96859E+01    0.43067E+01
 TTOTH(X-Z) =   -0.18788E+05   -0.42524E+04   -0.38610E+03

     U(X-Z) =     0.000     0.000     0.000 A/SEC
  OMGA(X-Z) =     0.000     1.000     0.000 RAD/S

 FTOTH(X-Z) =   -0.82999E+01   -0.16936E+01    0.17199E+01
 TTOTH(X-Z) =   -0.42489E+04   -0.17661E+05    0.21604E+03

     U(X-Z) =     0.000     0.000     0.000 A/SEC
  OMGA(X-Z) =     0.000     0.000     1.000 RAD/S

 FTOTH(X-Z) =   -0.82492E+01   -0.35966E+01    0.47002E+01
 TTOTH(X-Z) =   -0.39034E+03    0.22070E+03   -0.22318E+05

 I,J,Ktt,Ktr,Krt,Krr=    1    1  0.1951E+02  0.3298E+01  0.3292E+01  0.1879E+05
 I,J,Ktt,Ktr,Krt,Krr=    1    2  0.9304E+00 -0.9674E+01  0.8300E+01  0.4249E+04
 I,J,Ktt,Ktr,Krt,Krr=    1    3  0.1686E+00 -0.4379E+01  0.8249E+01  0.3903E+03
 I,J,Ktt,Ktr,Krt,Krr=    2    1  0.9303E+00  0.8321E+01 -0.9686E+01  0.4252E+04
 I,J,Ktt,Ktr,Krt,Krr=    2    2  0.1914E+02  0.1641E+01  0.1694E+01  0.1766E+05
 I,J,Ktt,Ktr,Krt,Krr=    2    3 -0.4937E-02 -0.1662E+01  0.3597E+01 -0.2207E+03
 I,J,Ktt,Ktr,Krt,Krr=    3    1  0.1690E+00  0.8302E+01 -0.4307E+01  0.3861E+03
 I,J,Ktt,Ktr,Krt,Krr=    3    2 -0.4584E-02  0.3633E+01 -0.1720E+01 -0.2160E+03
 I,J,Ktt,Ktr,Krt,Krr=    3    3  0.2006E+02 -0.4749E+01 -0.4700E+01  0.2232E+05
  
  Friction Tensors in Center of Resistance
  
  Ktt Tensor (A)
    0.19509E+02    0.93043E+00    0.16862E+00
    0.93031E+00    0.19143E+02   -0.49371E-02
    0.16895E+00   -0.45842E-02    0.20060E+02
  
  Symmetric Krt Tensor (A^2)
    0.32951E+01    0.83102E+01    0.82756E+01
   -0.96799E+01    0.16673E+01    0.36146E+01
   -0.43431E+01   -0.16911E+01   -0.47247E+01
  
  Krr Tensor (A^3)
    0.18788E+05    0.42489E+04    0.39034E+03
    0.42524E+04    0.17661E+05   -0.22070E+03
    0.38610E+03   -0.21604E+03    0.22318E+05
  
 Raw Dtt tensor (no rot/trans coupling correction)
    0.51382E-01   -0.24975E-02   -0.43251E-03
   -0.24971E-02    0.52359E-01    0.33876E-04
   -0.43331E-03    0.32999E-04    0.49853E-01
  
 Raw Drr tensor (no rot/trans coupling correction)
    0.56319E-04   -0.13563E-04   -0.11192E-05
   -0.13575E-04    0.59900E-04    0.82979E-06
   -0.11057E-05    0.81448E-06    0.44835E-04
  
 Raw Dtt tensor, before CD transformation
    0.51382E-01   -0.24974E-02   -0.42962E-03
   -0.24972E-02    0.52359E-01    0.44278E-04
   -0.43342E-03    0.33007E-04    0.49865E-01
  
 Program finished at:                
 Elapsed time CPU_TIME:   41.835999999999999     
