 BEST ver.3.90 SFSU/ARAGON
  
 control gtensor value=   1.0000000000000000     
 true area (A^2)=    11377.322000000000     
 total area (A^2) =    10543.841680160474     
 centroid coords =   -27.199805616875242        18.103178685307832       -14.061671449595336     
  
 first few rows of gr matrix
   11.335398825278553      -0.98228233771476270        6.3794435857477905E-002   3.3720560238348241      -0.34326462822263770     
 -0.98228233771476225        8.0228684679312501      -0.88293933346629827      -0.34326462822263770        3.0151394346853944     
   6.3794435857477683E-002 -0.88293933346629805        10.794300889523297       0.48683461462992333      -0.69653061281317841     
   3.3530025807587158      -0.14508852435360778        1.2563567194578065E-002   10.941234121486557      -0.76301633309659977     
 -0.14508852435360778        3.1246189828121231      -0.73072809198371058      -0.76301633309659977        8.2138744847047693     
   1.2563567194578065E-002 -0.73072809198371058        4.7781487605488691      -0.59925967130603941       -1.2345775010104969     
   3.8083373173874557      -0.68924903058021469      -0.46416691653766928        2.7914233326316524      -0.17946268641657867     
 -0.68924903058021469        2.6033695097738807       0.26585689484397518      -0.17946268641657867        2.0115459616030598     
 -0.46416691653766928       0.26585689484397518        2.6331841807939371      -0.84250217238821801       0.20523528688509640     
 first few columns of gr matrix
   11.335398825278553      -0.98228233771476225        6.3794435857477683E-002   3.3530025807587158      -0.14508852435360778     
 -0.98228233771476270        8.0228684679312501      -0.88293933346629805      -0.14508852435360778        3.1246189828121231     
   6.3794435857477905E-002 -0.88293933346629827        10.794300889523297        1.2563567194578065E-002 -0.73072809198371058     
   3.3720560238348241      -0.34326462822263770       0.48683461462992333        10.941234121486557      -0.76301633309659977     
 -0.34326462822263770        3.0151394346853944      -0.69653061281317841      -0.76301633309659977        8.2138744847047693     
  0.48683461462992333      -0.69653061281317841        4.3593515873964046      -0.59925967130603863       -1.2345775010104969     
   3.7243205096858034      -0.46132150333351662      -0.54214572138223249        2.1969160825019025       -7.4532841906737882E-002
 -0.46132150333351662        2.5259398910563147       0.10328064936703514       -7.4532841906737882E-002   1.6787198315279808     
 -0.54214572138223249       0.10328064936703514        3.1360301761266047      -0.55643562369795707       -4.4514781964590536E-002
  
 about to enter dgetrf
 Just out of dgetrf:                 
  
  **** TRANSLATION/ROTATION FLOWS ****
     U(X-Z) =     1.000     0.000     0.000 A/SEC
  OMGA(X-Z) =     0.000     0.000     0.000 RAD/S

 FTOTH(X-Z) =   -0.19561E+02   -0.92707E+00   -0.16597E+00
 TTOTH(X-Z) =   -0.30416E+01   -0.11966E+02   -0.60741E+00

     U(X-Z) =     0.000     1.000     0.000 A/SEC
  OMGA(X-Z) =     0.000     0.000     0.000 RAD/S

 FTOTH(X-Z) =   -0.92708E+00   -0.19196E+02    0.14740E-01
 TTOTH(X-Z) =    0.13264E+02   -0.21223E+01    0.38296E+01

     U(X-Z) =     0.000     0.000     1.000 A/SEC
  OMGA(X-Z) =     0.000     0.000     0.000 RAD/S

 FTOTH(X-Z) =   -0.16602E+00    0.14935E-01   -0.20122E+02
 TTOTH(X-Z) =   -0.31358E+01   -0.52517E+01    0.49742E+01

     U(X-Z) =     0.000     0.000     0.000 A/SEC
  OMGA(X-Z) =     1.000     0.000     0.000 RAD/S

 FTOTH(X-Z) =   -0.30083E+01    0.13337E+02   -0.31765E+01
 TTOTH(X-Z) =   -0.18970E+05   -0.42737E+04   -0.40120E+03

     U(X-Z) =     0.000     0.000     0.000 A/SEC
  OMGA(X-Z) =     0.000     1.000     0.000 RAD/S

 FTOTH(X-Z) =   -0.12015E+02   -0.21737E+01   -0.52359E+01
 TTOTH(X-Z) =   -0.42764E+04   -0.17799E+05    0.25508E+03

     U(X-Z) =     0.000     0.000     0.000 A/SEC
  OMGA(X-Z) =     0.000     0.000     1.000 RAD/S

 FTOTH(X-Z) =   -0.57702E+00    0.38456E+01    0.49211E+01
 TTOTH(X-Z) =   -0.40135E+03    0.25381E+03   -0.22499E+05

 I,J,Ktt,Ktr,Krt,Krr=    1    1  0.1956E+02  0.3042E+01  0.3008E+01  0.1897E+05
 I,J,Ktt,Ktr,Krt,Krr=    1    2  0.9271E+00 -0.1326E+02  0.1201E+02  0.4276E+04
 I,J,Ktt,Ktr,Krt,Krr=    1    3  0.1660E+00  0.3136E+01  0.5770E+00  0.4013E+03
 I,J,Ktt,Ktr,Krt,Krr=    2    1  0.9271E+00  0.1197E+02 -0.1334E+02  0.4274E+04
 I,J,Ktt,Ktr,Krt,Krr=    2    2  0.1920E+02  0.2122E+01  0.2174E+01  0.1780E+05
 I,J,Ktt,Ktr,Krt,Krr=    2    3 -0.1493E-01  0.5252E+01 -0.3846E+01 -0.2538E+03
 I,J,Ktt,Ktr,Krt,Krr=    3    1  0.1660E+00  0.6074E+00  0.3176E+01  0.4012E+03
 I,J,Ktt,Ktr,Krt,Krr=    3    2 -0.1474E-01 -0.3830E+01  0.5236E+01 -0.2551E+03
 I,J,Ktt,Ktr,Krt,Krr=    3    3  0.2012E+02 -0.4974E+01 -0.4921E+01  0.2250E+05
  
  Friction Tensors in Center of Resistance
  
  Ktt Tensor (A)
    0.19561E+02    0.92708E+00    0.16602E+00
    0.92707E+00    0.19196E+02   -0.14935E-01
    0.16597E+00   -0.14740E-01    0.20122E+02
  
  Symmetric Krt Tensor (A^2)
    0.30250E+01    0.11991E+02    0.59221E+00
   -0.13300E+02    0.21480E+01   -0.38376E+01
    0.31561E+01    0.52438E+01   -0.49477E+01
  
  Krr Tensor (A^3)
    0.18970E+05    0.42764E+04    0.40135E+03
    0.42737E+04    0.17799E+05   -0.25381E+03
    0.40120E+03   -0.25508E+03    0.22499E+05
  
 Raw Dtt tensor (no rot/trans coupling correction)
    0.51244E-01   -0.24752E-02   -0.42462E-03
   -0.24752E-02    0.52214E-01    0.59174E-04
   -0.42447E-03    0.58664E-04    0.49700E-01
  
 Raw Drr tensor (no rot/trans coupling correction)
    0.55762E-04   -0.13413E-04   -0.11460E-05
   -0.13405E-04    0.59415E-04    0.90939E-06
   -0.11463E-05    0.91283E-06    0.44478E-04
  
 Raw Dtt tensor, before CD transformation
    0.51244E-01   -0.24752E-02   -0.41755E-03
   -0.24751E-02    0.52214E-01    0.57253E-04
   -0.42451E-03    0.58670E-04    0.49705E-01
  
 Program finished at:                
 Elapsed time CPU_TIME:   67.307999999999993     
