 BEST ver.3.90 SFSU/ARAGON
  
 control gtensor value=   1.0000000000000000     
 true area (A^2)=    11377.322000000000     
 total area (A^2) =    10751.893015638503     
 centroid coords =   -27.538674798673600        18.361072240644265       -13.858850544765533     
  
 first few rows of gr matrix
   4.6855051137942478      -0.54482954888479851       -8.7379081539900982E-002   5.7247946566934553      -0.93166419608327478     
 -0.54482954888479829        4.1228013700239501      -0.68228728108804904      -0.93166419608327478        4.2589673541518405     
  -8.7379081539900760E-002 -0.68228728108804892        5.5161507547312745       0.21622500373183814      -0.48440505733738770     
   1.6141350528175327      -0.27126732430639017        8.7730821858996375E-002   10.744511151745824       -1.0473724856318993     
 -0.27126732430639017        1.1343972570153678      -0.11504055305420403       -1.0473724856318993        8.2720992286327615     
   8.7730821858996375E-002 -0.11504055305420403        1.2004428320214753      -0.25698456425409211       -1.1798547230007492     
  0.78832393321619865        2.0265928829198809E-002 -0.19240710145970616        2.5985655395420983       0.22891710713101693     
   2.0265928829198809E-002  0.47211694805429910       -2.1748159973482010E-002  0.22891710713101693        2.0468745941573827     
 -0.19240710145970616       -2.1748159973482010E-002  0.60781670355019590      -0.68658331192117661      -0.39343015601565101     
 first few columns of gr matrix
   4.6855051137942478      -0.54482954888479829       -8.7379081539900760E-002   1.6141350528175327      -0.27126732430639017     
 -0.54482954888479851        4.1228013700239501      -0.68228728108804892      -0.27126732430639017        1.1343972570153678     
  -8.7379081539900982E-002 -0.68228728108804904        5.5161507547312745        8.7730821858996375E-002 -0.11504055305420403     
   5.7247946566934553      -0.93166419608327478       0.21622500373183814        10.744511151745824       -1.0473724856318993     
 -0.93166419608327478        4.2589673541518405      -0.48440505733738770       -1.0473724856318993        8.2720992286327615     
  0.21622500373183814      -0.48440505733738770        4.7625721383229536      -0.25698456425409177       -1.1798547230007483     
   1.6562404470833323        3.9346493537034233E-002 -0.44199932316066159        1.2351240207682963       0.10569137174213833     
   3.9346493537034233E-002   1.0336241936927075       -5.1134407542512431E-002  0.10569137174213833        1.1412067069427942     
 -0.44199932316066159       -5.1134407542512431E-002   1.3935342410037572      -0.30019147349712400      -0.28020698907145308     
  
 about to enter dgetrf
 Just out of dgetrf:                 
  
  **** TRANSLATION/ROTATION FLOWS ****
     U(X-Z) =     1.000     0.000     0.000 A/SEC
  OMGA(X-Z) =     0.000     0.000     0.000 RAD/S

 FTOTH(X-Z) =   -0.19634E+02   -0.92300E+00   -0.16890E+00
 TTOTH(X-Z) =   -0.32934E+01   -0.74262E+01   -0.58149E+01

     U(X-Z) =     0.000     1.000     0.000 A/SEC
  OMGA(X-Z) =     0.000     0.000     0.000 RAD/S

 FTOTH(X-Z) =   -0.92295E+00   -0.19275E+02    0.14264E-01
 TTOTH(X-Z) =    0.92450E+01   -0.21061E+01   -0.23597E+01

     U(X-Z) =     0.000     0.000     1.000 A/SEC
  OMGA(X-Z) =     0.000     0.000     0.000 RAD/S

 FTOTH(X-Z) =   -0.16864E+00    0.14407E-01   -0.20193E+02
 TTOTH(X-Z) =    0.21506E+01    0.11716E+01    0.51018E+01

     U(X-Z) =     0.000     0.000     0.000 A/SEC
  OMGA(X-Z) =     1.000     0.000     0.000 RAD/S

 FTOTH(X-Z) =   -0.32764E+01    0.92659E+01    0.21111E+01
 TTOTH(X-Z) =   -0.19179E+05   -0.42933E+04   -0.43008E+03

     U(X-Z) =     0.000     0.000     0.000 A/SEC
  OMGA(X-Z) =     0.000     1.000     0.000 RAD/S

 FTOTH(X-Z) =   -0.74739E+01   -0.21344E+01    0.11997E+01
 TTOTH(X-Z) =   -0.42913E+04   -0.17951E+05    0.26521E+03

     U(X-Z) =     0.000     0.000     0.000 A/SEC
  OMGA(X-Z) =     0.000     0.000     1.000 RAD/S

 FTOTH(X-Z) =   -0.57680E+01   -0.23635E+01    0.51512E+01
 TTOTH(X-Z) =   -0.43445E+03    0.27116E+03   -0.22713E+05

 I,J,Ktt,Ktr,Krt,Krr=    1    1  0.1963E+02  0.3293E+01  0.3276E+01  0.1918E+05
 I,J,Ktt,Ktr,Krt,Krr=    1    2  0.9229E+00 -0.9245E+01  0.7474E+01  0.4291E+04
 I,J,Ktt,Ktr,Krt,Krr=    1    3  0.1686E+00 -0.2151E+01  0.5768E+01  0.4345E+03
 I,J,Ktt,Ktr,Krt,Krr=    2    1  0.9230E+00  0.7426E+01 -0.9266E+01  0.4293E+04
 I,J,Ktt,Ktr,Krt,Krr=    2    2  0.1928E+02  0.2106E+01  0.2134E+01  0.1795E+05
 I,J,Ktt,Ktr,Krt,Krr=    2    3 -0.1441E-01 -0.1172E+01  0.2364E+01 -0.2712E+03
 I,J,Ktt,Ktr,Krt,Krr=    3    1  0.1689E+00  0.5815E+01 -0.2111E+01  0.4301E+03
 I,J,Ktt,Ktr,Krt,Krr=    3    2 -0.1426E-01  0.2360E+01 -0.1200E+01 -0.2652E+03
 I,J,Ktt,Ktr,Krt,Krr=    3    3  0.2019E+02 -0.5102E+01 -0.5151E+01  0.2271E+05
  
  Friction Tensors in Center of Resistance
  
  Ktt Tensor (A)
    0.19634E+02    0.92295E+00    0.16864E+00
    0.92300E+00    0.19275E+02   -0.14407E-01
    0.16890E+00   -0.14264E-01    0.20193E+02
  
  Symmetric Krt Tensor (A^2)
    0.32849E+01    0.74500E+01    0.57914E+01
   -0.92554E+01    0.21202E+01    0.23616E+01
   -0.21309E+01   -0.11856E+01   -0.51265E+01
  
  Krr Tensor (A^3)
    0.19179E+05    0.42913E+04    0.43445E+03
    0.42933E+04    0.17951E+05   -0.27116E+03
    0.43008E+03   -0.26521E+03    0.22713E+05
  
 Raw Dtt tensor (no rot/trans coupling correction)
    0.51051E-01   -0.24448E-02   -0.42810E-03
   -0.24449E-02    0.51997E-01    0.57517E-04
   -0.42873E-03    0.57180E-04    0.49526E-01
  
 Raw Drr tensor (no rot/trans coupling correction)
    0.55123E-04   -0.13195E-04   -0.12119E-05
   -0.13201E-04    0.58877E-04    0.95542E-06
   -0.11979E-05    0.93736E-06    0.44063E-04
  
 Raw Dtt tensor, before CD transformation
    0.51051E-01   -0.24448E-02   -0.42614E-03
   -0.24450E-02    0.51997E-01    0.64081E-04
   -0.42879E-03    0.57189E-04    0.49534E-01
  
 Program finished at:                
 Elapsed time CPU_TIME:   208.59200000000001     
