 BEST ver.3.90 SFSU/ARAGON
  
 control gtensor value=   1.0000000000000000     
 true area (A^2)=    11377.322000000000     
 total area (A^2) =    10823.445667159360     
 centroid coords =   -27.464189357749365        18.381602906050968       -13.772001127919339     
  
 first few rows of gr matrix
   4.3615955083080031      -0.77504297408642642       -4.2396962202235322E-002   1.7201840077251154      -0.17322656379593460     
 -0.77504297408642597        4.2257242438754918      -0.44006776154822314      -0.17322656379593460        1.5128467222333246     
  -4.2396962202235322E-002 -0.44006776154822325        5.1811029802283892      -0.30274392337588940       -5.3996371482606449E-002
   1.1169844639658704       -5.6163480304633247E-003 -0.23643978029558552        4.6699917432532736      -0.54302565742203202     
  -5.6163480304633247E-003   1.0203751314651435      -0.11849760249213054      -0.54302565742203202        4.1091510711198440     
 -0.23643978029558552      -0.11849760249213054        1.7719899491530864       -8.7089775683533877E-002 -0.68002827695725510     
   1.1590332474780698      -0.15695899042334144      -0.18470119375115723        1.6034641771561566      -0.26947400479225581     
 -0.15695899042334144       0.73374390578661497        3.7705607144948375E-002 -0.26947400479225581        1.1268978770476927     
 -0.18470119375115723        3.7705607144948375E-002  0.80155236528896023        8.7150842699199399E-002 -0.11428003215757052     
 first few columns of gr matrix
   4.3615955083080031      -0.77504297408642597       -4.2396962202235322E-002   1.1169844639658704       -5.6163480304633247E-003
 -0.77504297408642642        4.2257242438754918      -0.44006776154822325       -5.6163480304633247E-003   1.0203751314651435     
  -4.2396962202235322E-002 -0.44006776154822314        5.1811029802283892      -0.23643978029558552      -0.11849760249213054     
   1.7201840077251154      -0.17322656379593460      -0.30274392337588940        4.6699917432532736      -0.54302565742203202     
 -0.17322656379593460        1.5128467222333246       -5.3996371482606449E-002 -0.54302565742203202        4.1091510711198440     
 -0.30274392337588940       -5.3996371482606449E-002   2.2084142368361808       -8.7089775683534321E-002 -0.68002827695725510     
   4.6095585520948781      -0.65465086212449564      -0.70306979839652539        5.6869486463104924      -0.92550506288237311     
 -0.65465086212449564        3.2243488113728147        6.5727223788616465E-002 -0.92550506288237311        4.2308117726208625     
 -0.70306979839652539        6.5727223788616465E-002   3.7321264755440349       0.21479556316199619      -0.48120270687322581     
  
 about to enter dgetrf
 Just out of dgetrf:                 
  
  **** TRANSLATION/ROTATION FLOWS ****
     U(X-Z) =     1.000     0.000     0.000 A/SEC
  OMGA(X-Z) =     0.000     0.000     0.000 RAD/S

 FTOTH(X-Z) =   -0.19666E+02   -0.92366E+00   -0.16671E+00
 TTOTH(X-Z) =   -0.34184E+01   -0.60295E+01   -0.61845E+01

     U(X-Z) =     0.000     1.000     0.000 A/SEC
  OMGA(X-Z) =     0.000     0.000     0.000 RAD/S

 FTOTH(X-Z) =   -0.92364E+00   -0.19298E+02    0.10698E-01
 TTOTH(X-Z) =    0.78566E+01   -0.19013E+01   -0.13762E+01

     U(X-Z) =     0.000     0.000     1.000 A/SEC
  OMGA(X-Z) =     0.000     0.000     0.000 RAD/S

 FTOTH(X-Z) =   -0.16655E+00    0.10813E-01   -0.20221E+02
 TTOTH(X-Z) =    0.26782E+01    0.11925E+00    0.50328E+01

     U(X-Z) =     0.000     0.000     0.000 A/SEC
  OMGA(X-Z) =     1.000     0.000     0.000 RAD/S

 FTOTH(X-Z) =   -0.33913E+01    0.79014E+01    0.26530E+01
 TTOTH(X-Z) =   -0.19269E+05   -0.43055E+04   -0.42728E+03

     U(X-Z) =     0.000     0.000     0.000 A/SEC
  OMGA(X-Z) =     0.000     1.000     0.000 RAD/S

 FTOTH(X-Z) =   -0.60335E+01   -0.19188E+01    0.18427E+00
 TTOTH(X-Z) =   -0.43036E+04   -0.18026E+05    0.26074E+03

     U(X-Z) =     0.000     0.000     0.000 A/SEC
  OMGA(X-Z) =     0.000     0.000     1.000 RAD/S

 FTOTH(X-Z) =   -0.61681E+01   -0.14144E+01    0.50544E+01
 TTOTH(X-Z) =   -0.43078E+03    0.26585E+03   -0.22794E+05

 I,J,Ktt,Ktr,Krt,Krr=    1    1  0.1967E+02  0.3418E+01  0.3391E+01  0.1927E+05
 I,J,Ktt,Ktr,Krt,Krr=    1    2  0.9236E+00 -0.7857E+01  0.6033E+01  0.4304E+04
 I,J,Ktt,Ktr,Krt,Krr=    1    3  0.1665E+00 -0.2678E+01  0.6168E+01  0.4308E+03
 I,J,Ktt,Ktr,Krt,Krr=    2    1  0.9237E+00  0.6030E+01 -0.7901E+01  0.4306E+04
 I,J,Ktt,Ktr,Krt,Krr=    2    2  0.1930E+02  0.1901E+01  0.1919E+01  0.1803E+05
 I,J,Ktt,Ktr,Krt,Krr=    2    3 -0.1081E-01 -0.1193E+00  0.1414E+01 -0.2659E+03
 I,J,Ktt,Ktr,Krt,Krr=    3    1  0.1667E+00  0.6184E+01 -0.2653E+01  0.4273E+03
 I,J,Ktt,Ktr,Krt,Krr=    3    2 -0.1070E-01  0.1376E+01 -0.1843E+00 -0.2607E+03
 I,J,Ktt,Ktr,Krt,Krr=    3    3  0.2022E+02 -0.5033E+01 -0.5054E+01  0.2279E+05
  
  Friction Tensors in Center of Resistance
  
  Ktt Tensor (A)
    0.19666E+02    0.92364E+00    0.16655E+00
    0.92366E+00    0.19298E+02   -0.10813E-01
    0.16671E+00   -0.10698E-01    0.20221E+02
  
  Symmetric Krt Tensor (A^2)
    0.34049E+01    0.60315E+01    0.61763E+01
   -0.78790E+01    0.19101E+01    0.13953E+01
   -0.26656E+01   -0.15176E+00   -0.50436E+01
  
  Krr Tensor (A^3)
    0.19269E+05    0.43036E+04    0.43078E+03
    0.43055E+04    0.18026E+05   -0.26585E+03
    0.42728E+03   -0.26074E+03    0.22794E+05
  
 Raw Dtt tensor (no rot/trans coupling correction)
    0.50968E-01   -0.24396E-02   -0.42111E-03
   -0.24397E-02    0.51935E-01    0.47866E-04
   -0.42150E-03    0.47591E-04    0.49458E-01
  
 Raw Drr tensor (no rot/trans coupling correction)
    0.54854E-04   -0.13113E-04   -0.11896E-05
   -0.13119E-04    0.58620E-04    0.93162E-06
   -0.11783E-05    0.91633E-06    0.43903E-04
  
 Raw Dtt tensor, before CD transformation
    0.50968E-01   -0.24396E-02   -0.41700E-03
   -0.24397E-02    0.51935E-01    0.52791E-04
   -0.42157E-03    0.47599E-04    0.49466E-01
  
 Program finished at:                
 Elapsed time CPU_TIME:   335.89999999999998     
