 BEST ver.3.90 SFSU/ARAGON
  
 control gtensor value=   1.0000000000000000     
 true area (A^2)=    7892.8540000000003     
 total area (A^2) =    7393.1968425050591     
 centroid coords =    11.959715800477888        16.234405017921162        8.3131069295101465     
  
 first few rows of gr matrix
   6.1694798975948872      -0.82745443636951665      -0.35823189805309630        2.8088581661901388       -5.9940084006958806E-002
 -0.82745443636951688        9.2884129850155510       -4.1368922009819842E-002  -5.9940084006958806E-002   2.8808818357666208     
 -0.35823189805309641       -4.1368922009820286E-002   8.1702189028013326      -0.47833432836609141      -0.27824504880296808     
   1.6556854518975497        1.2111371623769423E-002 -0.26239245762116803        9.1446707914464511       -1.7072354191236712     
   1.2111371623769423E-002   1.8560741951449189      -0.29624238297932531       -1.7072354191236712        11.315977097180117     
 -0.26239245762116803      -0.29624238297932531        2.8384357255468031      -0.61099334638054259      -0.74623943402648529     
  0.90296276020464583        7.8238059604398488E-002 -0.22847487880778725        4.1729732548512004        3.5849978963024984E-002
   7.8238059604398488E-002  0.93603034617211833      -0.22930362568125320        3.5849978963024984E-002   3.4236843197932343     
 -0.22847487880778725      -0.22930362568125320        1.4149598650494666      -0.91030825389404368      -0.47825180692759744     
 first few columns of gr matrix
   6.1694798975948872      -0.82745443636951688      -0.35823189805309641        1.6556854518975497        1.2111371623769423E-002
 -0.82745443636951665        9.2884129850155510       -4.1368922009820286E-002   1.2111371623769423E-002   1.8560741951449189     
 -0.35823189805309630       -4.1368922009819842E-002   8.1702189028013326      -0.26239245762116803      -0.29624238297932531     
   2.8088581661901388       -5.9940084006958806E-002 -0.47833432836609141        9.1446707914464511       -1.7072354191236712     
  -5.9940084006958806E-002   2.8808818357666208      -0.27824504880296808       -1.7072354191236712        11.315977097180117     
 -0.47833432836609141      -0.27824504880296808        4.8585076890932291      -0.61099334638054259      -0.74623943402648618     
   2.3589610945229387        5.6280849493984139E-002 -0.63043989888553187        4.9414645481919379       -4.2919742146192701E-002
   5.6280849493984139E-002   2.2032718577529415      -0.27943573773120606       -4.2919742146192701E-002   4.6529929634457199     
 -0.63043989888553187      -0.27943573773120606        3.6375384449912840       -1.1593992658847088      -0.61426901169961612     
  
 about to enter dgetrf
 Just out of dgetrf:                 
  
  **** TRANSLATION/ROTATION FLOWS ****
     U(X-Z) =     1.000     0.000     0.000 A/SEC
  OMGA(X-Z) =     0.000     0.000     0.000 RAD/S

 FTOTH(X-Z) =   -0.17062E+02   -0.20410E+00   -0.13257E+00
 TTOTH(X-Z) =   -0.20007E+00    0.41472E+01    0.20667E+01

     U(X-Z) =     0.000     1.000     0.000 A/SEC
  OMGA(X-Z) =     0.000     0.000     0.000 RAD/S

 FTOTH(X-Z) =   -0.20431E+00   -0.17137E+02   -0.12660E+00
 TTOTH(X-Z) =   -0.38677E+01   -0.80105E+00    0.56191E+01

     U(X-Z) =     0.000     0.000     1.000 A/SEC
  OMGA(X-Z) =     0.000     0.000     0.000 RAD/S

 FTOTH(X-Z) =   -0.13281E+00   -0.12644E+00   -0.16715E+02
 TTOTH(X-Z) =    0.83320E+00   -0.56746E+01    0.99369E+00

     U(X-Z) =     0.000     0.000     0.000 A/SEC
  OMGA(X-Z) =     1.000     0.000     0.000 RAD/S

 FTOTH(X-Z) =   -0.24413E+00   -0.38837E+01    0.76918E+00
 TTOTH(X-Z) =   -0.12032E+05   -0.36182E+03   -0.28227E+03

     U(X-Z) =     0.000     0.000     0.000 A/SEC
  OMGA(X-Z) =     0.000     1.000     0.000 RAD/S

 FTOTH(X-Z) =    0.42018E+01   -0.79567E+00   -0.55810E+01
 TTOTH(X-Z) =   -0.36535E+03   -0.12203E+05   -0.11082E+03

     U(X-Z) =     0.000     0.000     0.000 A/SEC
  OMGA(X-Z) =     0.000     0.000     1.000 RAD/S

 FTOTH(X-Z) =    0.21299E+01    0.55717E+01    0.10232E+01
 TTOTH(X-Z) =   -0.28090E+03   -0.10576E+03   -0.11443E+05

 I,J,Ktt,Ktr,Krt,Krr=    1    1  0.1706E+02  0.2001E+00  0.2441E+00  0.1203E+05
 I,J,Ktt,Ktr,Krt,Krr=    1    2  0.2043E+00  0.3868E+01 -0.4202E+01  0.3653E+03
 I,J,Ktt,Ktr,Krt,Krr=    1    3  0.1328E+00 -0.8332E+00 -0.2130E+01  0.2809E+03
 I,J,Ktt,Ktr,Krt,Krr=    2    1  0.2041E+00 -0.4147E+01  0.3884E+01  0.3618E+03
 I,J,Ktt,Ktr,Krt,Krr=    2    2  0.1714E+02  0.8011E+00  0.7957E+00  0.1220E+05
 I,J,Ktt,Ktr,Krt,Krr=    2    3  0.1264E+00  0.5675E+01 -0.5572E+01  0.1058E+03
 I,J,Ktt,Ktr,Krt,Krr=    3    1  0.1326E+00 -0.2067E+01 -0.7692E+00  0.2823E+03
 I,J,Ktt,Ktr,Krt,Krr=    3    2  0.1266E+00 -0.5619E+01  0.5581E+01  0.1108E+03
 I,J,Ktt,Ktr,Krt,Krr=    3    3  0.1672E+02 -0.9937E+00 -0.1023E+01  0.1144E+05
  
  Friction Tensors in Center of Resistance
  
  Ktt Tensor (A)
    0.17062E+02    0.20431E+00    0.13281E+00
    0.20410E+00    0.17137E+02    0.12644E+00
    0.13257E+00    0.12660E+00    0.16715E+02
  
  Symmetric Krt Tensor (A^2)
    0.22210E+00   -0.41745E+01   -0.20983E+01
    0.38757E+01    0.79836E+00   -0.55954E+01
   -0.80119E+00    0.56278E+01   -0.10084E+01
  
  Krr Tensor (A^3)
    0.12032E+05    0.36535E+03    0.28090E+03
    0.36182E+03    0.12203E+05    0.10576E+03
    0.28227E+03    0.11082E+03    0.11443E+05
  
 Raw Dtt tensor (no rot/trans coupling correction)
    0.58622E-01   -0.69549E-03   -0.46052E-03
   -0.69478E-03    0.58364E-01   -0.43595E-03
   -0.45967E-03   -0.43652E-03    0.59832E-01
  
 Raw Drr tensor (no rot/trans coupling correction)
    0.83233E-04   -0.24735E-05   -0.20203E-05
   -0.24502E-05    0.82024E-04   -0.69794E-06
   -0.20294E-05   -0.73331E-06    0.87443E-04
  
 Raw Dtt tensor, before CD transformation
    0.58622E-01   -0.69544E-03   -0.46666E-03
   -0.69477E-03    0.58364E-01   -0.43647E-03
   -0.45975E-03   -0.43659E-03    0.59842E-01
  
 Program finished at:                
 Elapsed time CPU_TIME:   42.600000000000001     
