 BEST ver.3.90 SFSU/ARAGON
  
 control gtensor value=   1.0000000000000000     
 true area (A^2)=    7892.8540000000003     
 total area (A^2) =    7531.0292670688368     
 centroid coords =    11.723004639175260        16.199765635738871        8.3159753436426307     
  
 first few rows of gr matrix
   5.2885824494423854      -0.38283449348780318      -0.52828219423701861        1.5147735361982457       -1.0571451141872217E-003
 -0.38283449348780318        7.9399023316526467      -0.23358086133926848       -1.0571451141872217E-003   1.4351303496197594     
 -0.52828219423701861      -0.23358086133926848        7.0924942484292846      -0.37709678506874927      -0.10164951746313826     
   1.3178311731390921       -1.2610623437574612E-002 -0.34230463908211956        6.5223797164971513       -1.1014501567341553     
  -1.2610623437574612E-002   1.3018698149646333       -1.2667919055353019E-002  -1.1014501567341548        7.5151353461065034     
 -0.34230463908211956       -1.2667919055353019E-002   2.1509279134433821      -0.74254613666577707      -0.57157672370667134     
  0.72473313341918399        2.5255228334663891E-002  -8.3863618444562901E-002   1.7403920711514154      -0.12400976044796895     
   2.5255228334663891E-002  0.82054277938364895      -0.21377710314036938      -0.12400976044796895        2.3594795810484608     
  -8.3863618444562901E-002 -0.21377710314036938        1.3025410440237724        3.2440100036812629E-002 -0.70096813859459273     
 first few columns of gr matrix
   5.2885824494423854      -0.38283449348780318      -0.52828219423701861        1.3178311731390921       -1.2610623437574612E-002
 -0.38283449348780318        7.9399023316526467      -0.23358086133926848       -1.2610623437574612E-002   1.3018698149646333     
 -0.52828219423701861      -0.23358086133926848        7.0924942484292846      -0.34230463908211956       -1.2667919055353019E-002
   1.5147735361982457       -1.0571451141872217E-003 -0.37709678506874927        6.5223797164971513       -1.1014501567341548     
  -1.0571451141872217E-003   1.4351303496197594      -0.10164951746313826       -1.1014501567341553        7.5151353461065034     
 -0.37709678506874927      -0.10164951746313826        2.5294390200314574      -0.74254613666577751      -0.57157672370667090     
  0.79690096285463741        2.0675407566021323E-002 -0.11323742912831843        1.7140222262281306      -0.10741585155160149     
   2.0675407566021323E-002  0.87837933122109346      -0.22596453097674585      -0.10741585155160149        2.1244240928699138     
 -0.11323742912831843      -0.22596453097674585        1.3734603128096687      -0.10691265469975735      -0.51653950124280434     
  
 about to enter dgetrf
 Just out of dgetrf:                 
  
  **** TRANSLATION/ROTATION FLOWS ****
     U(X-Z) =     1.000     0.000     0.000 A/SEC
  OMGA(X-Z) =     0.000     0.000     0.000 RAD/S

 FTOTH(X-Z) =   -0.17137E+02   -0.20496E+00   -0.13069E+00
 TTOTH(X-Z) =   -0.36160E+00    0.46413E+01    0.26040E+01

     U(X-Z) =     0.000     1.000     0.000 A/SEC
  OMGA(X-Z) =     0.000     0.000     0.000 RAD/S

 FTOTH(X-Z) =   -0.20486E+00   -0.17210E+02   -0.12847E+00
 TTOTH(X-Z) =   -0.41156E+01   -0.60968E+00    0.18962E+01

     U(X-Z) =     0.000     0.000     1.000 A/SEC
  OMGA(X-Z) =     0.000     0.000     0.000 RAD/S

 FTOTH(X-Z) =   -0.13062E+00   -0.12844E+00   -0.16784E+02
 TTOTH(X-Z) =    0.28618E+00   -0.18598E+01    0.96457E+00

     U(X-Z) =     0.000     0.000     0.000 A/SEC
  OMGA(X-Z) =     1.000     0.000     0.000 RAD/S

 FTOTH(X-Z) =   -0.38790E+00   -0.41151E+01    0.27386E+00
 TTOTH(X-Z) =   -0.12183E+05   -0.36898E+03   -0.27939E+03

     U(X-Z) =     0.000     0.000     0.000 A/SEC
  OMGA(X-Z) =     0.000     1.000     0.000 RAD/S

 FTOTH(X-Z) =    0.46509E+01   -0.61493E+00   -0.18162E+01
 TTOTH(X-Z) =   -0.37159E+03   -0.12370E+05   -0.11546E+03

     U(X-Z) =     0.000     0.000     0.000 A/SEC
  OMGA(X-Z) =     0.000     0.000     1.000 RAD/S

 FTOTH(X-Z) =    0.26201E+01    0.18626E+01    0.98507E+00
 TTOTH(X-Z) =   -0.28272E+03   -0.11394E+03   -0.11577E+05

 I,J,Ktt,Ktr,Krt,Krr=    1    1  0.1714E+02  0.3616E+00  0.3879E+00  0.1218E+05
 I,J,Ktt,Ktr,Krt,Krr=    1    2  0.2049E+00  0.4116E+01 -0.4651E+01  0.3716E+03
 I,J,Ktt,Ktr,Krt,Krr=    1    3  0.1306E+00 -0.2862E+00 -0.2620E+01  0.2827E+03
 I,J,Ktt,Ktr,Krt,Krr=    2    1  0.2050E+00 -0.4641E+01  0.4115E+01  0.3690E+03
 I,J,Ktt,Ktr,Krt,Krr=    2    2  0.1721E+02  0.6097E+00  0.6149E+00  0.1237E+05
 I,J,Ktt,Ktr,Krt,Krr=    2    3  0.1284E+00  0.1860E+01 -0.1863E+01  0.1139E+03
 I,J,Ktt,Ktr,Krt,Krr=    3    1  0.1307E+00 -0.2604E+01 -0.2739E+00  0.2794E+03
 I,J,Ktt,Ktr,Krt,Krr=    3    2  0.1285E+00 -0.1896E+01  0.1816E+01  0.1155E+03
 I,J,Ktt,Ktr,Krt,Krr=    3    3  0.1678E+02 -0.9646E+00 -0.9851E+00  0.1158E+05
  
  Friction Tensors in Center of Resistance
  
  Ktt Tensor (A)
    0.17137E+02    0.20486E+00    0.13062E+00
    0.20496E+00    0.17210E+02    0.12844E+00
    0.13069E+00    0.12847E+00    0.16784E+02
  
  Symmetric Krt Tensor (A^2)
    0.37475E+00   -0.46461E+01   -0.26121E+01
    0.41153E+01    0.61231E+00   -0.18794E+01
   -0.28002E+00    0.18380E+01   -0.97482E+00
  
  Krr Tensor (A^3)
    0.12183E+05    0.37159E+03    0.28272E+03
    0.36898E+03    0.12370E+05    0.11394E+03
    0.27939E+03    0.11546E+03    0.11577E+05
  
 Raw Dtt tensor (no rot/trans coupling correction)
    0.58366E-01   -0.69142E-03   -0.44895E-03
   -0.69177E-03    0.58118E-01   -0.43936E-03
   -0.44917E-03   -0.43946E-03    0.59587E-01
  
 Raw Drr tensor (no rot/trans coupling correction)
    0.82202E-04   -0.24508E-05   -0.19834E-05
   -0.24339E-05    0.80921E-04   -0.73701E-06
   -0.19596E-05   -0.74794E-06    0.86437E-04
  
 Raw Dtt tensor, before CD transformation
    0.58366E-01   -0.69140E-03   -0.45128E-03
   -0.69179E-03    0.58118E-01   -0.43681E-03
   -0.44920E-03   -0.43948E-03    0.59590E-01
  
 Program finished at:                
 Elapsed time CPU_TIME:   186.66800000000001     
