 BEST ver.3.90 SFSU/ARAGON
  
 control gtensor value=   1.0000000000000000     
 true area (A^2)=    7892.8540000000003     
 total area (A^2) =    7417.3388002094234     
 centroid coords =    11.782799472661653        16.437579239522620        8.3808372189841691     
  
 first few rows of gr matrix
   5.0807786953098661      -0.68900039611283037      -0.12159022498042915        1.6817681750884346        1.1797702970282917E-002
 -0.68900039611283059        7.7276100441197721      -0.17676650586378340        1.1797702970282917E-002   1.6754979863609867     
 -0.12159022498042915      -0.17676650586378384        6.7857318893505250      -0.33575554843338223      -0.22535026443788711     
   1.4109875414696889       -3.7218348205275841E-003 -0.26838518373037240        6.5721760447758246       -1.1098593840363624     
  -3.7218348205275841E-003   1.5658057571701525      -0.17380979963307752       -1.1098593840363633        7.5725110529833728     
 -0.26838518373037240      -0.17380979963307752        2.3256852806172832      -0.74821524407606010      -0.57594053314544968     
  0.76025688337054798        9.2348980656959383E-003  -4.7660915663165014E-002   1.7670682136894960      -0.12591054022090520     
   9.2348980656959383E-003  0.93217996320470986      -0.26556479677567868      -0.12591054022090520        2.3956448880864887     
  -4.7660915663165014E-002 -0.26556479677567868        1.3198243436318247        3.2937330946373772E-002 -0.71171234174844389     
 first few columns of gr matrix
   5.0807786953098661      -0.68900039611283059      -0.12159022498042915        1.4109875414696889       -3.7218348205275841E-003
 -0.68900039611283037        7.7276100441197721      -0.17676650586378384       -3.7218348205275841E-003   1.5658057571701525     
 -0.12159022498042915      -0.17676650586378340        6.7857318893505250      -0.26838518373037240      -0.17380979963307752     
   1.6817681750884346        1.1797702970282917E-002 -0.33575554843338223        6.5721760447758246       -1.1098593840363633     
   1.1797702970282917E-002   1.6754979863609867      -0.22535026443788711       -1.1098593840363624        7.5725110529833728     
 -0.33575554843338223      -0.22535026443788711        2.9060696205899137      -0.74821524407606010      -0.57594053314544880     
  0.83566470939390869        1.5124611417888640E-002  -9.1927770888014931E-002   1.7402941806792045      -0.10906228548699866     
   1.5124611417888640E-002  0.95536289638924998      -0.26537354208962022      -0.10906228548699866        2.1569865486820907     
  -9.1927770888014931E-002 -0.26537354208962022        1.4370746451596965      -0.10855137580356501      -0.52445684446109764     
  
 about to enter dgetrf
 Just out of dgetrf:                 
  
  **** TRANSLATION/ROTATION FLOWS ****
     U(X-Z) =     1.000     0.000     0.000 A/SEC
  OMGA(X-Z) =     0.000     0.000     0.000 RAD/S

 FTOTH(X-Z) =   -0.17078E+02   -0.20179E+00   -0.13287E+00
 TTOTH(X-Z) =   -0.29246E+00    0.54357E+01   -0.15519E+01

     U(X-Z) =     0.000     1.000     0.000 A/SEC
  OMGA(X-Z) =     0.000     0.000     0.000 RAD/S

 FTOTH(X-Z) =   -0.20194E+00   -0.17154E+02   -0.12738E+00
 TTOTH(X-Z) =   -0.49436E+01   -0.67342E+00    0.27992E+01

     U(X-Z) =     0.000     0.000     1.000 A/SEC
  OMGA(X-Z) =     0.000     0.000     0.000 RAD/S

 FTOTH(X-Z) =   -0.13318E+00   -0.12732E+00   -0.16724E+02
 TTOTH(X-Z) =    0.43464E+01   -0.29219E+01    0.93983E+00

     U(X-Z) =     0.000     0.000     0.000 A/SEC
  OMGA(X-Z) =     1.000     0.000     0.000 RAD/S

 FTOTH(X-Z) =   -0.31454E+00   -0.49067E+01    0.42762E+01
 TTOTH(X-Z) =   -0.12071E+05   -0.35925E+03   -0.28758E+03

     U(X-Z) =     0.000     0.000     0.000 A/SEC
  OMGA(X-Z) =     0.000     1.000     0.000 RAD/S

 FTOTH(X-Z) =    0.54227E+01   -0.67922E+00   -0.28112E+01
 TTOTH(X-Z) =   -0.36195E+03   -0.12241E+05   -0.11603E+03

     U(X-Z) =     0.000     0.000     0.000 A/SEC
  OMGA(X-Z) =     0.000     0.000     1.000 RAD/S

 FTOTH(X-Z) =   -0.15110E+01    0.27881E+01    0.98127E+00
 TTOTH(X-Z) =   -0.28672E+03   -0.10990E+03   -0.11457E+05

 I,J,Ktt,Ktr,Krt,Krr=    1    1  0.1708E+02  0.2925E+00  0.3145E+00  0.1207E+05
 I,J,Ktt,Ktr,Krt,Krr=    1    2  0.2019E+00  0.4944E+01 -0.5423E+01  0.3619E+03
 I,J,Ktt,Ktr,Krt,Krr=    1    3  0.1332E+00 -0.4346E+01  0.1511E+01  0.2867E+03
 I,J,Ktt,Ktr,Krt,Krr=    2    1  0.2018E+00 -0.5436E+01  0.4907E+01  0.3593E+03
 I,J,Ktt,Ktr,Krt,Krr=    2    2  0.1715E+02  0.6734E+00  0.6792E+00  0.1224E+05
 I,J,Ktt,Ktr,Krt,Krr=    2    3  0.1273E+00  0.2922E+01 -0.2788E+01  0.1099E+03
 I,J,Ktt,Ktr,Krt,Krr=    3    1  0.1329E+00  0.1552E+01 -0.4276E+01  0.2876E+03
 I,J,Ktt,Ktr,Krt,Krr=    3    2  0.1274E+00 -0.2799E+01  0.2811E+01  0.1160E+03
 I,J,Ktt,Ktr,Krt,Krr=    3    3  0.1672E+02 -0.9398E+00 -0.9813E+00  0.1146E+05
  
  Friction Tensors in Center of Resistance
  
  Ktt Tensor (A)
    0.17078E+02    0.20194E+00    0.13318E+00
    0.20179E+00    0.17154E+02    0.12732E+00
    0.13287E+00    0.12738E+00    0.16724E+02
  
  Symmetric Krt Tensor (A^2)
    0.30350E+00   -0.54292E+01    0.15314E+01
    0.49251E+01    0.67632E+00   -0.27936E+01
   -0.43113E+01    0.28665E+01   -0.96055E+00
  
  Krr Tensor (A^3)
    0.12071E+05    0.36195E+03    0.28672E+03
    0.35925E+03    0.12241E+05    0.10990E+03
    0.28758E+03    0.11603E+03    0.11457E+05
  
 Raw Dtt tensor (no rot/trans coupling correction)
    0.58567E-01   -0.68605E-03   -0.46116E-03
   -0.68554E-03    0.58307E-01   -0.43844E-03
   -0.46008E-03   -0.43866E-03    0.59802E-01
  
 Raw Drr tensor (no rot/trans coupling correction)
    0.82966E-04   -0.24337E-05   -0.20530E-05
   -0.24164E-05    0.81769E-04   -0.72390E-06
   -0.20581E-05   -0.76703E-06    0.87341E-04
  
 Raw Dtt tensor, before CD transformation
    0.58567E-01   -0.68603E-03   -0.46370E-03
   -0.68551E-03    0.58307E-01   -0.44240E-03
   -0.46011E-03   -0.43868E-03    0.59805E-01
  
 Program finished at:                
 Elapsed time CPU_TIME:   54.719999999999999     
