 BEST ver.3.90 SFSU/ARAGON
  
 control gtensor value=   1.0000000000000000     
 true area (A^2)=    7892.8540000000003     
 total area (A^2) =    7492.0362338066170     
 centroid coords =    11.575525595589673        16.082197775152604        8.1729500886001212     
  
 first few rows of gr matrix
   5.3023270604309456      -0.38382945030965343      -0.52965515822527287        1.5226573228002316       -1.0626471290355142E-003
 -0.38382945030965354        7.9605375150650186      -0.23418791967752303       -1.0626471290355142E-003   1.4425996254897575     
 -0.52965515822527331      -0.23418791967752303        7.1109270846978214      -0.37905942206413579      -0.10217856229044985     
   1.3246899540051458       -1.2676256657144811E-002 -0.34408619696051224        6.5393308698127672       -1.1043127393018484     
  -1.2676256657144811E-002   1.3086455233853891       -1.2733850475553022E-002  -1.1043127393018484        7.5346665934390238     
 -0.34408619696051224       -1.2733850475553022E-002   2.1621226275446168      -0.74447595583510351      -0.57306220678130071     
  0.72850507769384376        2.5386671633623462E-002  -8.4300094825808525E-002   1.7494501114230756      -0.12465518134067982     
   2.5386671633623462E-002  0.82481337430485513      -0.21488972692291891      -0.12465518134067982        2.3717597226439913     
  -8.4300094825808525E-002 -0.21488972692291891        1.3093202459216295        3.2608937701311853E-002 -0.70461639563623713     
 first few columns of gr matrix
   5.3023270604309456      -0.38382945030965354      -0.52965515822527331        1.3246899540051458       -1.2676256657144811E-002
 -0.38382945030965343        7.9605375150650186      -0.23418791967752303       -1.2676256657144811E-002   1.3086455233853891     
 -0.52965515822527287      -0.23418791967752303        7.1109270846978214      -0.34408619696051224       -1.2733850475553022E-002
   1.5226573228002316       -1.0626471290355142E-003 -0.37905942206413579        6.5393308698127672       -1.1043127393018484     
  -1.0626471290355142E-003   1.4425996254897575      -0.10217856229044985       -1.1043127393018484        7.5346665934390238     
 -0.37905942206413579      -0.10217856229044985        2.5426037321023585      -0.74447595583510329      -0.57306220678130226     
  0.80104851163597668        2.0783014741129695E-002 -0.11382678437203655        1.7229430220697040      -0.10797490782704930     
   2.0783014741129695E-002  0.88295094211701874      -0.22714058541608428      -0.10797490782704930        2.1354808652520694     
 -0.11382678437203655      -0.22714058541608428        1.3806086209585331      -0.10746909203812546      -0.51922788145405785     
  
 about to enter dgetrf
 Just out of dgetrf:                 
  
  **** TRANSLATION/ROTATION FLOWS ****
     U(X-Z) =     1.000     0.000     0.000 A/SEC
  OMGA(X-Z) =     0.000     0.000     0.000 RAD/S

 FTOTH(X-Z) =   -0.17123E+02   -0.20712E+00   -0.12950E+00
 TTOTH(X-Z) =   -0.39001E+00    0.24255E+01    0.45548E+01

     U(X-Z) =     0.000     1.000     0.000 A/SEC
  OMGA(X-Z) =     0.000     0.000     0.000 RAD/S

 FTOTH(X-Z) =   -0.20711E+00   -0.17192E+02   -0.12859E+00
 TTOTH(X-Z) =   -0.17952E+01   -0.61941E+00   -0.40025E+00

     U(X-Z) =     0.000     0.000     1.000 A/SEC
  OMGA(X-Z) =     0.000     0.000     0.000 RAD/S

 FTOTH(X-Z) =   -0.12954E+00   -0.12858E+00   -0.16764E+02
 TTOTH(X-Z) =   -0.15219E+01    0.40772E+00    0.98286E+00

     U(X-Z) =     0.000     0.000     0.000 A/SEC
  OMGA(X-Z) =     1.000     0.000     0.000 RAD/S

 FTOTH(X-Z) =   -0.39312E+00   -0.17578E+01   -0.15459E+01
 TTOTH(X-Z) =   -0.12154E+05   -0.37024E+03   -0.28188E+03

     U(X-Z) =     0.000     0.000     0.000 A/SEC
  OMGA(X-Z) =     0.000     1.000     0.000 RAD/S

 FTOTH(X-Z) =    0.23744E+01   -0.63072E+00    0.42994E+00
 TTOTH(X-Z) =   -0.37234E+03   -0.12332E+05   -0.11576E+03

     U(X-Z) =     0.000     0.000     0.000 A/SEC
  OMGA(X-Z) =     0.000     0.000     1.000 RAD/S

 FTOTH(X-Z) =    0.45552E+01   -0.40917E+00    0.10137E+01
 TTOTH(X-Z) =   -0.28228E+03   -0.11424E+03   -0.11539E+05

 I,J,Ktt,Ktr,Krt,Krr=    1    1  0.1712E+02  0.3900E+00  0.3931E+00  0.1215E+05
 I,J,Ktt,Ktr,Krt,Krr=    1    2  0.2071E+00  0.1795E+01 -0.2374E+01  0.3723E+03
 I,J,Ktt,Ktr,Krt,Krr=    1    3  0.1295E+00  0.1522E+01 -0.4555E+01  0.2823E+03
 I,J,Ktt,Ktr,Krt,Krr=    2    1  0.2071E+00 -0.2426E+01  0.1758E+01  0.3702E+03
 I,J,Ktt,Ktr,Krt,Krr=    2    2  0.1719E+02  0.6194E+00  0.6307E+00  0.1233E+05
 I,J,Ktt,Ktr,Krt,Krr=    2    3  0.1286E+00 -0.4077E+00  0.4092E+00  0.1142E+03
 I,J,Ktt,Ktr,Krt,Krr=    3    1  0.1295E+00 -0.4555E+01  0.1546E+01  0.2819E+03
 I,J,Ktt,Ktr,Krt,Krr=    3    2  0.1286E+00  0.4003E+00 -0.4299E+00  0.1158E+03
 I,J,Ktt,Ktr,Krt,Krr=    3    3  0.1676E+02 -0.9829E+00 -0.1014E+01  0.1154E+05
  
  Friction Tensors in Center of Resistance
  
  Ktt Tensor (A)
    0.17123E+02    0.20711E+00    0.12954E+00
    0.20712E+00    0.17192E+02    0.12858E+00
    0.12950E+00    0.12859E+00    0.16764E+02
  
  Symmetric Krt Tensor (A^2)
    0.39157E+00   -0.24000E+01   -0.45550E+01
    0.17765E+01    0.62506E+00    0.40471E+00
    0.15339E+01   -0.41883E+00   -0.99826E+00
  
  Krr Tensor (A^3)
    0.12154E+05    0.37234E+03    0.28228E+03
    0.37024E+03    0.12332E+05    0.11424E+03
    0.28188E+03    0.11576E+03    0.11539E+05
  
 Raw Dtt tensor (no rot/trans coupling correction)
    0.58411E-01   -0.70033E-03   -0.44596E-03
   -0.70037E-03    0.58177E-01   -0.44080E-03
   -0.44583E-03   -0.44084E-03    0.59657E-01
  
 Raw Drr tensor (no rot/trans coupling correction)
    0.82398E-04   -0.24692E-05   -0.19912E-05
   -0.24554E-05    0.81173E-04   -0.74352E-06
   -0.19881E-05   -0.75402E-06    0.86716E-04
  
 Raw Dtt tensor, before CD transformation
    0.58411E-01   -0.70032E-03   -0.44670E-03
   -0.70039E-03    0.58177E-01   -0.43752E-03
   -0.44588E-03   -0.44089E-03    0.59664E-01
  
 Program finished at:                
 Elapsed time CPU_TIME:   129.89599999999999     
