 BEST ver.3.90 SFSU/ARAGON
  
 control gtensor value=   1.0000000000000000     
 true area (A^2)=    7892.8540000000003     
 total area (A^2) =    7529.0543072577175     
 centroid coords =    11.653371943048578        16.240354606365198        8.3200708542713713     
  
 first few rows of gr matrix
   5.2892760327607240      -0.38288470119864171      -0.52835147702135643        1.5151708791758429       -1.0574224158282828E-003
 -0.38288470119864149        7.9409436284196175      -0.23361149483897417       -1.0574224158282828E-003   1.4355068012494792     
 -0.52835147702135643      -0.23361149483897420        7.0934244099126573      -0.37719570200639108      -0.10167618133135020     
   1.3181768558103246       -1.2613931352946977E-002 -0.34239442962921318        6.5232351089979730       -1.1015946089502253     
  -1.2613931352946977E-002   1.3022113107832229       -1.2671242000042195E-002  -1.1015946089502262        7.5161209358294476     
 -0.34239442962921318       -1.2671242000042195E-002   2.1514921272227361      -0.74264351958802766      -0.57165168445172965     
  0.72492323947419135        2.5261853079146541E-002  -8.3885616861533188E-002   1.7408485965337333      -0.12404228967183642     
   2.5261853079146541E-002  0.82075801743964538      -0.21383317939775970      -0.12404228967183642        2.3600985003917887     
  -8.3885616861533188E-002 -0.21383317939775970        1.3028827159136667        3.2448609457946649E-002 -0.70115201081095657     
 first few columns of gr matrix
   5.2892760327607240      -0.38288470119864149      -0.52835147702135643        1.3181768558103246       -1.2613931352946977E-002
 -0.38288470119864171        7.9409436284196175      -0.23361149483897420       -1.2613931352946977E-002   1.3022113107832229     
 -0.52835147702135643      -0.23361149483897417        7.0934244099126573      -0.34239442962921318       -1.2671242000042195E-002
   1.5151708791758429       -1.0574224158282828E-003 -0.37719570200639108        6.5232351089979730       -1.1015946089502262     
  -1.0574224158282828E-003   1.4355068012494792      -0.10167618133135020       -1.1015946089502253        7.5161209358294476     
 -0.37719570200639108      -0.10167618133135020        2.5301025217416817      -0.74264351958802766      -0.57165168445172920     
  0.79710999938311122        2.0680830969460190E-002 -0.11326713264253366        1.7144718344888787      -0.10744402799730558     
   2.0680830969460190E-002  0.87860974048728868      -0.22602380414030734      -0.10744402799730558        2.1249813543843046     
 -0.11326713264253366      -0.22602380414030734        1.3738205876608345      -0.10694069915098790      -0.51667499565075758     
  
 about to enter dgetrf
 Just out of dgetrf:                 
  
  **** TRANSLATION/ROTATION FLOWS ****
     U(X-Z) =     1.000     0.000     0.000 A/SEC
  OMGA(X-Z) =     0.000     0.000     0.000 RAD/S

 FTOTH(X-Z) =   -0.17136E+02   -0.20466E+00   -0.13014E+00
 TTOTH(X-Z) =   -0.39013E+00    0.47697E+01    0.18977E+01

     U(X-Z) =     0.000     1.000     0.000 A/SEC
  OMGA(X-Z) =     0.000     0.000     0.000 RAD/S

 FTOTH(X-Z) =   -0.20456E+00   -0.17209E+02   -0.12717E+00
 TTOTH(X-Z) =   -0.41814E+01   -0.59396E+00    0.80771E+00

     U(X-Z) =     0.000     0.000     1.000 A/SEC
  OMGA(X-Z) =     0.000     0.000     0.000 RAD/S

 FTOTH(X-Z) =   -0.13010E+00   -0.12715E+00   -0.16785E+02
 TTOTH(X-Z) =    0.92283E+00   -0.76967E+00    0.96998E+00

     U(X-Z) =     0.000     0.000     0.000 A/SEC
  OMGA(X-Z) =     1.000     0.000     0.000 RAD/S

 FTOTH(X-Z) =   -0.40823E+00   -0.41781E+01    0.91704E+00
 TTOTH(X-Z) =   -0.12181E+05   -0.36888E+03   -0.27643E+03

     U(X-Z) =     0.000     0.000     0.000 A/SEC
  OMGA(X-Z) =     0.000     1.000     0.000 RAD/S

 FTOTH(X-Z) =    0.47643E+01   -0.60010E+00   -0.73273E+00
 TTOTH(X-Z) =   -0.37074E+03   -0.12368E+05   -0.11261E+03

     U(X-Z) =     0.000     0.000     0.000 A/SEC
  OMGA(X-Z) =     0.000     0.000     1.000 RAD/S

 FTOTH(X-Z) =    0.19259E+01    0.78354E+00    0.99448E+00
 TTOTH(X-Z) =   -0.27841E+03   -0.11152E+03   -0.11577E+05

 I,J,Ktt,Ktr,Krt,Krr=    1    1  0.1714E+02  0.3901E+00  0.4082E+00  0.1218E+05
 I,J,Ktt,Ktr,Krt,Krr=    1    2  0.2046E+00  0.4181E+01 -0.4764E+01  0.3707E+03
 I,J,Ktt,Ktr,Krt,Krr=    1    3  0.1301E+00 -0.9228E+00 -0.1926E+01  0.2784E+03
 I,J,Ktt,Ktr,Krt,Krr=    2    1  0.2047E+00 -0.4770E+01  0.4178E+01  0.3689E+03
 I,J,Ktt,Ktr,Krt,Krr=    2    2  0.1721E+02  0.5940E+00  0.6001E+00  0.1237E+05
 I,J,Ktt,Ktr,Krt,Krr=    2    3  0.1271E+00  0.7697E+00 -0.7835E+00  0.1115E+03
 I,J,Ktt,Ktr,Krt,Krr=    3    1  0.1301E+00 -0.1898E+01 -0.9170E+00  0.2764E+03
 I,J,Ktt,Ktr,Krt,Krr=    3    2  0.1272E+00 -0.8077E+00  0.7327E+00  0.1126E+03
 I,J,Ktt,Ktr,Krt,Krr=    3    3  0.1679E+02 -0.9700E+00 -0.9945E+00  0.1158E+05
  
  Friction Tensors in Center of Resistance
  
  Ktt Tensor (A)
    0.17136E+02    0.20456E+00    0.13010E+00
    0.20466E+00    0.17209E+02    0.12715E+00
    0.13014E+00    0.12717E+00    0.16785E+02
  
  Symmetric Krt Tensor (A^2)
    0.39918E+00   -0.47670E+01   -0.19118E+01
    0.41797E+01    0.59703E+00   -0.79562E+00
   -0.91994E+00    0.75120E+00   -0.98223E+00
  
  Krr Tensor (A^3)
    0.12181E+05    0.37074E+03    0.27841E+03
    0.36888E+03    0.12368E+05    0.11152E+03
    0.27643E+03    0.11261E+03    0.11577E+05
  
 Raw Dtt tensor (no rot/trans coupling correction)
    0.58368E-01   -0.69050E-03   -0.44719E-03
   -0.69083E-03    0.58120E-01   -0.43491E-03
   -0.44731E-03   -0.43499E-03    0.59583E-01
  
 Raw Drr tensor (no rot/trans coupling correction)
    0.82216E-04   -0.24467E-05   -0.19535E-05
   -0.24347E-05    0.80936E-04   -0.72104E-06
   -0.19394E-05   -0.72884E-06    0.86428E-04
  
 Raw Dtt tensor, before CD transformation
    0.58368E-01   -0.69049E-03   -0.44804E-03
   -0.69085E-03    0.58120E-01   -0.43271E-03
   -0.44732E-03   -0.43500E-03    0.59585E-01
  
 Program finished at:                
 Elapsed time CPU_TIME:   195.95599999999999     
