 BEST ver.3.90 SFSU/ARAGON
  
 control gtensor value=   1.0000000000000000     
 true area (A^2)=    7892.8540000000003     
 total area (A^2) =    7346.5647585687002     
 centroid coords =    11.821404288702928        16.185814853556501        8.2380913528591471     
  
 first few rows of gr matrix
   11.209246696766280      -0.82364516370422236       0.53807358123509452        1.9356943552776187       -3.4741328858939713E-002
 -0.82364516370422280        16.838989463259658       0.62208538155017612       -3.4741328858939713E-002   2.0749625936026757     
  0.53807358123509452       0.62208538155017623        16.004665201674086       -5.9151436975446212E-002 -0.36896595050357195     
   3.5649843355992106       -8.4541397235291423E-003 -0.18488802510071298        9.1736476339144613       -1.7126451591705214     
  -8.4541397235291423E-003   4.0278301758831798      -0.47734355339832879       -1.7126451591705218        11.351834187412752     
 -0.18488802510071298      -0.47734355339832879        6.5487321675025578      -0.61292940929093254      -0.74860405305065092     
   2.3657792526548520       0.10300636338099359      -0.48113127766966440        4.6719152598658757      -0.18186555201849297     
  0.10300636338099359        2.4501883516785878      -0.39696747418962269      -0.18186555201849297        3.8523484456001045     
 -0.48113127766966440      -0.39696747418962269        4.1131399393052304      -0.98143061864130721      -0.38548639255000383     
 first few columns of gr matrix
   11.209246696766280      -0.82364516370422280       0.53807358123509452        3.5649843355992106       -8.4541397235291423E-003
 -0.82364516370422236        16.838989463259658       0.62208538155017623       -8.4541397235291423E-003   4.0278301758831798     
  0.53807358123509452       0.62208538155017612        16.004665201674086      -0.18488802510071298      -0.47734355339832879     
   1.9356943552776187       -3.4741328858939713E-002  -5.9151436975446212E-002   9.1736476339144613       -1.7126451591705218     
  -3.4741328858939713E-002   2.0749625936026757      -0.36896595050357195       -1.7126451591705214        11.351834187412752     
  -5.9151436975446212E-002 -0.36896595050357195        3.6149060219560876      -0.61292940929093276      -0.74860405305065036     
   1.4928158555116735        3.1783813661169551E-002 -0.27879567452433818        4.1856223256742098      -0.13449607780758208     
   3.1783813661169551E-002   1.5015188410596891      -0.24316705573265163      -0.13449607780758208        3.9349775900624291     
 -0.27879567452433818      -0.24316705573265163        2.6279017292821485      -0.97430080868017843      -0.42376433011392772     
  
 about to enter dgetrf
 Just out of dgetrf:                 
  
  **** TRANSLATION/ROTATION FLOWS ****
     U(X-Z) =     1.000     0.000     0.000 A/SEC
  OMGA(X-Z) =     0.000     0.000     0.000 RAD/S

 FTOTH(X-Z) =   -0.17045E+02   -0.20587E+00   -0.13211E+00
 TTOTH(X-Z) =   -0.37571E+00    0.25594E+01    0.28222E+01

     U(X-Z) =     0.000     1.000     0.000 A/SEC
  OMGA(X-Z) =     0.000     0.000     0.000 RAD/S

 FTOTH(X-Z) =   -0.20609E+00   -0.17117E+02   -0.12624E+00
 TTOTH(X-Z) =   -0.23180E+01   -0.76225E+00    0.31061E+01

     U(X-Z) =     0.000     0.000     1.000 A/SEC
  OMGA(X-Z) =     0.000     0.000     0.000 RAD/S

 FTOTH(X-Z) =   -0.13223E+00   -0.12615E+00   -0.16694E+02
 TTOTH(X-Z) =    0.15734E+00   -0.32474E+01    0.11403E+01

     U(X-Z) =     0.000     0.000     0.000 A/SEC
  OMGA(X-Z) =     1.000     0.000     0.000 RAD/S

 FTOTH(X-Z) =   -0.42459E+00   -0.23282E+01    0.51848E-01
 TTOTH(X-Z) =   -0.11999E+05   -0.36047E+03   -0.27632E+03

     U(X-Z) =     0.000     0.000     0.000 A/SEC
  OMGA(X-Z) =     0.000     1.000     0.000 RAD/S

 FTOTH(X-Z) =    0.26149E+01   -0.74754E+00   -0.31467E+01
 TTOTH(X-Z) =   -0.36219E+03   -0.12159E+05   -0.10624E+03

     U(X-Z) =     0.000     0.000     0.000 A/SEC
  OMGA(X-Z) =     0.000     0.000     1.000 RAD/S

 FTOTH(X-Z) =    0.28485E+01    0.30685E+01    0.11605E+01
 TTOTH(X-Z) =   -0.27467E+03   -0.10291E+03   -0.11400E+05

 I,J,Ktt,Ktr,Krt,Krr=    1    1  0.1705E+02  0.3757E+00  0.4246E+00  0.1200E+05
 I,J,Ktt,Ktr,Krt,Krr=    1    2  0.2061E+00  0.2318E+01 -0.2615E+01  0.3622E+03
 I,J,Ktt,Ktr,Krt,Krr=    1    3  0.1322E+00 -0.1573E+00 -0.2849E+01  0.2747E+03
 I,J,Ktt,Ktr,Krt,Krr=    2    1  0.2059E+00 -0.2559E+01  0.2328E+01  0.3605E+03
 I,J,Ktt,Ktr,Krt,Krr=    2    2  0.1712E+02  0.7623E+00  0.7475E+00  0.1216E+05
 I,J,Ktt,Ktr,Krt,Krr=    2    3  0.1261E+00  0.3247E+01 -0.3069E+01  0.1029E+03
 I,J,Ktt,Ktr,Krt,Krr=    3    1  0.1321E+00 -0.2822E+01 -0.5185E-01  0.2763E+03
 I,J,Ktt,Ktr,Krt,Krr=    3    2  0.1262E+00 -0.3106E+01  0.3147E+01  0.1062E+03
 I,J,Ktt,Ktr,Krt,Krr=    3    3  0.1669E+02 -0.1140E+01 -0.1161E+01  0.1140E+05
  
  Friction Tensors in Center of Resistance
  
  Ktt Tensor (A)
    0.17045E+02    0.20609E+00    0.13223E+00
    0.20587E+00    0.17117E+02    0.12615E+00
    0.13211E+00    0.12624E+00    0.16694E+02
  
  Symmetric Krt Tensor (A^2)
    0.40015E+00   -0.25871E+01   -0.28354E+01
    0.23231E+01    0.75490E+00   -0.30873E+01
   -0.10460E+00    0.31970E+01   -0.11504E+01
  
  Krr Tensor (A^3)
    0.11999E+05    0.36219E+03    0.27467E+03
    0.36047E+03    0.12159E+05    0.10291E+03
    0.27632E+03    0.10624E+03    0.11400E+05
  
 Raw Dtt tensor (no rot/trans coupling correction)
    0.58679E-01   -0.70311E-03   -0.45947E-03
   -0.70236E-03    0.58434E-01   -0.43598E-03
   -0.45903E-03   -0.43630E-03    0.59907E-01
  
 Raw Drr tensor (no rot/trans coupling correction)
    0.83460E-04   -0.24687E-05   -0.19886E-05
   -0.24573E-05    0.82322E-04   -0.68391E-06
   -0.20000E-05   -0.70738E-06    0.87773E-04
  
 Raw Dtt tensor, before CD transformation
    0.58679E-01   -0.70309E-03   -0.46181E-03
   -0.70236E-03    0.58434E-01   -0.43564E-03
   -0.45907E-03   -0.43634E-03    0.59913E-01
  
 Program finished at:                
 Elapsed time CPU_TIME:   31.524000000000001     
