 BEST ver.3.90 SFSU/ARAGON
  
 control gtensor value=   1.0000000000000000     
 true area (A^2)=    7892.8540000000003     
 total area (A^2) =    7491.7280535525342     
 centroid coords =    11.635785501193306        16.034729713603838        8.1114527645186989     
  
 first few rows of gr matrix
   5.3024361177595365      -0.38383734484614884      -0.52966605207922490        1.5227199589393567       -1.0626908421625832E-003
 -0.38383734484614862        7.9607012459978090      -0.23419273641338531       -1.0626908421625832E-003   1.4426589683697932     
 -0.52966605207922490      -0.23419273641338531        7.1110733409930003      -0.37907501507928337      -0.10218276551500173     
   1.3247444465446072       -1.2676778108533172E-002 -0.34410035131460076        6.5394653696177496       -1.1043354526116698     
  -1.2676778108533172E-002   1.3086993559200195       -1.2734374296125615E-002  -1.1043354526116698        7.5348215651337647     
 -0.34410035131460076       -1.2734374296125615E-002   2.1622115687736532      -0.74449126808537658      -0.57307399342379006     
  0.72853504553014736        2.5387715941540236E-002  -8.4303562600461152E-002   1.7495220769259796      -0.12466030916498490     
   2.5387715941540236E-002  0.82484730388604643      -0.21489856664189516      -0.12466030916498490        2.3718572875187549     
  -8.4303562600461152E-002 -0.21489856664189516        1.3093741062116941        3.2610279104835847E-002 -0.70464538078572747     
 first few columns of gr matrix
   5.3024361177595365      -0.38383734484614862      -0.52966605207922490        1.3247444465446072       -1.2676778108533172E-002
 -0.38383734484614884        7.9607012459978090      -0.23419273641338531       -1.2676778108533172E-002   1.3086993559200195     
 -0.52966605207922490      -0.23419273641338531        7.1110733409930003      -0.34410035131460076       -1.2734374296125615E-002
   1.5227199589393567       -1.0626908421625832E-003 -0.37907501507928337        6.5394653696177496       -1.1043354526116698     
  -1.0626908421625832E-003   1.4426589683697932      -0.10218276551500173       -1.1043354526116698        7.5348215651337647     
 -0.37907501507928337      -0.10218276551500173        2.5427083248289777      -0.74449126808537658      -0.57307399342379028     
  0.80108146362410215        2.0783869672691552E-002 -0.11383146675867513        1.7230138971754942      -0.10797934949048664     
   2.0783869672691552E-002  0.88298726324930643      -0.22714992908724146      -0.10797934949048664        2.1355687105437315     
 -0.11383146675867513      -0.22714992908724146        1.3806654137722301      -0.10747351289427728      -0.51924924044887721     
  
 about to enter dgetrf
 Just out of dgetrf:                 
  
  **** TRANSLATION/ROTATION FLOWS ****
     U(X-Z) =     1.000     0.000     0.000 A/SEC
  OMGA(X-Z) =     0.000     0.000     0.000 RAD/S

 FTOTH(X-Z) =   -0.17124E+02   -0.20562E+00   -0.12932E+00
 TTOTH(X-Z) =   -0.39881E+00    0.13906E+01    0.51789E+01

     U(X-Z) =     0.000     1.000     0.000 A/SEC
  OMGA(X-Z) =     0.000     0.000     0.000 RAD/S

 FTOTH(X-Z) =   -0.20561E+00   -0.17192E+02   -0.12872E+00
 TTOTH(X-Z) =   -0.82419E+00   -0.63011E+00    0.60457E+00

     U(X-Z) =     0.000     0.000     1.000 A/SEC
  OMGA(X-Z) =     0.000     0.000     0.000 RAD/S

 FTOTH(X-Z) =   -0.12947E+00   -0.12871E+00   -0.16765E+02
 TTOTH(X-Z) =   -0.20926E+01   -0.60681E+00    0.10105E+01

     U(X-Z) =     0.000     0.000     0.000 A/SEC
  OMGA(X-Z) =     1.000     0.000     0.000 RAD/S

 FTOTH(X-Z) =   -0.40721E+00   -0.75817E+00   -0.21748E+01
 TTOTH(X-Z) =   -0.12152E+05   -0.36736E+03   -0.28102E+03

     U(X-Z) =     0.000     0.000     0.000 A/SEC
  OMGA(X-Z) =     0.000     1.000     0.000 RAD/S

 FTOTH(X-Z) =    0.13045E+01   -0.64452E+00   -0.53821E+00
 TTOTH(X-Z) =   -0.36960E+03   -0.12328E+05   -0.11760E+03

     U(X-Z) =     0.000     0.000     0.000 A/SEC
  OMGA(X-Z) =     0.000     0.000     1.000 RAD/S

 FTOTH(X-Z) =    0.52313E+01    0.56722E+00    0.10354E+01
 TTOTH(X-Z) =   -0.27956E+03   -0.11627E+03   -0.11543E+05

 I,J,Ktt,Ktr,Krt,Krr=    1    1  0.1712E+02  0.3988E+00  0.4072E+00  0.1215E+05
 I,J,Ktt,Ktr,Krt,Krr=    1    2  0.2056E+00  0.8242E+00 -0.1305E+01  0.3696E+03
 I,J,Ktt,Ktr,Krt,Krr=    1    3  0.1295E+00  0.2093E+01 -0.5231E+01  0.2796E+03
 I,J,Ktt,Ktr,Krt,Krr=    2    1  0.2056E+00 -0.1391E+01  0.7582E+00  0.3674E+03
 I,J,Ktt,Ktr,Krt,Krr=    2    2  0.1719E+02  0.6301E+00  0.6445E+00  0.1233E+05
 I,J,Ktt,Ktr,Krt,Krr=    2    3  0.1287E+00  0.6068E+00 -0.5672E+00  0.1163E+03
 I,J,Ktt,Ktr,Krt,Krr=    3    1  0.1293E+00 -0.5179E+01  0.2175E+01  0.2810E+03
 I,J,Ktt,Ktr,Krt,Krr=    3    2  0.1287E+00 -0.6046E+00  0.5382E+00  0.1176E+03
 I,J,Ktt,Ktr,Krt,Krr=    3    3  0.1676E+02 -0.1010E+01 -0.1035E+01  0.1154E+05
  
  Friction Tensors in Center of Resistance
  
  Ktt Tensor (A)
    0.17124E+02    0.20561E+00    0.12947E+00
    0.20562E+00    0.17192E+02    0.12871E+00
    0.12932E+00    0.12872E+00    0.16765E+02
  
  Symmetric Krt Tensor (A^2)
    0.40301E+00   -0.13475E+01   -0.52051E+01
    0.79118E+00    0.63731E+00   -0.58590E+00
    0.21337E+01    0.57251E+00   -0.10229E+01
  
  Krr Tensor (A^3)
    0.12152E+05    0.36960E+03    0.27956E+03
    0.36736E+03    0.12328E+05    0.11627E+03
    0.28102E+03    0.11760E+03    0.11543E+05
  
 Raw Dtt tensor (no rot/trans coupling correction)
    0.58408E-01   -0.69520E-03   -0.44573E-03
   -0.69526E-03    0.58179E-01   -0.44130E-03
   -0.44523E-03   -0.44133E-03    0.59656E-01
  
 Raw Drr tensor (no rot/trans coupling correction)
    0.82409E-04   -0.24519E-05   -0.19712E-05
   -0.24370E-05    0.81198E-04   -0.75888E-06
   -0.19816E-05   -0.76757E-06    0.86691E-04
  
 Raw Dtt tensor, before CD transformation
    0.58408E-01   -0.69519E-03   -0.44709E-03
   -0.69528E-03    0.58179E-01   -0.43958E-03
   -0.44529E-03   -0.44139E-03    0.59664E-01
  
 Program finished at:                
 Elapsed time CPU_TIME:   125.99199999999999     
