 BEST ver.3.90 SFSU/ARAGON
  
 control gtensor value=   1.0000000000000000     
 true area (A^2)=    7892.8540000000003     
 total area (A^2) =    7445.7534044699460     
 centroid coords =    11.626258913615677        16.120314189997607        8.1175135199808626     
  
 first few rows of gr matrix
   5.3187811721627831      -0.38502054482143822      -0.53129877715964979        1.5321221660714428       -1.0692525473251836E-003
 -0.38502054482143810        7.9852405505861288      -0.23491464855575020       -1.0692525473251836E-003   1.4515668298330555     
 -0.53129877715965024      -0.23491464855574976        7.1329936202840027      -0.38141565676421585      -0.10281370459284148     
   1.3329242314160010       -1.2755052313087201E-002 -0.34622503797040488        6.5596236355280926       -1.1077396280984613     
  -1.2755052313087201E-002   1.3167800685591098       -1.2813004134873100E-002  -1.1077396280984613        7.5580480719064269     
 -0.34622503797040488       -1.2813004134873100E-002   2.1755623893980687      -0.74678620384873406      -0.57484052589896595     
  0.73303346781774459        2.5544475273741301E-002  -8.4824104511590739E-002   1.7603246994656241      -0.12543003838610103     
   2.5544475273741301E-002  0.82994041713904820      -0.21622548222088603      -0.12543003838610103        2.3865025894175300     
  -8.4824104511590739E-002 -0.21622548222088603        1.3174589851730074        3.2811634972695285E-002 -0.70899629362849059     
 first few columns of gr matrix
   5.3187811721627831      -0.38502054482143810      -0.53129877715965024        1.3329242314160010       -1.2755052313087201E-002
 -0.38502054482143822        7.9852405505861288      -0.23491464855574976       -1.2755052313087201E-002   1.3167800685591098     
 -0.53129877715964979      -0.23491464855575020        7.1329936202840027      -0.34622503797040488       -1.2813004134873100E-002
   1.5321221660714428       -1.0692525473251836E-003 -0.38141565676421585        6.5596236355280926       -1.1077396280984613     
  -1.0692525473251836E-003   1.4515668298330555      -0.10281370459284148       -1.1077396280984613        7.5580480719064269     
 -0.38141565676421585      -0.10281370459284148        2.5584085658392679      -0.74678620384873362      -0.57484052589896617     
  0.80602783200027794        2.0912202033820288E-002 -0.11453433206383501        1.7336528419516501      -0.10864608023367267     
   2.0912202033820288E-002  0.88843936827710657      -0.22855249209351108      -0.10864608023367267        2.1487550218174554     
 -0.11453433206383501      -0.22855249209351108        1.3891904889997444      -0.10813712029202675      -0.52245540379044797     
  
 about to enter dgetrf
 Just out of dgetrf:                 
  
  **** TRANSLATION/ROTATION FLOWS ****
     U(X-Z) =     1.000     0.000     0.000 A/SEC
  OMGA(X-Z) =     0.000     0.000     0.000 RAD/S

 FTOTH(X-Z) =   -0.17091E+02   -0.20443E+00   -0.13079E+00
 TTOTH(X-Z) =   -0.32642E+00    0.10785E+01    0.37683E+01

     U(X-Z) =     0.000     1.000     0.000 A/SEC
  OMGA(X-Z) =     0.000     0.000     0.000 RAD/S

 FTOTH(X-Z) =   -0.20442E+00   -0.17165E+02   -0.12755E+00
 TTOTH(X-Z) =   -0.57859E+00   -0.67045E+00    0.27847E+00

     U(X-Z) =     0.000     0.000     1.000 A/SEC
  OMGA(X-Z) =     0.000     0.000     0.000 RAD/S

 FTOTH(X-Z) =   -0.13102E+00   -0.12755E+00   -0.16739E+02
 TTOTH(X-Z) =   -0.83426E+00   -0.36207E+00    0.97242E+00

     U(X-Z) =     0.000     0.000     0.000 A/SEC
  OMGA(X-Z) =     1.000     0.000     0.000 RAD/S

 FTOTH(X-Z) =   -0.33195E+00   -0.57558E+00   -0.93654E+00
 TTOTH(X-Z) =   -0.12085E+05   -0.36816E+03   -0.28791E+03

     U(X-Z) =     0.000     0.000     0.000 A/SEC
  OMGA(X-Z) =     0.000     1.000     0.000 RAD/S

 FTOTH(X-Z) =    0.10762E+01   -0.69765E+00   -0.32418E+00
 TTOTH(X-Z) =   -0.36885E+03   -0.12263E+05   -0.11099E+03

     U(X-Z) =     0.000     0.000     0.000 A/SEC
  OMGA(X-Z) =     0.000     0.000     1.000 RAD/S

 FTOTH(X-Z) =    0.38359E+01    0.30313E+00    0.10121E+01
 TTOTH(X-Z) =   -0.28500E+03   -0.10973E+03   -0.11486E+05

 I,J,Ktt,Ktr,Krt,Krr=    1    1  0.1709E+02  0.3264E+00  0.3319E+00  0.1209E+05
 I,J,Ktt,Ktr,Krt,Krr=    1    2  0.2044E+00  0.5786E+00 -0.1076E+01  0.3688E+03
 I,J,Ktt,Ktr,Krt,Krr=    1    3  0.1310E+00  0.8343E+00 -0.3836E+01  0.2850E+03
 I,J,Ktt,Ktr,Krt,Krr=    2    1  0.2044E+00 -0.1078E+01  0.5756E+00  0.3682E+03
 I,J,Ktt,Ktr,Krt,Krr=    2    2  0.1717E+02  0.6704E+00  0.6977E+00  0.1226E+05
 I,J,Ktt,Ktr,Krt,Krr=    2    3  0.1276E+00  0.3621E+00 -0.3031E+00  0.1097E+03
 I,J,Ktt,Ktr,Krt,Krr=    3    1  0.1308E+00 -0.3768E+01  0.9365E+00  0.2879E+03
 I,J,Ktt,Ktr,Krt,Krr=    3    2  0.1276E+00 -0.2785E+00  0.3242E+00  0.1110E+03
 I,J,Ktt,Ktr,Krt,Krr=    3    3  0.1674E+02 -0.9724E+00 -0.1012E+01  0.1149E+05
  
  Friction Tensors in Center of Resistance
  
  Ktt Tensor (A)
    0.17091E+02    0.20442E+00    0.13102E+00
    0.20443E+00    0.17165E+02    0.12755E+00
    0.13079E+00    0.12755E+00    0.16739E+02
  
  Symmetric Krt Tensor (A^2)
    0.32918E+00   -0.10773E+01   -0.38021E+01
    0.57708E+00    0.68405E+00   -0.29080E+00
    0.88540E+00    0.34312E+00   -0.99228E+00
  
  Krr Tensor (A^3)
    0.12085E+05    0.36885E+03    0.28500E+03
    0.36816E+03    0.12263E+05    0.10973E+03
    0.28791E+03    0.11099E+03    0.11486E+05
  
 Raw Dtt tensor (no rot/trans coupling correction)
    0.58521E-01   -0.69356E-03   -0.45275E-03
   -0.69360E-03    0.58269E-01   -0.43858E-03
   -0.45197E-03   -0.43858E-03    0.59746E-01
  
 Raw Drr tensor (no rot/trans coupling correction)
    0.82869E-04   -0.24741E-05   -0.20326E-05
   -0.24694E-05    0.81625E-04   -0.71855E-06
   -0.20534E-05   -0.72671E-06    0.87121E-04
  
 Raw Dtt tensor, before CD transformation
    0.58521E-01   -0.69355E-03   -0.45342E-03
   -0.69360E-03    0.58269E-01   -0.43756E-03
   -0.45200E-03   -0.43861E-03    0.59751E-01
  
 Program finished at:                
 Elapsed time CPU_TIME:   77.391999999999996     
