 BEST ver.3.90 SFSU/ARAGON
  
 control gtensor value=   1.0000000000000000     
 true area (A^2)=    8938.8529999999992     
 total area (A^2) =    8296.6424885568667     
 centroid coords =   -4.0813892727871064        70.549667818361385        33.930481243830208     
  
 first few rows of gr matrix
   9.5999102768547182       -1.1849600330882093       -1.0135877269153342        5.0798894585712455       -1.3297692616499972     
  -1.1849600330882089        8.1538358813178178      -0.96073658262732531       -1.3297692616499972        5.2059022794297185     
  -1.0135877269153339      -0.96073658262732531        9.5095244519948725      -0.61499016520875960       0.32033923258217950     
   2.8366993218553302      -0.76258926004558425      -0.26784696351997150        10.549994988106466       -1.0052440969334751     
 -0.76258926004558425        3.4671627756029477       0.11029408779643023       -1.0052440969334748        13.813837286704793     
 -0.26784696351997150       0.11029408779643023        2.4953625959066037       -1.7792912312665417      -0.50644642410322493     
   1.2276107655457367      -0.14855655809500073        1.5991686298171000E-002   3.7200964768390490       0.47828452915780340     
 -0.14855655809500073        2.1864942377497072      -0.28375773021549616       0.47828452915780340        4.7392195955510745     
   1.5991686298171000E-002 -0.28375773021549616        1.2898233590862853      -0.73896433082177604      -0.96977235462882572     
 first few columns of gr matrix
   9.5999102768547182       -1.1849600330882089       -1.0135877269153339        2.8366993218553302      -0.76258926004558425     
  -1.1849600330882093        8.1538358813178178      -0.96073658262732531      -0.76258926004558425        3.4671627756029477     
  -1.0135877269153342      -0.96073658262732531        9.5095244519948725      -0.26784696351997150       0.11029408779643023     
   5.0798894585712455       -1.3297692616499972      -0.61499016520875960        10.549994988106466       -1.0052440969334748     
  -1.3297692616499972        5.2059022794297185       0.32033923258217950       -1.0052440969334751        13.813837286704793     
 -0.61499016520875960       0.32033923258217950        4.2101569474083185       -1.7792912312665417      -0.50644642410322538     
   2.6593746382813550      -0.46685172436663475        9.4185475917812483E-002   3.7236671226181226       0.40543493389574253     
 -0.46685172436663475        4.5899281731741421      -0.59043716051183581       0.40543493389574253        5.0552901343248848     
   9.4185475917812483E-002 -0.59043716051183581        2.7574648695410584      -0.64697871434924559       -1.0858567708042366     
  
 about to enter dgetrf
 Just out of dgetrf:                 
  
  **** TRANSLATION/ROTATION FLOWS ****
     U(X-Z) =     1.000     0.000     0.000 A/SEC
  OMGA(X-Z) =     0.000     0.000     0.000 RAD/S

 FTOTH(X-Z) =   -0.17368E+02   -0.25679E+00    0.13312E+00
 TTOTH(X-Z) =    0.47861E+00    0.24219E+01    0.62872E+01

     U(X-Z) =     0.000     1.000     0.000 A/SEC
  OMGA(X-Z) =     0.000     0.000     0.000 RAD/S

 FTOTH(X-Z) =   -0.25678E+00   -0.17426E+02    0.13330E+00
 TTOTH(X-Z) =   -0.23835E+01    0.90901E+00    0.71883E+01

     U(X-Z) =     0.000     0.000     1.000 A/SEC
  OMGA(X-Z) =     0.000     0.000     0.000 RAD/S

 FTOTH(X-Z) =    0.13310E+00    0.13321E+00   -0.17667E+02
 TTOTH(X-Z) =   -0.20243E+01   -0.52728E+01   -0.12918E+01

     U(X-Z) =     0.000     0.000     0.000 A/SEC
  OMGA(X-Z) =     1.000     0.000     0.000 RAD/S

 FTOTH(X-Z) =    0.44409E+00   -0.23398E+01   -0.20028E+01
 TTOTH(X-Z) =   -0.12729E+05   -0.58957E+03    0.34413E+03

     U(X-Z) =     0.000     0.000     0.000 A/SEC
  OMGA(X-Z) =     0.000     1.000     0.000 RAD/S

 FTOTH(X-Z) =    0.24216E+01    0.90447E+00   -0.51806E+01
 TTOTH(X-Z) =   -0.58864E+03   -0.12862E+05    0.20269E+03

     U(X-Z) =     0.000     0.000     0.000 A/SEC
  OMGA(X-Z) =     0.000     0.000     1.000 RAD/S

 FTOTH(X-Z) =    0.62375E+01    0.71005E+01   -0.13140E+01
 TTOTH(X-Z) =    0.33719E+03    0.20589E+03   -0.13469E+05

 I,J,Ktt,Ktr,Krt,Krr=    1    1  0.1737E+02 -0.4786E+00 -0.4441E+00  0.1273E+05
 I,J,Ktt,Ktr,Krt,Krr=    1    2  0.2568E+00  0.2384E+01 -0.2422E+01  0.5886E+03
 I,J,Ktt,Ktr,Krt,Krr=    1    3 -0.1331E+00  0.2024E+01 -0.6237E+01 -0.3372E+03
 I,J,Ktt,Ktr,Krt,Krr=    2    1  0.2568E+00 -0.2422E+01  0.2340E+01  0.5896E+03
 I,J,Ktt,Ktr,Krt,Krr=    2    2  0.1743E+02 -0.9090E+00 -0.9045E+00  0.1286E+05
 I,J,Ktt,Ktr,Krt,Krr=    2    3 -0.1332E+00  0.5273E+01 -0.7101E+01 -0.2059E+03
 I,J,Ktt,Ktr,Krt,Krr=    3    1 -0.1331E+00 -0.6287E+01  0.2003E+01 -0.3441E+03
 I,J,Ktt,Ktr,Krt,Krr=    3    2 -0.1333E+00 -0.7188E+01  0.5181E+01 -0.2027E+03
 I,J,Ktt,Ktr,Krt,Krr=    3    3  0.1767E+02  0.1292E+01  0.1314E+01  0.1347E+05
  
  Friction Tensors in Center of Resistance
  
  Ktt Tensor (A)
    0.17368E+02    0.25678E+00   -0.13310E+00
    0.25679E+00    0.17426E+02   -0.13321E+00
   -0.13312E+00   -0.13330E+00    0.17667E+02
  
  Symmetric Krt Tensor (A^2)
   -0.46135E+00   -0.24218E+01   -0.62623E+01
    0.23617E+01   -0.90674E+00   -0.71444E+01
    0.20135E+01    0.52267E+01    0.13029E+01
  
  Krr Tensor (A^3)
    0.12729E+05    0.58864E+03   -0.33719E+03
    0.58957E+03    0.12862E+05   -0.20589E+03
   -0.34413E+03   -0.20269E+03    0.13469E+05
  
 Raw Dtt tensor (no rot/trans coupling correction)
    0.57593E-01   -0.84538E-03    0.42752E-03
   -0.84541E-03    0.57402E-01    0.42643E-03
    0.42756E-03    0.42674E-03    0.56608E-01
  
 Raw Drr tensor (no rot/trans coupling correction)
    0.78780E-04   -0.35753E-05    0.19176E-05
   -0.35799E-05    0.77932E-04    0.11017E-05
    0.19589E-05    0.10814E-05    0.74311E-04
  
 Raw Dtt tensor, before CD transformation
    0.57593E-01   -0.84540E-03    0.42468E-03
   -0.84536E-03    0.57402E-01    0.43318E-03
    0.42773E-03    0.42690E-03    0.56630E-01
  
 Program finished at:                
 Elapsed time CPU_TIME:   36.955999999999996     
