 BEST ver.3.90 SFSU/ARAGON
  
 control gtensor value=   1.0000000000000000     
 true area (A^2)=    8938.8529999999992     
 total area (A^2) =    8541.4889318781334     
 centroid coords =   -4.2985427709069448        70.707932199646777        34.034005373969428     
  
 first few rows of gr matrix
   9.4613165041575300       -1.1678527813801343      -0.99895457483562700        1.7719695848676982      -0.48401683851358074     
  -1.1678527813801352        8.0361190647898404      -0.94686644179116009      -0.48401683851358074        1.7598385767162124     
 -0.99895457483562744      -0.94686644179115964        9.3722355782086542       0.11235757054906446      -0.21124337932968523     
   2.9655236497658826      -0.70204352520212876       0.24021658272113988        6.0845460510757601      -0.48434734221882159     
 -0.70204352520212876        3.4910622686606567      -0.68146200869406781      -0.48434734221882114        6.4161373173849316     
  0.24021658272113988      -0.68146200869406781        2.9910922014453680       -1.0266829135323974      -0.74875106123379354     
   1.8797993893360789      -0.56924709871654677        2.9574929668866344E-002   1.8561070244320184      -0.29280450655434814     
 -0.56924709871654677        2.5004457820797477      -0.16575424290343915      -0.29280450655434814        2.7031599167203071     
   2.9574929668866344E-002 -0.16575424290343915        1.6088959681710819      -0.23953297694301284       0.17120805731985311     
 first few columns of gr matrix
   9.4613165041575300       -1.1678527813801352      -0.99895457483562744        2.9655236497658826      -0.70204352520212876     
  -1.1678527813801343        8.0361190647898404      -0.94686644179115964      -0.70204352520212876        3.4910622686606567     
 -0.99895457483562700      -0.94686644179116009        9.3722355782086542       0.24021658272113988      -0.68146200869406781     
   1.7719695848676982      -0.48401683851358074       0.11235757054906446        6.0845460510757601      -0.48434734221882114     
 -0.48401683851358074        1.7598385767162124      -0.21124337932968523      -0.48434734221882159        6.4161373173849316     
  0.11235757054906446      -0.21124337932968523        1.3879471577723390       -1.0266829135323978      -0.74875106123379287     
   1.7667508384574429      -0.55085972234708502       -3.2829401648678633E-002   3.2243040154999254      -0.66561179974475881     
 -0.55085972234708502        1.9893563648071149       -2.1719897419334250E-002 -0.66561179974475881        3.8121048235592556     
  -3.2829401648678633E-002  -2.1719897419334250E-002   1.3208817455967874      -0.55596145234118277       0.33727019741299968     
  
 about to enter dgetrf
 Just out of dgetrf:                 
  
  **** TRANSLATION/ROTATION FLOWS ****
     U(X-Z) =     1.000     0.000     0.000 A/SEC
  OMGA(X-Z) =     0.000     0.000     0.000 RAD/S

 FTOTH(X-Z) =   -0.17478E+02   -0.25578E+00    0.13256E+00
 TTOTH(X-Z) =    0.49068E+00    0.44908E+01    0.36427E+01

     U(X-Z) =     0.000     1.000     0.000 A/SEC
  OMGA(X-Z) =     0.000     0.000     0.000 RAD/S

 FTOTH(X-Z) =   -0.25579E+00   -0.17547E+02    0.12851E+00
 TTOTH(X-Z) =   -0.46333E+01    0.92991E+00    0.35464E+01

     U(X-Z) =     0.000     0.000     1.000 A/SEC
  OMGA(X-Z) =     0.000     0.000     0.000 RAD/S

 FTOTH(X-Z) =    0.13262E+00    0.12859E+00   -0.17781E+02
 TTOTH(X-Z) =    0.18547E+00   -0.15236E+01   -0.13959E+01

     U(X-Z) =     0.000     0.000     0.000 A/SEC
  OMGA(X-Z) =     1.000     0.000     0.000 RAD/S

 FTOTH(X-Z) =    0.50420E+00   -0.45752E+01    0.20378E+00
 TTOTH(X-Z) =   -0.12985E+05   -0.58570E+03    0.34629E+03

     U(X-Z) =     0.000     0.000     0.000 A/SEC
  OMGA(X-Z) =     0.000     1.000     0.000 RAD/S

 FTOTH(X-Z) =    0.44479E+01    0.93200E+00   -0.14250E+01
 TTOTH(X-Z) =   -0.58484E+03   -0.13128E+05    0.21064E+03

     U(X-Z) =     0.000     0.000     0.000 A/SEC
  OMGA(X-Z) =     0.000     0.000     1.000 RAD/S

 FTOTH(X-Z) =    0.36394E+01    0.34309E+01   -0.14021E+01
 TTOTH(X-Z) =    0.34561E+03    0.21146E+03   -0.13703E+05

 I,J,Ktt,Ktr,Krt,Krr=    1    1  0.1748E+02 -0.4907E+00 -0.5042E+00  0.1298E+05
 I,J,Ktt,Ktr,Krt,Krr=    1    2  0.2558E+00  0.4633E+01 -0.4448E+01  0.5848E+03
 I,J,Ktt,Ktr,Krt,Krr=    1    3 -0.1326E+00 -0.1855E+00 -0.3639E+01 -0.3456E+03
 I,J,Ktt,Ktr,Krt,Krr=    2    1  0.2558E+00 -0.4491E+01  0.4575E+01  0.5857E+03
 I,J,Ktt,Ktr,Krt,Krr=    2    2  0.1755E+02 -0.9299E+00 -0.9320E+00  0.1313E+05
 I,J,Ktt,Ktr,Krt,Krr=    2    3 -0.1286E+00  0.1524E+01 -0.3431E+01 -0.2115E+03
 I,J,Ktt,Ktr,Krt,Krr=    3    1 -0.1326E+00 -0.3643E+01 -0.2038E+00 -0.3463E+03
 I,J,Ktt,Ktr,Krt,Krr=    3    2 -0.1285E+00 -0.3546E+01  0.1425E+01 -0.2106E+03
 I,J,Ktt,Ktr,Krt,Krr=    3    3  0.1778E+02  0.1396E+01  0.1402E+01  0.1370E+05
  
  Friction Tensors in Center of Resistance
  
  Ktt Tensor (A)
    0.17478E+02    0.25579E+00   -0.13262E+00
    0.25578E+00    0.17547E+02   -0.12859E+00
   -0.13256E+00   -0.12851E+00    0.17781E+02
  
  Symmetric Krt Tensor (A^2)
   -0.49744E+00   -0.44694E+01   -0.36411E+01
    0.46043E+01   -0.93095E+00   -0.34887E+01
   -0.19462E+00    0.14743E+01    0.13990E+01
  
  Krr Tensor (A^3)
    0.12985E+05    0.58484E+03   -0.34561E+03
    0.58570E+03    0.13128E+05   -0.21146E+03
   -0.34629E+03   -0.21064E+03    0.13703E+05
  
 Raw Dtt tensor (no rot/trans coupling correction)
    0.57230E-01   -0.83117E-03    0.42084E-03
   -0.83115E-03    0.57004E-01    0.40604E-03
    0.42066E-03    0.40579E-03    0.56245E-01
  
 Raw Drr tensor (no rot/trans coupling correction)
    0.77218E-04   -0.34096E-05    0.18950E-05
   -0.34144E-05    0.76342E-04    0.10920E-05
    0.18990E-05    0.10874E-05    0.73044E-04
  
 Raw Dtt tensor, before CD transformation
    0.57230E-01   -0.83119E-03    0.41744E-03
   -0.83112E-03    0.57004E-01    0.41114E-03
    0.42071E-03    0.40583E-03    0.56251E-01
  
 Program finished at:                
 Elapsed time CPU_TIME:   262.14800000000002     
