 BEST ver.3.90 SFSU/ARAGON
  
 control gtensor value=   1.0000000000000000     
 true area (A^2)=    8938.8529999999992     
 total area (A^2) =    8493.1054682993781     
 centroid coords =   -4.1415748816767906        70.738546822177142        33.966317444219065     
  
 first few rows of gr matrix
   9.4882278122538661       -1.1711745649815040       -1.0017959526001097        1.7820641287529839      -0.48677418223963426     
  -1.1711745649815053        8.0589766106669263      -0.94955966260561331      -0.48677418223963426        1.7698640127594651     
  -1.0017959526001099      -0.94955966260561286        9.3988935088556005       0.11299764836780213      -0.21244678912933976     
   2.9824176240649107      -0.70604292182555484       0.24158504686237567        6.1018526376733968      -0.48572499622145049     
 -0.70604292182555484        3.5109501276725772      -0.68534415667880932      -0.48572499622145027        6.4343870660389033     
  0.24158504686237567      -0.68534415667880932        3.0081318344900181       -1.0296031604336793      -0.75088077230386086     
   1.8905082172940966      -0.57248998159029285        2.9743411920478160E-002   1.8666808818920679      -0.29447255321071536     
 -0.57248998159029285        2.5146903040487114      -0.16669851051020304      -0.29447255321071536        2.7185592591476953     
   2.9743411920478160E-002 -0.16669851051020304        1.6180615154221520      -0.24089754672365593       0.17218339417827971     
 first few columns of gr matrix
   9.4882278122538661       -1.1711745649815053       -1.0017959526001099        2.9824176240649107      -0.70604292182555484     
  -1.1711745649815040        8.0589766106669263      -0.94955966260561286      -0.70604292182555484        3.5109501276725772     
  -1.0017959526001097      -0.94955966260561331        9.3988935088556005       0.24158504686237567      -0.68534415667880932     
   1.7820641287529839      -0.48677418223963426       0.11299764836780213        6.1018526376733968      -0.48572499622145027     
 -0.48677418223963426        1.7698640127594651      -0.21244678912933976      -0.48572499622145049        6.4343870660389033     
  0.11299764836780213      -0.21244678912933976        1.3958540053922073       -1.0296031604336791      -0.75088077230386086     
   1.7768156522248335      -0.55399785614427632       -3.3016423953406968E-002   3.2426722079688699      -0.66940365237048638     
 -0.55399785614427632        2.0006893161734980       -2.1843631178398520E-002 -0.66940365237048638        3.8338215955430028     
  -3.3016423953406968E-002  -2.1843631178398520E-002   1.3284065354476216      -0.55912864963796949       0.33919155590474070     
  
 about to enter dgetrf
 Just out of dgetrf:                 
  
  **** TRANSLATION/ROTATION FLOWS ****
     U(X-Z) =     1.000     0.000     0.000 A/SEC
  OMGA(X-Z) =     0.000     0.000     0.000 RAD/S

 FTOTH(X-Z) =   -0.17459E+02   -0.25410E+00    0.13188E+00
 TTOTH(X-Z) =    0.52501E+00    0.32552E+01    0.30769E+01

     U(X-Z) =     0.000     1.000     0.000 A/SEC
  OMGA(X-Z) =     0.000     0.000     0.000 RAD/S

 FTOTH(X-Z) =   -0.25415E+00   -0.17520E+02    0.13030E+00
 TTOTH(X-Z) =   -0.34092E+01    0.96389E+00    0.59332E+01

     U(X-Z) =     0.000     0.000     1.000 A/SEC
  OMGA(X-Z) =     0.000     0.000     0.000 RAD/S

 FTOTH(X-Z) =    0.13194E+00    0.13039E+00   -0.17762E+02
 TTOTH(X-Z) =    0.81756E+00   -0.39468E+01   -0.14509E+01

     U(X-Z) =     0.000     0.000     0.000 A/SEC
  OMGA(X-Z) =     1.000     0.000     0.000 RAD/S

 FTOTH(X-Z) =    0.54337E+00   -0.33737E+01    0.80960E+00
 TTOTH(X-Z) =   -0.12937E+05   -0.57848E+03    0.34474E+03

     U(X-Z) =     0.000     0.000     0.000 A/SEC
  OMGA(X-Z) =     0.000     1.000     0.000 RAD/S

 FTOTH(X-Z) =    0.32116E+01    0.96370E+00   -0.39288E+01
 TTOTH(X-Z) =   -0.57841E+03   -0.13075E+05    0.21025E+03

     U(X-Z) =     0.000     0.000     0.000 A/SEC
  OMGA(X-Z) =     0.000     0.000     1.000 RAD/S

 FTOTH(X-Z) =    0.30776E+01    0.58787E+01   -0.14683E+01
 TTOTH(X-Z) =    0.34497E+03    0.21205E+03   -0.13658E+05

 I,J,Ktt,Ktr,Krt,Krr=    1    1  0.1746E+02 -0.5250E+00 -0.5434E+00  0.1294E+05
 I,J,Ktt,Ktr,Krt,Krr=    1    2  0.2541E+00  0.3409E+01 -0.3212E+01  0.5784E+03
 I,J,Ktt,Ktr,Krt,Krr=    1    3 -0.1319E+00 -0.8176E+00 -0.3078E+01 -0.3450E+03
 I,J,Ktt,Ktr,Krt,Krr=    2    1  0.2541E+00 -0.3255E+01  0.3374E+01  0.5785E+03
 I,J,Ktt,Ktr,Krt,Krr=    2    2  0.1752E+02 -0.9639E+00 -0.9637E+00  0.1308E+05
 I,J,Ktt,Ktr,Krt,Krr=    2    3 -0.1304E+00  0.3947E+01 -0.5879E+01 -0.2120E+03
 I,J,Ktt,Ktr,Krt,Krr=    3    1 -0.1319E+00 -0.3077E+01 -0.8096E+00 -0.3447E+03
 I,J,Ktt,Ktr,Krt,Krr=    3    2 -0.1303E+00 -0.5933E+01  0.3929E+01 -0.2103E+03
 I,J,Ktt,Ktr,Krt,Krr=    3    3  0.1776E+02  0.1451E+01  0.1468E+01  0.1366E+05
  
  Friction Tensors in Center of Resistance
  
  Ktt Tensor (A)
    0.17459E+02    0.25415E+00   -0.13194E+00
    0.25410E+00    0.17520E+02   -0.13039E+00
   -0.13188E+00   -0.13030E+00    0.17762E+02
  
  Symmetric Krt Tensor (A^2)
   -0.53419E+00   -0.32334E+01   -0.30772E+01
    0.33914E+01   -0.96380E+00   -0.59059E+01
   -0.81358E+00    0.39378E+01    0.14596E+01
  
  Krr Tensor (A^3)
    0.12937E+05    0.57841E+03   -0.34497E+03
    0.57848E+03    0.13075E+05   -0.21205E+03
   -0.34474E+03   -0.21025E+03    0.13658E+05
  
 Raw Dtt tensor (no rot/trans coupling correction)
    0.57292E-01   -0.82795E-03    0.41951E-03
   -0.82779E-03    0.57091E-01    0.41295E-03
    0.41932E-03    0.41268E-03    0.56307E-01
  
 Raw Drr tensor (no rot/trans coupling correction)
    0.77501E-04   -0.33978E-05    0.19048E-05
   -0.33979E-05    0.76648E-04    0.11042E-05
    0.19040E-05    0.10942E-05    0.73285E-04
  
 Raw Dtt tensor, before CD transformation
    0.57292E-01   -0.82799E-03    0.41482E-03
   -0.82775E-03    0.57091E-01    0.41790E-03
    0.41940E-03    0.41275E-03    0.56318E-01
  
 Program finished at:                
 Elapsed time CPU_TIME:   186.02400000000000     
