 BEST ver.3.90 SFSU/ARAGON
  
 control gtensor value=   1.0000000000000000     
 true area (A^2)=    8938.8529999999992     
 total area (A^2) =    8345.2418556071625     
 centroid coords =   -4.1789208163265386        70.581466938775520        33.883763401360511     
  
 first few rows of gr matrix
   9.5719164328123174       -1.1815046272139762       -1.0106320517129341        5.0503062042277946       -1.3220252147359213     
  -1.1815046272139771        8.1300588663847435      -0.95793502414560239       -1.3220252147359213        5.1755851765723593     
  -1.0106320517129348      -0.95793502414560283        9.4817941777788359      -0.61140870726081276       0.31847370439087713     
   2.8201795140487365      -0.75814824371570189      -0.26628712941106925        10.519230647000363       -1.0023127521956030     
 -0.75814824371570189        3.4469713995745304       0.10965177892761120       -1.0023127521956035        13.773555409533143     
 -0.26628712941106925       0.10965177892761120        2.4808305973353986       -1.7741027243120380      -0.50496959965348398     
   1.2204616490525380      -0.14769142382813266        1.5898557082073349E-002   3.6984321156055944       0.47549919042356398     
 -0.14769142382813266        2.1737609655627113      -0.28210523813405503       0.47549919042356398        4.7116202668987368     
   1.5898557082073349E-002 -0.28210523813405503        1.2823119412097426      -0.73466089667665846      -0.96412478641770549     
 first few columns of gr matrix
   9.5719164328123174       -1.1815046272139771       -1.0106320517129348        2.8201795140487365      -0.75814824371570189     
  -1.1815046272139762        8.1300588663847435      -0.95793502414560283      -0.75814824371570189        3.4469713995745304     
  -1.0106320517129341      -0.95793502414560239        9.4817941777788359      -0.26628712941106925       0.10965177892761120     
   5.0503062042277946       -1.3220252147359213      -0.61140870726081276        10.519230647000363       -1.0023127521956035     
  -1.3220252147359213        5.1755851765723593       0.31847370439087713       -1.0023127521956030        13.773555409533143     
 -0.61140870726081276       0.31847370439087713        4.1856386690448248       -1.7741027243120375      -0.50496959965348398     
   2.6438874988543235      -0.46413296573709145        9.3636977193133686E-002   3.7019819673648153       0.40307384220920583     
 -0.46413296573709145        4.5631982583457651      -0.58699868949082279       0.40307384220920583        5.0258501366549888     
   9.3636977193133686E-002 -0.58699868949082279        2.7414064916483816      -0.64321096782297071       -1.0795331731564457     
  
 about to enter dgetrf
 Just out of dgetrf:                 
  
  **** TRANSLATION/ROTATION FLOWS ****
     U(X-Z) =     1.000     0.000     0.000 A/SEC
  OMGA(X-Z) =     0.000     0.000     0.000 RAD/S

 FTOTH(X-Z) =   -0.17383E+02   -0.25443E+00    0.13510E+00
 TTOTH(X-Z) =    0.57812E+00    0.15993E+01    0.54236E+01

     U(X-Z) =     0.000     1.000     0.000 A/SEC
  OMGA(X-Z) =     0.000     0.000     0.000 RAD/S

 FTOTH(X-Z) =   -0.25443E+00   -0.17446E+02    0.13246E+00
 TTOTH(X-Z) =   -0.16180E+01    0.91820E+00    0.54429E+01

     U(X-Z) =     0.000     0.000     1.000 A/SEC
  OMGA(X-Z) =     0.000     0.000     0.000 RAD/S

 FTOTH(X-Z) =    0.13507E+00    0.13249E+00   -0.17688E+02
 TTOTH(X-Z) =   -0.13953E+01   -0.34133E+01   -0.14065E+01

     U(X-Z) =     0.000     0.000     0.000 A/SEC
  OMGA(X-Z) =     1.000     0.000     0.000 RAD/S

 FTOTH(X-Z) =    0.56289E+00   -0.15534E+01   -0.15065E+01
 TTOTH(X-Z) =   -0.12760E+05   -0.57763E+03    0.34811E+03

     U(X-Z) =     0.000     0.000     0.000 A/SEC
  OMGA(X-Z) =     0.000     1.000     0.000 RAD/S

 FTOTH(X-Z) =    0.15638E+01    0.90941E+00   -0.33803E+01
 TTOTH(X-Z) =   -0.58104E+03   -0.12907E+05    0.21095E+03

     U(X-Z) =     0.000     0.000     0.000 A/SEC
  OMGA(X-Z) =     0.000     0.000     1.000 RAD/S

 FTOTH(X-Z) =    0.55555E+01    0.53307E+01   -0.14371E+01
 TTOTH(X-Z) =    0.34200E+03    0.21525E+03   -0.13504E+05

 I,J,Ktt,Ktr,Krt,Krr=    1    1  0.1738E+02 -0.5781E+00 -0.5629E+00  0.1276E+05
 I,J,Ktt,Ktr,Krt,Krr=    1    2  0.2544E+00  0.1618E+01 -0.1564E+01  0.5810E+03
 I,J,Ktt,Ktr,Krt,Krr=    1    3 -0.1351E+00  0.1395E+01 -0.5556E+01 -0.3420E+03
 I,J,Ktt,Ktr,Krt,Krr=    2    1  0.2544E+00 -0.1599E+01  0.1553E+01  0.5776E+03
 I,J,Ktt,Ktr,Krt,Krr=    2    2  0.1745E+02 -0.9182E+00 -0.9094E+00  0.1291E+05
 I,J,Ktt,Ktr,Krt,Krr=    2    3 -0.1325E+00  0.3413E+01 -0.5331E+01 -0.2152E+03
 I,J,Ktt,Ktr,Krt,Krr=    3    1 -0.1351E+00 -0.5424E+01  0.1507E+01 -0.3481E+03
 I,J,Ktt,Ktr,Krt,Krr=    3    2 -0.1325E+00 -0.5443E+01  0.3380E+01 -0.2109E+03
 I,J,Ktt,Ktr,Krt,Krr=    3    3  0.1769E+02  0.1406E+01  0.1437E+01  0.1350E+05
  
  Friction Tensors in Center of Resistance
  
  Ktt Tensor (A)
    0.17383E+02    0.25443E+00   -0.13507E+00
    0.25443E+00    0.17446E+02   -0.13249E+00
   -0.13510E+00   -0.13246E+00    0.17688E+02
  
  Symmetric Krt Tensor (A^2)
   -0.57051E+00   -0.15815E+01   -0.54896E+01
    0.15857E+01   -0.91380E+00   -0.53868E+01
    0.14509E+01    0.33968E+01    0.14218E+01
  
  Krr Tensor (A^3)
    0.12760E+05    0.58104E+03   -0.34200E+03
    0.57763E+03    0.12907E+05   -0.21525E+03
   -0.34811E+03   -0.21095E+03    0.13504E+05
  
 Raw Dtt tensor (no rot/trans coupling correction)
    0.57542E-01   -0.83591E-03    0.43315E-03
   -0.83590E-03    0.57335E-01    0.42311E-03
    0.43324E-03    0.42300E-03    0.56544E-01
  
 Raw Drr tensor (no rot/trans coupling correction)
    0.78578E-04   -0.35059E-05    0.19342E-05
   -0.34839E-05    0.77655E-04    0.11496E-05
    0.19712E-05    0.11227E-05    0.74120E-04
  
 Raw Dtt tensor, before CD transformation
    0.57542E-01   -0.83591E-03    0.43233E-03
   -0.83586E-03    0.57335E-01    0.42748E-03
    0.43335E-03    0.42311E-03    0.56558E-01
  
 Program finished at:                
 Elapsed time CPU_TIME:   56.820000000000000     
