 BEST ver.3.90 SFSU/ARAGON
  
 control gtensor value=   1.0000000000000000     
 true area (A^2)=    8938.8529999999992     
 total area (A^2) =    8434.5766756477988     
 centroid coords =   -4.1538411776691060        70.782979013854813        33.732491238793827     
  
 first few rows of gr matrix
   9.5210910180976231       -1.1752310180483518       -1.0052657498325517        3.2883361579602557      -0.99224780748739405     
  -1.1752310180483518        8.0868894951894017      -0.95284853543525116      -0.99224780748739405        3.4503278137429585     
  -1.0052657498325517      -0.95284853543524983        9.4314472984775310      -0.12771387236701706        5.6700289787805384E-002
   2.3903271370212602      -0.72095144116391707       -9.3998156572220354E-002   9.8467923143258496      -0.32375878060060048     
 -0.72095144116391707        2.7337815807610331       -2.7265517017783472E-002 -0.32375878060060048        11.880096428003576     
  -9.3998156572220354E-002  -2.7265517017783472E-002   1.9071557911969246       -1.8840336708081518        4.5364051822373741E-002
   1.3486645957391927      -0.25517839887969995        3.4455240414676430E-002   3.7925595846531333       0.42009690729945953     
 -0.25517839887969995        2.2890783273057682      -0.27212560874507336       0.42009690729945953        4.5390605180556056     
   3.4455240414676430E-002 -0.27212560874507336        1.3653110812157352      -0.82127808540253466      -0.69817356733773717     
 first few columns of gr matrix
   9.5210910180976231       -1.1752310180483518       -1.0052657498325517        2.3903271370212602      -0.72095144116391707     
  -1.1752310180483518        8.0868894951894017      -0.95284853543524983      -0.72095144116391707        2.7337815807610331     
  -1.0052657498325517      -0.95284853543525116        9.4314472984775310       -9.3998156572220354E-002  -2.7265517017783472E-002
   3.2883361579602557      -0.99224780748739405      -0.12771387236701706        9.8467923143258496      -0.32375878060060048     
 -0.99224780748739405        3.4503278137429585        5.6700289787805384E-002 -0.32375878060060048        11.880096428003576     
 -0.12771387236701706        5.6700289787805384E-002   2.4163126414036529       -1.8840336708081518        4.5364051822373908E-002
   1.5659025779272946      -0.39712423065022301        8.6459348994566379E-002   2.8415796007240215       0.38399065854671849     
 -0.39712423065022301        2.5732763812383399      -0.28287610712910516       0.38399065854671849        3.3981061084385549     
   8.6459348994566379E-002 -0.28287610712910516        1.5367506145925245      -0.60037380260357132      -0.53689592503978079     
  
 about to enter dgetrf
 Just out of dgetrf:                 
  
  **** TRANSLATION/ROTATION FLOWS ****
     U(X-Z) =     1.000     0.000     0.000 A/SEC
  OMGA(X-Z) =     0.000     0.000     0.000 RAD/S

 FTOTH(X-Z) =   -0.17438E+02   -0.25297E+00    0.13297E+00
 TTOTH(X-Z) =    0.55336E+00   -0.78378E+00    0.23299E+01

     U(X-Z) =     0.000     1.000     0.000 A/SEC
  OMGA(X-Z) =     0.000     0.000     0.000 RAD/S

 FTOTH(X-Z) =   -0.25301E+00   -0.17499E+02    0.13079E+00
 TTOTH(X-Z) =    0.53060E+00    0.90314E+00    0.55474E+01

     U(X-Z) =     0.000     0.000     1.000 A/SEC
  OMGA(X-Z) =     0.000     0.000     0.000 RAD/S

 FTOTH(X-Z) =    0.13303E+00    0.13090E+00   -0.17736E+02
 TTOTH(X-Z) =    0.17298E+01   -0.33872E+01   -0.13858E+01

     U(X-Z) =     0.000     0.000     0.000 A/SEC
  OMGA(X-Z) =     1.000     0.000     0.000 RAD/S

 FTOTH(X-Z) =    0.55899E+00    0.57577E+00    0.17290E+01
 TTOTH(X-Z) =   -0.12888E+05   -0.57615E+03    0.34664E+03

     U(X-Z) =     0.000     0.000     0.000 A/SEC
  OMGA(X-Z) =     0.000     1.000     0.000 RAD/S

 FTOTH(X-Z) =   -0.79326E+00    0.88705E+00   -0.33809E+01
 TTOTH(X-Z) =   -0.57677E+03   -0.13029E+05    0.20367E+03

     U(X-Z) =     0.000     0.000     0.000 A/SEC
  OMGA(X-Z) =     0.000     0.000     1.000 RAD/S

 FTOTH(X-Z) =    0.23329E+01    0.54992E+01   -0.14052E+01
 TTOTH(X-Z) =    0.34339E+03    0.20530E+03   -0.13608E+05

 I,J,Ktt,Ktr,Krt,Krr=    1    1  0.1744E+02 -0.5534E+00 -0.5590E+00  0.1289E+05
 I,J,Ktt,Ktr,Krt,Krr=    1    2  0.2530E+00 -0.5306E+00  0.7933E+00  0.5768E+03
 I,J,Ktt,Ktr,Krt,Krr=    1    3 -0.1330E+00 -0.1730E+01 -0.2333E+01 -0.3434E+03
 I,J,Ktt,Ktr,Krt,Krr=    2    1  0.2530E+00  0.7838E+00 -0.5758E+00  0.5762E+03
 I,J,Ktt,Ktr,Krt,Krr=    2    2  0.1750E+02 -0.9031E+00 -0.8870E+00  0.1303E+05
 I,J,Ktt,Ktr,Krt,Krr=    2    3 -0.1309E+00  0.3387E+01 -0.5499E+01 -0.2053E+03
 I,J,Ktt,Ktr,Krt,Krr=    3    1 -0.1330E+00 -0.2330E+01 -0.1729E+01 -0.3466E+03
 I,J,Ktt,Ktr,Krt,Krr=    3    2 -0.1308E+00 -0.5547E+01  0.3381E+01 -0.2037E+03
 I,J,Ktt,Ktr,Krt,Krr=    3    3  0.1774E+02  0.1386E+01  0.1405E+01  0.1361E+05
  
  Friction Tensors in Center of Resistance
  
  Ktt Tensor (A)
    0.17438E+02    0.25301E+00   -0.13303E+00
    0.25297E+00    0.17499E+02   -0.13090E+00
   -0.13297E+00   -0.13079E+00    0.17736E+02
  
  Symmetric Krt Tensor (A^2)
   -0.55617E+00    0.78852E+00   -0.23314E+01
   -0.55319E+00   -0.89510E+00   -0.55233E+01
   -0.17294E+01    0.33840E+01    0.13955E+01
  
  Krr Tensor (A^3)
    0.12888E+05    0.57677E+03   -0.34339E+03
    0.57615E+03    0.13029E+05   -0.20530E+03
   -0.34664E+03   -0.20367E+03    0.13608E+05
  
 Raw Dtt tensor (no rot/trans coupling correction)
    0.57360E-01   -0.82619E-03    0.42412E-03
   -0.82604E-03    0.57162E-01    0.41568E-03
    0.42393E-03    0.41533E-03    0.56387E-01
  
 Raw Drr tensor (no rot/trans coupling correction)
    0.77797E-04   -0.34139E-05    0.19116E-05
   -0.34097E-05    0.76917E-04    0.10744E-05
    0.19306E-05    0.10642E-05    0.73548E-04
  
 Raw Dtt tensor, before CD transformation
    0.57360E-01   -0.82619E-03    0.42467E-03
   -0.82603E-03    0.57162E-01    0.41754E-03
    0.42400E-03    0.41539E-03    0.56396E-01
  
 Program finished at:                
 Elapsed time CPU_TIME:   106.96000000000001     
