 BEST ver.3.90 SFSU/ARAGON
  
 control gtensor value=   1.0000000000000000     
 true area (A^2)=    4109.2669999999998     
 total area (A^2) =    3909.3302494712821     
 centroid coords =    30.773138207225621        29.142178084526268        16.292008179959105     
  
 first few rows of gr matrix
   5.7635981163037160       0.98808818829172096      -0.10622370975748680        2.6326228658607693       0.31794437772822398     
  0.98808818829172140        4.9987899425821425      -0.24931306184717236       0.31794437772822398        2.1949037742548807     
 -0.10622370975748680      -0.24931306184717231        6.4848927537953180       0.51367809473324721       0.16093691935988264     
   1.6956581871709906       0.14382157359419459       0.36919855815982733        7.0628834491887691       0.96934600902230050     
  0.14382157359419459        1.4271008384101356        8.0282618022271365E-002  0.96934600902230050        5.7942085582149732     
  0.36919855815982733        8.0282618022271365E-002   2.2977897444501747       0.17595233718002318      -0.38577950712053422     
  0.43483800438166503       0.10314412789867419       -7.1718016881868754E-002  0.70184597511486824       0.22019592949375061     
  0.10314412789867419       0.61365176888414830      -0.15718565190780731       0.22019592949375061       0.95013682670580657     
  -7.1718016881868754E-002 -0.15718565190780731       0.49969405312901150       -8.2418848928607472E-002 -0.14371712480190685     
 first few columns of gr matrix
   5.7635981163037160       0.98808818829172140      -0.10622370975748680        1.6956581871709906       0.14382157359419459     
  0.98808818829172096        4.9987899425821425      -0.24931306184717231       0.14382157359419459        1.4271008384101356     
 -0.10622370975748680      -0.24931306184717236        6.4848927537953180       0.36919855815982733        8.0282618022271365E-002
   2.6326228658607693       0.31794437772822398       0.51367809473324721        7.0628834491887691       0.96934600902230050     
  0.31794437772822398        2.1949037742548807       0.16093691935988264       0.96934600902230050        5.7942085582149732     
  0.51367809473324721       0.16093691935988264        3.2364861324904952       0.17595233718002362      -0.38577950712053422     
  0.33111427345030892        7.0572182674623091E-002  -5.3889546162377927E-002  0.39005823306128751       0.12008044987539329     
   7.0572182674623091E-002  0.46708341770681999      -0.12748246764763496       0.12008044987539329       0.54331780060052715     
  -5.3889546162377927E-002 -0.12748246764763496       0.40268666906808159       -4.6228612929119804E-002  -8.4617856721944912E-002
  
 about to enter dgetrf
 Just out of dgetrf:                 
  
  **** TRANSLATION/ROTATION FLOWS ****
     U(X-Z) =     1.000     0.000     0.000 A/SEC
  OMGA(X-Z) =     0.000     0.000     0.000 RAD/S

 FTOTH(X-Z) =   -0.12658E+02    0.22171E+00    0.44295E+00
 TTOTH(X-Z) =    0.20274E+01   -0.49553E+01    0.33053E+01

     U(X-Z) =     0.000     1.000     0.000 A/SEC
  OMGA(X-Z) =     0.000     0.000     0.000 RAD/S

 FTOTH(X-Z) =    0.22151E+00   -0.12622E+02    0.19796E+00
 TTOTH(X-Z) =    0.42582E+01   -0.32618E+01    0.51641E+00

     U(X-Z) =     0.000     0.000     1.000 A/SEC
  OMGA(X-Z) =     0.000     0.000     0.000 RAD/S

 FTOTH(X-Z) =    0.44282E+00    0.19787E+00   -0.12319E+02
 TTOTH(X-Z) =   -0.65350E+01    0.59560E+00    0.11703E+01

     U(X-Z) =     0.000     0.000     0.000 A/SEC
  OMGA(X-Z) =     1.000     0.000     0.000 RAD/S

 FTOTH(X-Z) =    0.20121E+01    0.43104E+01   -0.65210E+01
 TTOTH(X-Z) =   -0.51011E+04    0.42550E+03    0.69610E+03

     U(X-Z) =     0.000     0.000     0.000 A/SEC
  OMGA(X-Z) =     0.000     1.000     0.000 RAD/S

 FTOTH(X-Z) =   -0.50419E+01   -0.32431E+01    0.66407E+00
 TTOTH(X-Z) =    0.42520E+03   -0.52338E+04    0.40136E+03

     U(X-Z) =     0.000     0.000     0.000 A/SEC
  OMGA(X-Z) =     0.000     0.000     1.000 RAD/S

 FTOTH(X-Z) =    0.33099E+01    0.44661E+00    0.11677E+01
 TTOTH(X-Z) =    0.69515E+03    0.40193E+03   -0.46726E+04

 I,J,Ktt,Ktr,Krt,Krr=    1    1  0.1266E+02 -0.2027E+01 -0.2012E+01  0.5101E+04
 I,J,Ktt,Ktr,Krt,Krr=    1    2 -0.2215E+00 -0.4258E+01  0.5042E+01 -0.4252E+03
 I,J,Ktt,Ktr,Krt,Krr=    1    3 -0.4428E+00  0.6535E+01 -0.3310E+01 -0.6952E+03
 I,J,Ktt,Ktr,Krt,Krr=    2    1 -0.2217E+00  0.4955E+01 -0.4310E+01 -0.4255E+03
 I,J,Ktt,Ktr,Krt,Krr=    2    2  0.1262E+02  0.3262E+01  0.3243E+01  0.5234E+04
 I,J,Ktt,Ktr,Krt,Krr=    2    3 -0.1979E+00 -0.5956E+00 -0.4466E+00 -0.4019E+03
 I,J,Ktt,Ktr,Krt,Krr=    3    1 -0.4429E+00 -0.3305E+01  0.6521E+01 -0.6961E+03
 I,J,Ktt,Ktr,Krt,Krr=    3    2 -0.1980E+00 -0.5164E+00 -0.6641E+00 -0.4014E+03
 I,J,Ktt,Ktr,Krt,Krr=    3    3  0.1232E+02 -0.1170E+01 -0.1168E+01  0.4673E+04
  
  Friction Tensors in Center of Resistance
  
  Ktt Tensor (A)
    0.12658E+02   -0.22151E+00   -0.44282E+00
   -0.22171E+00    0.12622E+02   -0.19787E+00
   -0.44295E+00   -0.19796E+00    0.12319E+02
  
  Symmetric Krt Tensor (A^2)
   -0.20197E+01    0.49986E+01   -0.33076E+01
   -0.42843E+01    0.32525E+01   -0.48151E+00
    0.65280E+01   -0.62984E+00   -0.11690E+01
  
  Krr Tensor (A^3)
    0.51011E+04   -0.42520E+03   -0.69515E+03
   -0.42550E+03    0.52338E+04   -0.40193E+03
   -0.69610E+03   -0.40136E+03    0.46726E+04
  
 Raw Dtt tensor (no rot/trans coupling correction)
    0.79124E-01    0.14336E-02    0.28671E-02
    0.14348E-02    0.79274E-01    0.13249E-02
    0.28680E-02    0.13254E-02    0.81297E-01
  
 Raw Drr tensor (no rot/trans coupling correction)
    0.20193E-03    0.18833E-04    0.31661E-04
    0.18851E-04    0.19409E-03    0.19500E-04
    0.31702E-04    0.19478E-04    0.22041E-03
  
 Raw Dtt tensor, before CD transformation
    0.79124E-01    0.14336E-02    0.28659E-02
    0.14340E-02    0.79273E-01    0.12999E-02
    0.28686E-02    0.13257E-02    0.81316E-01
  
 Program finished at:                
 Elapsed time CPU_TIME:   30.352000000000000     
