 BEST ver.3.90 SFSU/ARAGON
  
 control gtensor value=   1.0000000000000000     
 true area (A^2)=    4109.2669999999998     
 total area (A^2) =    3933.5168735993029     
 centroid coords =    30.831708436724572        29.500272401433705        16.171202646815566     
  
 first few rows of gr matrix
   5.7458510291867810       0.98504569872132186      -0.10589662910527800        1.8086499192147767       0.29096740005247157     
  0.98504569872132186        4.9833978283507019      -0.24854538503509976       0.29096740005247157        1.5281671065462021     
 -0.10589662910527803      -0.24854538503509976        6.4649246792829693       0.31432740445571405       0.15864226054253255     
   2.3044252714464388       0.36678266187024483       0.37812173997118409        4.9968133217851918       0.86001582341144922     
  0.36678266187024483        1.9589658017467571       0.18762436827532894       0.86001582341144922        4.3526985759450003     
  0.37812173997118409       0.18762436827532894        2.6304070609410641       -5.1015868860086411E-002 -0.17502994738109176     
  0.41181850104811579        7.3128293290665711E-002  -6.4880301876852800E-002  0.34374373602311298        8.5785964346399096E-002
   7.3128293290665711E-002  0.58099405192896325      -0.17484696993394500        8.5785964346399096E-002  0.48368790710225068     
  -6.4880301876852800E-002 -0.17484696993394500       0.54205135365433954       -5.6661471179453263E-002 -0.11903893491224700     
 first few columns of gr matrix
   5.7458510291867810       0.98504569872132186      -0.10589662910527803        2.3044252714464388       0.36678266187024483     
  0.98504569872132186        4.9833978283507019      -0.24854538503509976       0.36678266187024483        1.9589658017467571     
 -0.10589662910527800      -0.24854538503509976        6.4649246792829693       0.37812173997118409       0.18762436827532894     
   1.8086499192147767       0.29096740005247157       0.31432740445571405        4.9968133217851918       0.86001582341144922     
  0.29096740005247157        1.5281671065462021       0.15864226054253255       0.86001582341144922        4.3526985759450003     
  0.31432740445571405       0.15864226054253255        2.0362254155507453       -5.1015868860086383E-002 -0.17502994738109132     
  0.22427594111627513        3.9610352471443594E-002  -3.7175813528973763E-002  0.24478377917064131        6.4507013567004140E-002
   3.9610352471443594E-002  0.30728672029829340       -9.4731958336851829E-002   6.4507013567004140E-002  0.33539707759547388     
  -3.7175813528973763E-002  -9.4731958336851829E-002  0.29888608868963484       -4.0526126759415394E-002  -7.9349565580925083E-002
  
 about to enter dgetrf
 Just out of dgetrf:                 
  
  **** TRANSLATION/ROTATION FLOWS ****
     U(X-Z) =     1.000     0.000     0.000 A/SEC
  OMGA(X-Z) =     0.000     0.000     0.000 RAD/S

 FTOTH(X-Z) =   -0.12692E+02    0.22245E+00    0.44727E+00
 TTOTH(X-Z) =    0.18891E+01   -0.64816E+01   -0.89645E+00

     U(X-Z) =     0.000     1.000     0.000 A/SEC
  OMGA(X-Z) =     0.000     0.000     0.000 RAD/S

 FTOTH(X-Z) =    0.22231E+00   -0.12662E+02    0.19976E+00
 TTOTH(X-Z) =    0.56598E+01   -0.31848E+01    0.14067E+01

     U(X-Z) =     0.000     0.000     1.000 A/SEC
  OMGA(X-Z) =     0.000     0.000     0.000 RAD/S

 FTOTH(X-Z) =    0.44724E+00    0.19967E+00   -0.12354E+02
 TTOTH(X-Z) =   -0.25316E+01   -0.11750E+00    0.12228E+01

     U(X-Z) =     0.000     0.000     0.000 A/SEC
  OMGA(X-Z) =     1.000     0.000     0.000 RAD/S

 FTOTH(X-Z) =    0.18841E+01    0.57172E+01   -0.25368E+01
 TTOTH(X-Z) =   -0.51438E+04    0.43291E+03    0.70184E+03

     U(X-Z) =     0.000     0.000     0.000 A/SEC
  OMGA(X-Z) =     0.000     1.000     0.000 RAD/S

 FTOTH(X-Z) =   -0.65661E+01   -0.31811E+01   -0.92634E-01
 TTOTH(X-Z) =    0.43292E+03   -0.52813E+04    0.40150E+03

     U(X-Z) =     0.000     0.000     0.000 A/SEC
  OMGA(X-Z) =     0.000     0.000     1.000 RAD/S

 FTOTH(X-Z) =   -0.88032E+00    0.13739E+01    0.12333E+01
 TTOTH(X-Z) =    0.70136E+03    0.40178E+03   -0.47095E+04

 I,J,Ktt,Ktr,Krt,Krr=    1    1  0.1269E+02 -0.1889E+01 -0.1884E+01  0.5144E+04
 I,J,Ktt,Ktr,Krt,Krr=    1    2 -0.2223E+00 -0.5660E+01  0.6566E+01 -0.4329E+03
 I,J,Ktt,Ktr,Krt,Krr=    1    3 -0.4472E+00  0.2532E+01  0.8803E+00 -0.7014E+03
 I,J,Ktt,Ktr,Krt,Krr=    2    1 -0.2224E+00  0.6482E+01 -0.5717E+01 -0.4329E+03
 I,J,Ktt,Ktr,Krt,Krr=    2    2  0.1266E+02  0.3185E+01  0.3181E+01  0.5281E+04
 I,J,Ktt,Ktr,Krt,Krr=    2    3 -0.1997E+00  0.1175E+00 -0.1374E+01 -0.4018E+03
 I,J,Ktt,Ktr,Krt,Krr=    3    1 -0.4473E+00  0.8964E+00  0.2537E+01 -0.7018E+03
 I,J,Ktt,Ktr,Krt,Krr=    3    2 -0.1998E+00 -0.1407E+01  0.9263E-01 -0.4015E+03
 I,J,Ktt,Ktr,Krt,Krr=    3    3  0.1235E+02 -0.1223E+01 -0.1233E+01  0.4710E+04
  
  Friction Tensors in Center of Resistance
  
  Ktt Tensor (A)
    0.12692E+02   -0.22231E+00   -0.44724E+00
   -0.22245E+00    0.12662E+02   -0.19967E+00
   -0.44727E+00   -0.19976E+00    0.12354E+02
  
  Symmetric Krt Tensor (A^2)
   -0.18866E+01    0.65239E+01    0.88838E+00
   -0.56885E+01    0.31829E+01   -0.13903E+01
    0.25342E+01    0.10507E+00   -0.12281E+01
  
  Krr Tensor (A^3)
    0.51438E+04   -0.43292E+03   -0.70136E+03
   -0.43291E+03    0.52813E+04   -0.40178E+03
   -0.70184E+03   -0.40150E+03    0.47095E+04
  
 Raw Dtt tensor (no rot/trans coupling correction)
    0.78915E-01    0.14310E-02    0.28800E-02
    0.14319E-02    0.79025E-01    0.13291E-02
    0.28802E-02    0.13297E-02    0.81071E-01
  
 Raw Drr tensor (no rot/trans coupling correction)
    0.20028E-03    0.18807E-04    0.31431E-04
    0.18810E-04    0.19235E-03    0.19211E-04
    0.31450E-04    0.19201E-04    0.21866E-03
  
 Raw Dtt tensor, before CD transformation
    0.78915E-01    0.14311E-02    0.28845E-02
    0.14318E-02    0.79025E-01    0.13282E-02
    0.28804E-02    0.13297E-02    0.81077E-01
  
 Program finished at:                
 Elapsed time CPU_TIME:   51.716000000000001     
