 BEST ver.3.90 SFSU/ARAGON
  
 control gtensor value=   1.0000000000000000     
 true area (A^2)=    4109.2669999999998     
 total area (A^2) =    3926.9216764606276     
 centroid coords =    30.764933362624454        29.344230082015237        16.275776069127126     
  
 first few rows of gr matrix
   5.7506740337851543       0.98587253532227215      -0.10598551757915811        2.6208295079201513       0.31652008262679476     
  0.98587253532227215        4.9875808380597189      -0.24875401131671404       0.31652008262679476        2.1850712660780829     
 -0.10598551757915813      -0.24875401131671407        6.4703512664495930       0.51137697150135464       0.16021597040798977     
   1.6880621489364338       0.14317729623909964       0.36754465975911005        7.0470458965568294       0.96717238283309648     
  0.14317729623909964        1.4207078562542110        7.9922976061007400E-002  0.96717238283309648        5.7812158359562336     
  0.36754465975911005        7.9922976061007400E-002   2.2874963380986646       0.17555778806692346      -0.38491444920299978     
  0.43289006102131583       0.10268207325516406       -7.1396741755511972E-002  0.69870191642304136       0.21920951801519734     
  0.10268207325516406       0.61090279368713385      -0.15648150750485573       0.21920951801519734       0.94588049974184518     
  -7.1396741755511972E-002 -0.15648150750485573       0.49745557419388992       -8.2049637295952674E-002 -0.14307331534595910     
 first few columns of gr matrix
   5.7506740337851543       0.98587253532227215      -0.10598551757915813        1.6880621489364338       0.14317729623909964     
  0.98587253532227215        4.9875808380597189      -0.24875401131671407       0.14317729623909964        1.4207078562542110     
 -0.10598551757915811      -0.24875401131671404        6.4703512664495930       0.36754465975911005        7.9922976061007400E-002
   2.6208295079201513       0.31652008262679476       0.51137697150135464        7.0470458965568294       0.96717238283309648     
  0.31652008262679476        2.1850712660780829       0.16021597040798977       0.96717238283309648        5.7812158359562336     
  0.51137697150135464       0.16021597040798977        3.2219876488963299       0.17555778806692474      -0.38491444920299944     
  0.32963098118057838        7.0256040540584305E-002  -5.3648137217940074E-002  0.38831088959639937       0.11954252560776830     
   7.0256040540584305E-002  0.46499102460161051      -0.12691138456861967       0.11954252560776830       0.54088390040878953     
  -5.3648137217940074E-002 -0.12691138456861967       0.40088275401142104       -4.6021522659396290E-002  -8.4238794196343267E-002
  
 about to enter dgetrf
 Just out of dgetrf:                 
  
  **** TRANSLATION/ROTATION FLOWS ****
     U(X-Z) =     1.000     0.000     0.000 A/SEC
  OMGA(X-Z) =     0.000     0.000     0.000 RAD/S

 FTOTH(X-Z) =   -0.12684E+02    0.22287E+00    0.44552E+00
 TTOTH(X-Z) =    0.19610E+01   -0.51701E+01    0.10274E+01

     U(X-Z) =     0.000     1.000     0.000 A/SEC
  OMGA(X-Z) =     0.000     0.000     0.000 RAD/S

 FTOTH(X-Z) =    0.22264E+00   -0.12653E+02    0.20174E+00
 TTOTH(X-Z) =    0.44402E+01   -0.31706E+01    0.52167E+00

     U(X-Z) =     0.000     0.000     1.000 A/SEC
  OMGA(X-Z) =     0.000     0.000     0.000 RAD/S

 FTOTH(X-Z) =    0.44554E+00    0.20168E+00   -0.12344E+02
 TTOTH(X-Z) =   -0.43036E+01    0.60729E+00    0.11408E+01

     U(X-Z) =     0.000     0.000     0.000 A/SEC
  OMGA(X-Z) =     1.000     0.000     0.000 RAD/S

 FTOTH(X-Z) =    0.19500E+01    0.45049E+01   -0.43025E+01
 TTOTH(X-Z) =   -0.51330E+04    0.43053E+03    0.70188E+03

     U(X-Z) =     0.000     0.000     0.000 A/SEC
  OMGA(X-Z) =     0.000     1.000     0.000 RAD/S

 FTOTH(X-Z) =   -0.52639E+01   -0.31614E+01    0.66484E+00
 TTOTH(X-Z) =    0.42995E+03   -0.52707E+04    0.40497E+03

     U(X-Z) =     0.000     0.000     0.000 A/SEC
  OMGA(X-Z) =     0.000     0.000     1.000 RAD/S

 FTOTH(X-Z) =    0.10436E+01    0.45547E+00    0.11488E+01
 TTOTH(X-Z) =    0.70128E+03    0.40581E+03   -0.46980E+04

 I,J,Ktt,Ktr,Krt,Krr=    1    1  0.1268E+02 -0.1961E+01 -0.1950E+01  0.5133E+04
 I,J,Ktt,Ktr,Krt,Krr=    1    2 -0.2226E+00 -0.4440E+01  0.5264E+01 -0.4299E+03
 I,J,Ktt,Ktr,Krt,Krr=    1    3 -0.4455E+00  0.4304E+01 -0.1044E+01 -0.7013E+03
 I,J,Ktt,Ktr,Krt,Krr=    2    1 -0.2229E+00  0.5170E+01 -0.4505E+01 -0.4305E+03
 I,J,Ktt,Ktr,Krt,Krr=    2    2  0.1265E+02  0.3171E+01  0.3161E+01  0.5271E+04
 I,J,Ktt,Ktr,Krt,Krr=    2    3 -0.2017E+00 -0.6073E+00 -0.4555E+00 -0.4058E+03
 I,J,Ktt,Ktr,Krt,Krr=    3    1 -0.4455E+00 -0.1027E+01  0.4302E+01 -0.7019E+03
 I,J,Ktt,Ktr,Krt,Krr=    3    2 -0.2017E+00 -0.5217E+00 -0.6648E+00 -0.4050E+03
 I,J,Ktt,Ktr,Krt,Krr=    3    3  0.1234E+02 -0.1141E+01 -0.1149E+01  0.4698E+04
  
  Friction Tensors in Center of Resistance
  
  Ktt Tensor (A)
    0.12684E+02   -0.22264E+00   -0.44554E+00
   -0.22287E+00    0.12653E+02   -0.20168E+00
   -0.44552E+00   -0.20174E+00    0.12344E+02
  
  Symmetric Krt Tensor (A^2)
   -0.19555E+01    0.52170E+01   -0.10355E+01
   -0.44725E+01    0.31660E+01   -0.48857E+00
    0.43030E+01   -0.63606E+00   -0.11448E+01
  
  Krr Tensor (A^3)
    0.51330E+04   -0.42995E+03   -0.70128E+03
   -0.43053E+03    0.52707E+04   -0.40581E+03
   -0.70188E+03   -0.40497E+03    0.46980E+04
  
 Raw Dtt tensor (no rot/trans coupling correction)
    0.78968E-01    0.14353E-02    0.28738E-02
    0.14367E-02    0.79079E-01    0.13439E-02
    0.28737E-02    0.13443E-02    0.81140E-01
  
 Raw Drr tensor (no rot/trans coupling correction)
    0.20071E-03    0.18799E-04    0.31585E-04
    0.18828E-04    0.19276E-03    0.19461E-04
    0.31609E-04    0.19425E-04    0.21925E-03
  
 Raw Dtt tensor, before CD transformation
    0.78968E-01    0.14353E-02    0.28728E-02
    0.14364E-02    0.79079E-01    0.13339E-02
    0.28739E-02    0.13443E-02    0.81144E-01
  
 Program finished at:                
 Elapsed time CPU_TIME:   49.019999999999996     
