 BEST ver.3.90 SFSU/ARAGON
  
 control gtensor value=   1.0000000000000000     
 true area (A^2)=    4109.2669999999998     
 total area (A^2) =    3936.4901410784942     
 centroid coords =    30.749772882244987        29.551868345135080        16.251379753474993     
  
 first few rows of gr matrix
   5.7436806720248619       0.98467362137782999      -0.10585662919817387        1.8072838291717896       0.29074762967909934     
  0.98467362137783043        4.9815154695647674      -0.24845150298808308       0.29074762967909934        1.5270128677705859     
 -0.10585662919817386      -0.24845150298808305        6.4624827093280075       0.31408999005456162       0.15852243657316087     
   2.3026847176860423       0.36650562752711519       0.37783614111729658        4.9949258956189677       0.85969097309907228     
  0.36650562752711519        1.9574861767248624       0.18748265385143761       0.85969097309907205        4.3510544486468863     
  0.37783614111729658       0.18748265385143761        2.6284202901145055       -5.0996598841461294E-002 -0.17496383402418045     
  0.41150745071835171        7.3073058813134334E-002  -6.4831297183662415E-002  0.34348410319415501        8.5721169412632969E-002
   7.3073058813134334E-002  0.58055522173803309      -0.17471490639741669        8.5721169412632969E-002  0.48332257314414984     
  -6.4831297183662415E-002 -0.17471490639741669       0.54164193724426046       -5.6618674245244548E-002 -0.11894902370168946     
 first few columns of gr matrix
   5.7436806720248619       0.98467362137783043      -0.10585662919817386        2.3026847176860423       0.36650562752711519     
  0.98467362137782999        4.9815154695647674      -0.24845150298808305       0.36650562752711519        1.9574861767248624     
 -0.10585662919817387      -0.24845150298808308        6.4624827093280075       0.37783614111729658       0.18748265385143761     
   1.8072838291717896       0.29074762967909934       0.31408999005456162        4.9949258956189677       0.85969097309907205     
  0.29074762967909934        1.5270128677705859       0.15852243657316087       0.85969097309907228        4.3510544486468863     
  0.31408999005456162       0.15852243657316087        2.0346874356266547       -5.0996598841460850E-002 -0.17496383402418048     
  0.22410654341980252        3.9580434405191212E-002  -3.7147734292543137E-002  0.24459889171405999        6.4458290821933079E-002
   3.9580434405191212E-002  0.30705462379112425       -9.4660406410930875E-002   6.4458290821933079E-002  0.33514374907496675     
  -3.7147734292543137E-002  -9.4660406410930875E-002  0.29866033725736024       -4.0495517000357716E-002  -7.9289632118786382E-002
  
 about to enter dgetrf
 Just out of dgetrf:                 
  
  **** TRANSLATION/ROTATION FLOWS ****
     U(X-Z) =     1.000     0.000     0.000 A/SEC
  OMGA(X-Z) =     0.000     0.000     0.000 RAD/S

 FTOTH(X-Z) =   -0.12697E+02    0.22191E+00    0.44765E+00
 TTOTH(X-Z) =    0.18428E+01   -0.55841E+01   -0.14142E+01

     U(X-Z) =     0.000     1.000     0.000 A/SEC
  OMGA(X-Z) =     0.000     0.000     0.000 RAD/S

 FTOTH(X-Z) =    0.22181E+00   -0.12666E+02    0.19886E+00
 TTOTH(X-Z) =    0.47269E+01   -0.31932E+01    0.49604E+00

     U(X-Z) =     0.000     0.000     1.000 A/SEC
  OMGA(X-Z) =     0.000     0.000     0.000 RAD/S

 FTOTH(X-Z) =    0.44762E+00    0.19883E+00   -0.12358E+02
 TTOTH(X-Z) =   -0.19774E+01    0.71191E+00    0.12764E+01

     U(X-Z) =     0.000     0.000     0.000 A/SEC
  OMGA(X-Z) =     1.000     0.000     0.000 RAD/S

 FTOTH(X-Z) =    0.18498E+01    0.47678E+01   -0.19723E+01
 TTOTH(X-Z) =   -0.51465E+04    0.43049E+03    0.70473E+03

     U(X-Z) =     0.000     0.000     0.000 A/SEC
  OMGA(X-Z) =     0.000     1.000     0.000 RAD/S

 FTOTH(X-Z) =   -0.56490E+01   -0.31899E+01    0.74139E+00
 TTOTH(X-Z) =    0.42995E+03   -0.52840E+04    0.40085E+03

     U(X-Z) =     0.000     0.000     0.000 A/SEC
  OMGA(X-Z) =     0.000     0.000     1.000 RAD/S

 FTOTH(X-Z) =   -0.14107E+01    0.47629E+00    0.12734E+01
 TTOTH(X-Z) =    0.70490E+03    0.40161E+03   -0.47157E+04

 I,J,Ktt,Ktr,Krt,Krr=    1    1  0.1270E+02 -0.1843E+01 -0.1850E+01  0.5147E+04
 I,J,Ktt,Ktr,Krt,Krr=    1    2 -0.2218E+00 -0.4727E+01  0.5649E+01 -0.4300E+03
 I,J,Ktt,Ktr,Krt,Krr=    1    3 -0.4476E+00  0.1977E+01  0.1411E+01 -0.7049E+03
 I,J,Ktt,Ktr,Krt,Krr=    2    1 -0.2219E+00  0.5584E+01 -0.4768E+01 -0.4305E+03
 I,J,Ktt,Ktr,Krt,Krr=    2    2  0.1267E+02  0.3193E+01  0.3190E+01  0.5284E+04
 I,J,Ktt,Ktr,Krt,Krr=    2    3 -0.1988E+00 -0.7119E+00 -0.4763E+00 -0.4016E+03
 I,J,Ktt,Ktr,Krt,Krr=    3    1 -0.4476E+00  0.1414E+01  0.1972E+01 -0.7047E+03
 I,J,Ktt,Ktr,Krt,Krr=    3    2 -0.1989E+00 -0.4960E+00 -0.7414E+00 -0.4008E+03
 I,J,Ktt,Ktr,Krt,Krr=    3    3  0.1236E+02 -0.1276E+01 -0.1273E+01  0.4716E+04
  
  Friction Tensors in Center of Resistance
  
  Ktt Tensor (A)
    0.12697E+02   -0.22181E+00   -0.44762E+00
   -0.22191E+00    0.12666E+02   -0.19883E+00
   -0.44765E+00   -0.19886E+00    0.12358E+02
  
  Symmetric Krt Tensor (A^2)
   -0.18463E+01    0.56166E+01    0.14124E+01
   -0.47474E+01    0.31915E+01   -0.48616E+00
    0.19748E+01   -0.72665E+00   -0.12749E+01
  
  Krr Tensor (A^3)
    0.51465E+04   -0.42995E+03   -0.70490E+03
   -0.43049E+03    0.52840E+04   -0.40161E+03
   -0.70473E+03   -0.40085E+03    0.47157E+04
  
 Raw Dtt tensor (no rot/trans coupling correction)
    0.78887E-01    0.14267E-02    0.28802E-02
    0.14273E-02    0.78996E-01    0.13226E-02
    0.28804E-02    0.13228E-02    0.81042E-01
  
 Raw Drr tensor (no rot/trans coupling correction)
    0.20018E-03    0.18679E-04    0.31514E-04
    0.18703E-04    0.19222E-03    0.19167E-04
    0.31506E-04    0.19131E-04    0.21840E-03
  
 Raw Dtt tensor, before CD transformation
    0.78886E-01    0.14266E-02    0.28774E-02
    0.14276E-02    0.78996E-01    0.13303E-02
    0.28806E-02    0.13229E-02    0.81046E-01
  
 Program finished at:                
 Elapsed time CPU_TIME:   62.844000000000001     
