 BEST ver.3.90 SFSU/ARAGON
  
 control gtensor value=   1.0000000000000000     
 true area (A^2)=    4374.7209999999995     
 total area (A^2) =    4187.4285030203218     
 centroid coords =    1.3627497952497933       0.94652852852852820       -5.0514912639912621     
  
 first few rows of gr matrix
   6.1476579435892855      -0.31552366063613779       -1.1595191697559253        2.2157668047533186      -0.27155494704413624     
 -0.31552366063613779        7.8607800648874653      -0.40231853363291814      -0.27155494704413624        2.2365045514436912     
  -1.1595191697559257      -0.40231853363291814        7.0775190891441717      -0.59905838190009897       0.24875133721610293     
   2.3447347291004115      -0.22164028258932109      -0.67286268824096884        5.7798143917911178      -0.25304977436900378     
 -0.22164028258932109        2.2669032918688696       0.20910925976192096      -0.25304977436900344        7.3882031508409636     
 -0.67286268824096884       0.20910925976192096        2.8130559470365446       -1.1295630131790184      -0.31698974705069177     
  0.52885986309336741        9.2571981246946419E-002  -2.4873971164272781E-002  0.46123987650090259        2.4656665831720669E-002
   9.2571981246946419E-002  0.96534165739655553      -0.11160254501094646        2.4656665831720669E-002  0.91101845813043136     
  -2.4873971164272781E-002 -0.11160254501094646       0.53927681592138876       -2.8976495114250178E-003  -2.2623360410809638E-002
 first few columns of gr matrix
   6.1476579435892855      -0.31552366063613779       -1.1595191697559257        2.3447347291004115      -0.22164028258932109     
 -0.31552366063613779        7.8607800648874653      -0.40231853363291814      -0.22164028258932109        2.2669032918688696     
  -1.1595191697559253      -0.40231853363291814        7.0775190891441717      -0.67286268824096884       0.20910925976192096     
   2.2157668047533186      -0.27155494704413624      -0.59905838190009897        5.7798143917911178      -0.25304977436900344     
 -0.27155494704413624        2.2365045514436912       0.24875133721610293      -0.25304977436900378        7.3882031508409636     
 -0.59905838190009897       0.24875133721610293        2.5695507918852996       -1.1295630131790189      -0.31698974705069183     
  0.56186168310703721       0.10826085056280292       -3.8595892304028129E-002  0.55136004553277718        2.9827577044435578E-002
  0.10826085056280292       0.98188847506467214      -0.14944280690658174        2.9827577044435578E-002   1.0848018885103705     
  -3.8595892304028129E-002 -0.14944280690658174       0.59397243872839900       -3.1959961834984074E-003  -4.3831968038097593E-002
  
 about to enter dgetrf
 Just out of dgetrf:                 
  
  **** TRANSLATION/ROTATION FLOWS ****
     U(X-Z) =     1.000     0.000     0.000 A/SEC
  OMGA(X-Z) =     0.000     0.000     0.000 RAD/S

 FTOTH(X-Z) =   -0.12506E+02    0.93165E-01   -0.45943E+00
 TTOTH(X-Z) =   -0.24590E+01    0.55609E+01   -0.43248E+01

     U(X-Z) =     0.000     1.000     0.000 A/SEC
  OMGA(X-Z) =     0.000     0.000     0.000 RAD/S

 FTOTH(X-Z) =    0.93208E-01   -0.12826E+02   -0.18571E+00
 TTOTH(X-Z) =   -0.28476E+01    0.41217E-01   -0.45746E+01

     U(X-Z) =     0.000     0.000     1.000 A/SEC
  OMGA(X-Z) =     0.000     0.000     0.000 RAD/S

 FTOTH(X-Z) =   -0.45948E+00   -0.18582E+00   -0.13005E+02
 TTOTH(X-Z) =    0.65181E+01    0.12813E+01    0.23427E+01

     U(X-Z) =     0.000     0.000     0.000 A/SEC
  OMGA(X-Z) =     1.000     0.000     0.000 RAD/S

 FTOTH(X-Z) =   -0.24754E+01   -0.28509E+01    0.66011E+01
 TTOTH(X-Z) =   -0.49629E+04    0.18534E+03   -0.83412E+03

     U(X-Z) =     0.000     0.000     0.000 A/SEC
  OMGA(X-Z) =     0.000     1.000     0.000 RAD/S

 FTOTH(X-Z) =    0.55307E+01    0.52575E-01    0.13370E+01
 TTOTH(X-Z) =    0.18613E+03   -0.57927E+04   -0.28558E+03

     U(X-Z) =     0.000     0.000     0.000 A/SEC
  OMGA(X-Z) =     0.000     0.000     1.000 RAD/S

 FTOTH(X-Z) =   -0.43672E+01   -0.46192E+01    0.23858E+01
 TTOTH(X-Z) =   -0.83242E+03   -0.28486E+03   -0.53605E+04

 I,J,Ktt,Ktr,Krt,Krr=    1    1  0.1251E+02  0.2459E+01  0.2475E+01  0.4963E+04
 I,J,Ktt,Ktr,Krt,Krr=    1    2 -0.9321E-01  0.2848E+01 -0.5531E+01 -0.1861E+03
 I,J,Ktt,Ktr,Krt,Krr=    1    3  0.4595E+00 -0.6518E+01  0.4367E+01  0.8324E+03
 I,J,Ktt,Ktr,Krt,Krr=    2    1 -0.9316E-01 -0.5561E+01  0.2851E+01 -0.1853E+03
 I,J,Ktt,Ktr,Krt,Krr=    2    2  0.1283E+02 -0.4122E-01 -0.5257E-01  0.5793E+04
 I,J,Ktt,Ktr,Krt,Krr=    2    3  0.1858E+00 -0.1281E+01  0.4619E+01  0.2849E+03
 I,J,Ktt,Ktr,Krt,Krr=    3    1  0.4594E+00  0.4325E+01 -0.6601E+01  0.8341E+03
 I,J,Ktt,Ktr,Krt,Krr=    3    2  0.1857E+00  0.4575E+01 -0.1337E+01  0.2856E+03
 I,J,Ktt,Ktr,Krt,Krr=    3    3  0.1301E+02 -0.2343E+01 -0.2386E+01  0.5360E+04
  
  Friction Tensors in Center of Resistance
  
  Ktt Tensor (A)
    0.12506E+02   -0.93208E-01    0.45948E+00
   -0.93165E-01    0.12826E+02    0.18582E+00
    0.45943E+00    0.18571E+00    0.13005E+02
  
  Symmetric Krt Tensor (A^2)
    0.24672E+01   -0.55458E+01    0.43460E+01
    0.28493E+01   -0.46896E-01    0.45969E+01
   -0.65596E+01   -0.13092E+01   -0.23643E+01
  
  Krr Tensor (A^3)
    0.49629E+04   -0.18613E+03    0.83242E+03
   -0.18534E+03    0.57927E+04    0.28486E+03
    0.83412E+03    0.28558E+03    0.53605E+04
  
 Raw Dtt tensor (no rot/trans coupling correction)
    0.80071E-01    0.62298E-03   -0.28379E-02
    0.62273E-03    0.77987E-01   -0.11363E-02
   -0.28376E-02   -0.11357E-02    0.77009E-01
  
 Raw Drr tensor (no rot/trans coupling correction)
    0.20729E-03    0.82689E-05   -0.32629E-04
    0.82400E-05    0.17341E-03   -0.10495E-04
   -0.32694E-04   -0.10525E-04    0.19219E-03
  
 Raw Dtt tensor, before CD transformation
    0.80069E-01    0.62218E-03   -0.27835E-02
    0.62381E-03    0.77988E-01   -0.11658E-02
   -0.28397E-02   -0.11365E-02    0.77066E-01
  
 Program finished at:                
 Elapsed time CPU_TIME:   60.787999999999997     
