 BEST ver.3.90 SFSU/ARAGON
  
 control gtensor value=   1.0000000000000000     
 true area (A^2)=    4374.7209999999995     
 total area (A^2) =    4181.2788053199820     
 centroid coords =    1.2975176876617744       0.96191343111878047       -4.9345468794938094     
  
 first few rows of gr matrix
   6.1521771766785864      -0.31575560668464753       -1.1603715492226616        2.2190256871809493      -0.27195434180136424     
 -0.31575560668464697        7.8665586390539071      -0.40261428385947839      -0.27195434180136424        2.2397939343184503     
  -1.1603715492226616      -0.40261428385947851        7.0827218767343876      -0.59993945874885002       0.24911719311752908     
   2.3481832936288307      -0.22196626437613903      -0.67385231421885283        5.7840632177162217      -0.25323579495181103     
 -0.22196626437613903        2.2702373842865198       0.20941681130147424      -0.25323579495181103        7.3936343268198677     
 -0.67385231421885283       0.20941681130147424        2.8171933041691060       -1.1303933714377972      -0.31722277084072426     
  0.52963769409562667        9.2708133301544149E-002  -2.4910555044561418E-002  0.46191825408342924        2.4692930105935169E-002
   9.2708133301544149E-002  0.96676145254702017      -0.11176668663994586        2.4692930105935169E-002  0.91235835637156371     
  -2.4910555044561418E-002 -0.11176668663994586       0.54006996786105343       -2.9019112861993117E-003  -2.2656634161250605E-002
 first few columns of gr matrix
   6.1521771766785864      -0.31575560668464697       -1.1603715492226616        2.3481832936288307      -0.22196626437613903     
 -0.31575560668464753        7.8665586390539071      -0.40261428385947851      -0.22196626437613903        2.2702373842865198     
  -1.1603715492226616      -0.40261428385947839        7.0827218767343876      -0.67385231421885283       0.20941681130147424     
   2.2190256871809493      -0.27195434180136424      -0.59993945874885002        5.7840632177162217      -0.25323579495181103     
 -0.27195434180136424        2.2397939343184503       0.24911719311752908      -0.25323579495181103        7.3936343268198677     
 -0.59993945874885002       0.24911719311752908        2.5733300090414621       -1.1303933714377967      -0.31722277084072381     
  0.56268805218247786       0.10842007732923994       -3.8652657968600075E-002  0.55217096911906294        2.9871446537597188E-002
  0.10842007732923994       0.98333260677131917      -0.14966260284192959        2.9871446537597188E-002   1.0863973821355757     
  -3.8652657968600075E-002 -0.14966260284192959       0.59484603532661318       -3.2006967574842457E-003  -4.3896434763612859E-002
  
 about to enter dgetrf
 Just out of dgetrf:                 
  
  **** TRANSLATION/ROTATION FLOWS ****
     U(X-Z) =     1.000     0.000     0.000 A/SEC
  OMGA(X-Z) =     0.000     0.000     0.000 RAD/S

 FTOTH(X-Z) =   -0.12502E+02    0.91360E-01   -0.45922E+00
 TTOTH(X-Z) =   -0.24770E+01    0.70645E+01   -0.46046E+01

     U(X-Z) =     0.000     1.000     0.000 A/SEC
  OMGA(X-Z) =     0.000     0.000     0.000 RAD/S

 FTOTH(X-Z) =    0.91442E-01   -0.12823E+02   -0.18581E+00
 TTOTH(X-Z) =   -0.43455E+01    0.96103E-01   -0.53941E+01

     U(X-Z) =     0.000     0.000     1.000 A/SEC
  OMGA(X-Z) =     0.000     0.000     0.000 RAD/S

 FTOTH(X-Z) =   -0.45929E+00   -0.18590E+00   -0.13002E+02
 TTOTH(X-Z) =    0.66885E+01    0.21783E+01    0.23058E+01

     U(X-Z) =     0.000     0.000     0.000 A/SEC
  OMGA(X-Z) =     1.000     0.000     0.000 RAD/S

 FTOTH(X-Z) =   -0.24777E+01   -0.43570E+01    0.67547E+01
 TTOTH(X-Z) =   -0.49621E+04    0.18464E+03   -0.83569E+03

     U(X-Z) =     0.000     0.000     0.000 A/SEC
  OMGA(X-Z) =     0.000     1.000     0.000 RAD/S

 FTOTH(X-Z) =    0.70462E+01    0.10046E+00    0.22409E+01
 TTOTH(X-Z) =    0.18590E+03   -0.57921E+04   -0.28260E+03

     U(X-Z) =     0.000     0.000     0.000 A/SEC
  OMGA(X-Z) =     0.000     0.000     1.000 RAD/S

 FTOTH(X-Z) =   -0.46093E+01   -0.54422E+01    0.23417E+01
 TTOTH(X-Z) =   -0.83434E+03   -0.28205E+03   -0.53554E+04

 I,J,Ktt,Ktr,Krt,Krr=    1    1  0.1250E+02  0.2477E+01  0.2478E+01  0.4962E+04
 I,J,Ktt,Ktr,Krt,Krr=    1    2 -0.9144E-01  0.4345E+01 -0.7046E+01 -0.1859E+03
 I,J,Ktt,Ktr,Krt,Krr=    1    3  0.4593E+00 -0.6689E+01  0.4609E+01  0.8343E+03
 I,J,Ktt,Ktr,Krt,Krr=    2    1 -0.9136E-01 -0.7064E+01  0.4357E+01 -0.1846E+03
 I,J,Ktt,Ktr,Krt,Krr=    2    2  0.1282E+02 -0.9610E-01 -0.1005E+00  0.5792E+04
 I,J,Ktt,Ktr,Krt,Krr=    2    3  0.1859E+00 -0.2178E+01  0.5442E+01  0.2821E+03
 I,J,Ktt,Ktr,Krt,Krr=    3    1  0.4592E+00  0.4605E+01 -0.6755E+01  0.8357E+03
 I,J,Ktt,Ktr,Krt,Krr=    3    2  0.1858E+00  0.5394E+01 -0.2241E+01  0.2826E+03
 I,J,Ktt,Ktr,Krt,Krr=    3    3  0.1300E+02 -0.2306E+01 -0.2342E+01  0.5355E+04
  
  Friction Tensors in Center of Resistance
  
  Ktt Tensor (A)
    0.12502E+02   -0.91442E-01    0.45929E+00
   -0.91360E-01    0.12823E+02    0.18590E+00
    0.45922E+00    0.18581E+00    0.13002E+02
  
  Symmetric Krt Tensor (A^2)
    0.24774E+01   -0.70553E+01    0.46070E+01
    0.43512E+01   -0.98282E-01    0.54181E+01
   -0.67216E+01   -0.22096E+01   -0.23237E+01
  
  Krr Tensor (A^3)
    0.49621E+04   -0.18590E+03    0.83434E+03
   -0.18464E+03    0.57921E+04    0.28205E+03
    0.83569E+03    0.28260E+03    0.53554E+04
  
 Raw Dtt tensor (no rot/trans coupling correction)
    0.80095E-01    0.61228E-03   -0.28382E-02
    0.61178E-03    0.78004E-01   -0.11369E-02
   -0.28377E-02   -0.11364E-02    0.77030E-01
  
 Raw Drr tensor (no rot/trans coupling correction)
    0.20735E-03    0.82524E-05   -0.32739E-04
    0.82065E-05    0.17342E-03   -0.10412E-04
   -0.32789E-04   -0.10439E-04    0.19239E-03
  
 Raw Dtt tensor, before CD transformation
    0.80092E-01    0.61128E-03   -0.27704E-02
    0.61318E-03    0.78005E-01   -0.11750E-02
   -0.28402E-02   -0.11374E-02    0.77099E-01
  
 Program finished at:                
 Elapsed time CPU_TIME:   54.556000000000004     
