 BEST ver.3.90 SFSU/ARAGON
  
 control gtensor value=   1.0000000000000000     
 true area (A^2)=    4374.7209999999995     
 total area (A^2) =    4159.0032901968161     
 centroid coords =    1.2785970200970189       0.91489310464310347       -4.8122803187803216     
  
 first few rows of gr matrix
   6.1686306267450881      -0.31660006693970943       -1.1634748596110724        2.2309107319391495      -0.27341092229214814     
 -0.31660006693970943        7.8875970496922641      -0.40369103991271016      -0.27341092229214814        2.2517902132765091     
  -1.1634748596110720      -0.40369103991271027        7.1016639857450858      -0.60315271912732671       0.25045145842475064     
   2.3607601032198775      -0.22315511000427471      -0.67746144995854263        5.7995321797765058      -0.25391305153718491     
 -0.22315511000427471        2.2823967175830862       0.21053844238029432      -0.25391305153718469        7.4134079434945388     
 -0.67746144995854263       0.21053844238029432        2.8322821193667176       -1.1334165078589913      -0.31807115489568505     
  0.48153256339473877        9.5480120700326604E-002  -1.3549041605053793E-002  0.41408741864709497        3.6327072271486176E-002
   9.5480120700326604E-002  0.88555804817148431       -5.3666677464318024E-002   3.6327072271486176E-002  0.81296972900880771     
  -1.3549041605053793E-002  -5.3666677464318024E-002  0.46842912167117812        2.8200286611723523E-004   1.5911513035266361E-002
 first few columns of gr matrix
   6.1686306267450881      -0.31660006693970943       -1.1634748596110720        2.3607601032198775      -0.22315511000427471     
 -0.31660006693970943        7.8875970496922641      -0.40369103991271027      -0.22315511000427471        2.2823967175830862     
  -1.1634748596110724      -0.40369103991271016        7.1016639857450858      -0.67746144995854263       0.21053844238029432     
   2.2309107319391495      -0.27341092229214814      -0.60315271912732671        5.7995321797765058      -0.25391305153718469     
 -0.27341092229214814        2.2517902132765091       0.25045145842475064      -0.25391305153718491        7.4134079434945388     
 -0.60315271912732671       0.25045145842475064        2.5871126986749164       -1.1334165078589913      -0.31807115489568499     
  0.69737811706724873       0.14564080200451135       -4.0611360478504714E-002  0.67264668924306237        5.1161196946638461E-002
  0.14564080200451135        1.2274064894222201      -0.14385237331611914        5.1161196946638461E-002   1.3205100372388319     
  -4.0611360478504714E-002 -0.14385237331611914       0.71133804146362556       -2.2183888987572270E-003  -1.4352118214653141E-002
  
 about to enter dgetrf
 Just out of dgetrf:                 
  
  **** TRANSLATION/ROTATION FLOWS ****
     U(X-Z) =     1.000     0.000     0.000 A/SEC
  OMGA(X-Z) =     0.000     0.000     0.000 RAD/S

 FTOTH(X-Z) =   -0.12488E+02    0.91632E-01   -0.45760E+00
 TTOTH(X-Z) =   -0.25364E+01    0.85951E+01   -0.40063E+01

     U(X-Z) =     0.000     1.000     0.000 A/SEC
  OMGA(X-Z) =     0.000     0.000     0.000 RAD/S

 FTOTH(X-Z) =    0.91609E-01   -0.12799E+02   -0.18716E+00
 TTOTH(X-Z) =   -0.58842E+01    0.15226E+00   -0.56067E+01

     U(X-Z) =     0.000     0.000     1.000 A/SEC
  OMGA(X-Z) =     0.000     0.000     0.000 RAD/S

 FTOTH(X-Z) =   -0.45772E+00   -0.18718E+00   -0.12978E+02
 TTOTH(X-Z) =    0.60244E+01    0.25148E+01    0.23102E+01

     U(X-Z) =     0.000     0.000     0.000 A/SEC
  OMGA(X-Z) =     1.000     0.000     0.000 RAD/S

 FTOTH(X-Z) =   -0.25494E+01   -0.58561E+01    0.60942E+01
 TTOTH(X-Z) =   -0.49375E+04    0.19087E+03   -0.83069E+03

     U(X-Z) =     0.000     0.000     0.000 A/SEC
  OMGA(X-Z) =     0.000     1.000     0.000 RAD/S

 FTOTH(X-Z) =    0.85484E+01    0.16935E+00    0.25037E+01
 TTOTH(X-Z) =    0.19296E+03   -0.57644E+04   -0.28518E+03

     U(X-Z) =     0.000     0.000     0.000 A/SEC
  OMGA(X-Z) =     0.000     0.000     1.000 RAD/S

 FTOTH(X-Z) =   -0.40197E+01   -0.55956E+01    0.23429E+01
 TTOTH(X-Z) =   -0.83005E+03   -0.28378E+03   -0.53311E+04

 I,J,Ktt,Ktr,Krt,Krr=    1    1  0.1249E+02  0.2536E+01  0.2549E+01  0.4937E+04
 I,J,Ktt,Ktr,Krt,Krr=    1    2 -0.9161E-01  0.5884E+01 -0.8548E+01 -0.1930E+03
 I,J,Ktt,Ktr,Krt,Krr=    1    3  0.4577E+00 -0.6024E+01  0.4020E+01  0.8301E+03
 I,J,Ktt,Ktr,Krt,Krr=    2    1 -0.9163E-01 -0.8595E+01  0.5856E+01 -0.1909E+03
 I,J,Ktt,Ktr,Krt,Krr=    2    2  0.1280E+02 -0.1523E+00 -0.1693E+00  0.5764E+04
 I,J,Ktt,Ktr,Krt,Krr=    2    3  0.1872E+00 -0.2515E+01  0.5596E+01  0.2838E+03
 I,J,Ktt,Ktr,Krt,Krr=    3    1  0.4576E+00  0.4006E+01 -0.6094E+01  0.8307E+03
 I,J,Ktt,Ktr,Krt,Krr=    3    2  0.1872E+00  0.5607E+01 -0.2504E+01  0.2852E+03
 I,J,Ktt,Ktr,Krt,Krr=    3    3  0.1298E+02 -0.2310E+01 -0.2343E+01  0.5331E+04
  
  Friction Tensors in Center of Resistance
  
  Ktt Tensor (A)
    0.12488E+02   -0.91609E-01    0.45772E+00
   -0.91632E-01    0.12799E+02    0.18718E+00
    0.45760E+00    0.18716E+00    0.12978E+02
  
  Symmetric Krt Tensor (A^2)
    0.25429E+01   -0.85718E+01    0.40130E+01
    0.58702E+01   -0.16080E+00    0.56011E+01
   -0.60593E+01   -0.25092E+01   -0.23265E+01
  
  Krr Tensor (A^3)
    0.49375E+04   -0.19296E+03    0.83005E+03
   -0.19087E+03    0.57644E+04    0.28378E+03
    0.83069E+03    0.28518E+03    0.53311E+04
  
 Raw Dtt tensor (no rot/trans coupling correction)
    0.80188E-01    0.61543E-03   -0.28370E-02
    0.61557E-03    0.78153E-01   -0.11489E-02
   -0.28363E-02   -0.11488E-02    0.77170E-01
  
 Raw Drr tensor (no rot/trans coupling correction)
    0.20840E-03    0.86041E-05   -0.32906E-04
    0.85218E-05    0.17429E-03   -0.10604E-04
   -0.32929E-04   -0.10664E-04    0.19327E-03
  
 Raw Dtt tensor, before CD transformation
    0.80185E-01    0.61433E-03   -0.27628E-02
    0.61710E-03    0.78153E-01   -0.11904E-02
   -0.28387E-02   -0.11497E-02    0.77235E-01
  
 Program finished at:                
 Elapsed time CPU_TIME:   61.579999999999998     
