 BEST ver.3.90 SFSU/ARAGON
  
 control gtensor value=   1.0000000000000000     
 true area (A^2)=    4374.7209999999995     
 total area (A^2) =    4171.2364032458427     
 centroid coords =    1.1999559808612414       0.99110000000000098       -4.8827934609250345     
  
 first few rows of gr matrix
   6.1595785188209273      -0.31613547469093528       -1.1617675276870969        2.2243680715507663      -0.27260908168713327     
 -0.31613547469093528        7.8760224581700298      -0.40309864670870399      -0.27260908168713327        2.2451863189922463     
  -1.1617675276870973      -0.40309864670870421        7.0912427054432019      -0.60138383463227119       0.24971695174423275     
   2.3538366295941686      -0.22250065616271469      -0.67547463796744434        5.7910217024311184      -0.25354044885030935     
 -0.22250065616271469        2.2757030626640407       0.20992098982718357      -0.25354044885030935        7.4025291970026688     
 -0.67547463796744434       0.20992098982718357        2.8239757986494056       -1.1317532848240957      -0.31760440391059663     
  0.48012035806391440        9.5200103219286236E-002  -1.3509305914808350E-002  0.41287301176271413        3.6220534751462037E-002
   9.5200103219286236E-002  0.88296094489862165       -5.3509287551851206E-002   3.6220534751462037E-002  0.81058550772788363     
  -1.3509305914808350E-002  -5.3509287551851206E-002  0.46705534520614789        2.8117582765478308E-004   1.5864848852533562E-002
 first few columns of gr matrix
   6.1595785188209273      -0.31613547469093528       -1.1617675276870973        2.3538366295941686      -0.22250065616271469     
 -0.31613547469093528        7.8760224581700298      -0.40309864670870421      -0.22250065616271469        2.2757030626640407     
  -1.1617675276870969      -0.40309864670870399        7.0912427054432019      -0.67547463796744434       0.20992098982718357     
   2.2243680715507663      -0.27260908168713327      -0.60138383463227119        5.7910217024311184      -0.25354044885030935     
 -0.27260908168713327        2.2451863189922463       0.24971695174423275      -0.25354044885030935        7.4025291970026688     
 -0.60138383463227119       0.24971695174423275        2.5795253938439471       -1.1317532848240957      -0.31760440391059663     
  0.69533289485510941       0.14521367675356994       -4.0492258294935884E-002  0.67067399764851188        5.1011154933799069E-002
  0.14521367675356994        1.2238068367315862      -0.14343049304489358        5.1011154933799069E-002   1.3166373369154094     
  -4.0492258294935884E-002 -0.14343049304489358       0.70925187855266514       -2.2118829615333886E-003  -1.4310027316981690E-002
  
 about to enter dgetrf
 Just out of dgetrf:                 
  
  **** TRANSLATION/ROTATION FLOWS ****
     U(X-Z) =     1.000     0.000     0.000 A/SEC
  OMGA(X-Z) =     0.000     0.000     0.000 RAD/S

 FTOTH(X-Z) =   -0.12486E+02    0.92376E-01   -0.45776E+00
 TTOTH(X-Z) =   -0.24657E+01    0.75562E+01   -0.50138E+01

     U(X-Z) =     0.000     1.000     0.000 A/SEC
  OMGA(X-Z) =     0.000     0.000     0.000 RAD/S

 FTOTH(X-Z) =    0.92376E-01   -0.12807E+02   -0.18532E+00
 TTOTH(X-Z) =   -0.48391E+01    0.93549E-01   -0.66396E+01

     U(X-Z) =     0.000     0.000     1.000 A/SEC
  OMGA(X-Z) =     0.000     0.000     0.000 RAD/S

 FTOTH(X-Z) =   -0.45779E+00   -0.18541E+00   -0.12989E+02
 TTOTH(X-Z) =    0.70337E+01    0.34217E+01    0.22967E+01

     U(X-Z) =     0.000     0.000     0.000 A/SEC
  OMGA(X-Z) =     1.000     0.000     0.000 RAD/S

 FTOTH(X-Z) =   -0.24538E+01   -0.48222E+01    0.71548E+01
 TTOTH(X-Z) =   -0.49432E+04    0.18617E+03   -0.83179E+03

     U(X-Z) =     0.000     0.000     0.000 A/SEC
  OMGA(X-Z) =     0.000     1.000     0.000 RAD/S

 FTOTH(X-Z) =    0.75306E+01    0.98800E-01    0.34329E+01
 TTOTH(X-Z) =    0.18770E+03   -0.57742E+04   -0.28378E+03

     U(X-Z) =     0.000     0.000     0.000 A/SEC
  OMGA(X-Z) =     0.000     0.000     1.000 RAD/S

 FTOTH(X-Z) =   -0.50551E+01   -0.66305E+01    0.23236E+01
 TTOTH(X-Z) =   -0.83008E+03   -0.28224E+03   -0.53421E+04

 I,J,Ktt,Ktr,Krt,Krr=    1    1  0.1249E+02  0.2466E+01  0.2454E+01  0.4943E+04
 I,J,Ktt,Ktr,Krt,Krr=    1    2 -0.9238E-01  0.4839E+01 -0.7531E+01 -0.1877E+03
 I,J,Ktt,Ktr,Krt,Krr=    1    3  0.4578E+00 -0.7034E+01  0.5055E+01  0.8301E+03
 I,J,Ktt,Ktr,Krt,Krr=    2    1 -0.9238E-01 -0.7556E+01  0.4822E+01 -0.1862E+03
 I,J,Ktt,Ktr,Krt,Krr=    2    2  0.1281E+02 -0.9355E-01 -0.9880E-01  0.5774E+04
 I,J,Ktt,Ktr,Krt,Krr=    2    3  0.1854E+00 -0.3422E+01  0.6630E+01  0.2822E+03
 I,J,Ktt,Ktr,Krt,Krr=    3    1  0.4578E+00  0.5014E+01 -0.7155E+01  0.8318E+03
 I,J,Ktt,Ktr,Krt,Krr=    3    2  0.1853E+00  0.6640E+01 -0.3433E+01  0.2838E+03
 I,J,Ktt,Ktr,Krt,Krr=    3    3  0.1299E+02 -0.2297E+01 -0.2324E+01  0.5342E+04
  
  Friction Tensors in Center of Resistance
  
  Ktt Tensor (A)
    0.12486E+02   -0.92376E-01    0.45779E+00
   -0.92376E-01    0.12807E+02    0.18541E+00
    0.45776E+00    0.18532E+00    0.12989E+02
  
  Symmetric Krt Tensor (A^2)
    0.24598E+01   -0.75434E+01    0.50344E+01
    0.48306E+01   -0.96175E-01    0.66350E+01
   -0.70942E+01   -0.34273E+01   -0.23102E+01
  
  Krr Tensor (A^3)
    0.49432E+04   -0.18770E+03    0.83008E+03
   -0.18617E+03    0.57742E+04    0.28224E+03
    0.83179E+03    0.28378E+03    0.53421E+04
  
 Raw Dtt tensor (no rot/trans coupling correction)
    0.80196E-01    0.61949E-03   -0.28353E-02
    0.61950E-03    0.78104E-01   -0.11367E-02
   -0.28351E-02   -0.11362E-02    0.77103E-01
  
 Raw Drr tensor (no rot/trans coupling correction)
    0.20813E-03    0.83769E-05   -0.32783E-04
    0.83160E-05    0.17397E-03   -0.10484E-04
   -0.32848E-04   -0.10546E-04    0.19285E-03
  
 Raw Dtt tensor, before CD transformation
    0.80193E-01    0.61830E-03   -0.27546E-02
    0.62101E-03    0.78105E-01   -0.11777E-02
   -0.28384E-02   -0.11375E-02    0.77194E-01
  
 Program finished at:                
 Elapsed time CPU_TIME:   49.479999999999997     
