 BEST ver.3.90 SFSU/ARAGON
  
 control gtensor value=   1.0000000000000000     
 true area (A^2)=    6414.2120000000004     
 total area (A^2) =    6063.2049199292524     
 centroid coords =   0.75972242967388326      -0.73516355489170970       -16.540849514563110     
  
 first few rows of gr matrix
   9.9371281187442229        1.0537903576504830        1.0667623225974272        3.0231764367913008      -0.43868522512357699     
   1.0537903576504837        9.6949195174622815       -1.3970284875165797      -0.43868522512357699        3.2540697038943183     
   1.0667623225974276       -1.3970284875165802        9.1957598904918179       0.44281336016250439      -0.55896414038518261     
   3.6450164049598923      -0.66227619730245413       0.23246867020331924        8.9289848140327983        4.2815600250419347E-002
 -0.66227619730245413        4.4054620907921445      -0.56577204382785629        4.2815600250418903E-002   9.4787909008310969     
  0.23246867020331924      -0.56577204382785629        3.0822154370299781      -0.87882488312481466      -0.15789271040405659     
  0.83576580611761397        9.9592291104128858E-002   3.6244034659407592E-002  0.79216917963397016       0.17554465186378113     
   9.9592291104128858E-002   1.5142970354688559       0.24348184256641195       0.17554465186378113        1.1929661697901401     
   3.6244034659407592E-002  0.24348184256641195       0.91296942630527589       0.10468142206444021       0.28154047499761148     
 first few columns of gr matrix
   9.9371281187442229        1.0537903576504837        1.0667623225974276        3.6450164049598923      -0.66227619730245413     
   1.0537903576504830        9.6949195174622815       -1.3970284875165802      -0.66227619730245413        4.4054620907921445     
   1.0667623225974272       -1.3970284875165797        9.1957598904918179       0.23246867020331924      -0.56577204382785629     
   3.0231764367913008      -0.43868522512357699       0.44281336016250439        8.9289848140327983        4.2815600250418903E-002
 -0.43868522512357699        3.2540697038943183      -0.55896414038518261        4.2815600250419347E-002   9.4787909008310969     
  0.44281336016250439      -0.55896414038518261        2.6876870891752316      -0.87882488312481444      -0.15789271040405636     
  0.43233100423596982        6.4600687065969609E-002   2.3730207381465331E-002  0.54437813549098624       0.11758903632799658     
   6.4600687065969609E-002  0.77134037797431376       0.12236440373077685       0.11758903632799658       0.78827921277803858     
   2.3730207381465331E-002  0.12236440373077685       0.45965692651405204        8.1608408094265977E-002  0.19797132662637343     
  
 about to enter dgetrf
 Just out of dgetrf:                 
  
  **** TRANSLATION/ROTATION FLOWS ****
     U(X-Z) =     1.000     0.000     0.000 A/SEC
  OMGA(X-Z) =     0.000     0.000     0.000 RAD/S

 FTOTH(X-Z) =   -0.14896E+02   -0.80825E-01   -0.10217E+01
 TTOTH(X-Z) =    0.37182E+01   -0.12144E+02    0.73052E+01

     U(X-Z) =     0.000     1.000     0.000 A/SEC
  OMGA(X-Z) =     0.000     0.000     0.000 RAD/S

 FTOTH(X-Z) =   -0.80836E-01   -0.16107E+02   -0.91001E-01
 TTOTH(X-Z) =    0.20621E+01   -0.21570E+01   -0.15230E+01

     U(X-Z) =     0.000     0.000     1.000 A/SEC
  OMGA(X-Z) =     0.000     0.000     0.000 RAD/S

 FTOTH(X-Z) =   -0.10218E+01   -0.90949E-01   -0.16235E+02
 TTOTH(X-Z) =   -0.43602E+01   -0.61981E+01   -0.13426E+01

     U(X-Z) =     0.000     0.000     0.000 A/SEC
  OMGA(X-Z) =     1.000     0.000     0.000 RAD/S

 FTOTH(X-Z) =    0.36752E+01    0.21179E+01   -0.43879E+01
 TTOTH(X-Z) =   -0.79741E+04   -0.39471E+02   -0.30406E+04

     U(X-Z) =     0.000     0.000     0.000 A/SEC
  OMGA(X-Z) =     0.000     1.000     0.000 RAD/S

 FTOTH(X-Z) =   -0.12228E+02   -0.21243E+01   -0.62802E+01
 TTOTH(X-Z) =   -0.38260E+02   -0.13799E+05   -0.93457E+02

     U(X-Z) =     0.000     0.000     0.000 A/SEC
  OMGA(X-Z) =     0.000     0.000     1.000 RAD/S

 FTOTH(X-Z) =    0.73060E+01   -0.14833E+01   -0.13194E+01
 TTOTH(X-Z) =   -0.30406E+04   -0.93064E+02   -0.11798E+05

 I,J,Ktt,Ktr,Krt,Krr=    1    1  0.1490E+02 -0.3718E+01 -0.3675E+01  0.7974E+04
 I,J,Ktt,Ktr,Krt,Krr=    1    2  0.8084E-01 -0.2062E+01  0.1223E+02  0.3826E+02
 I,J,Ktt,Ktr,Krt,Krr=    1    3  0.1022E+01  0.4360E+01 -0.7306E+01  0.3041E+04
 I,J,Ktt,Ktr,Krt,Krr=    2    1  0.8082E-01  0.1214E+02 -0.2118E+01  0.3947E+02
 I,J,Ktt,Ktr,Krt,Krr=    2    2  0.1611E+02  0.2157E+01  0.2124E+01  0.1380E+05
 I,J,Ktt,Ktr,Krt,Krr=    2    3  0.9095E-01  0.6198E+01  0.1483E+01  0.9306E+02
 I,J,Ktt,Ktr,Krt,Krr=    3    1  0.1022E+01 -0.7305E+01  0.4388E+01  0.3041E+04
 I,J,Ktt,Ktr,Krt,Krr=    3    2  0.9100E-01  0.1523E+01  0.6280E+01  0.9346E+02
 I,J,Ktt,Ktr,Krt,Krr=    3    3  0.1623E+02  0.1343E+01  0.1319E+01  0.1180E+05
  
  Friction Tensors in Center of Resistance
  
  Ktt Tensor (A)
    0.14896E+02    0.80836E-01    0.10218E+01
    0.80825E-01    0.16107E+02    0.90949E-01
    0.10217E+01    0.91001E-01    0.16235E+02
  
  Symmetric Krt Tensor (A^2)
   -0.36967E+01    0.12186E+02   -0.73056E+01
   -0.20900E+01    0.21407E+01    0.15032E+01
    0.43741E+01    0.62392E+01    0.13310E+01
  
  Krr Tensor (A^3)
    0.79741E+04    0.38260E+02    0.30406E+04
    0.39471E+02    0.13799E+05    0.93064E+02
    0.30406E+04    0.93457E+02    0.11798E+05
  
 Raw Dtt tensor (no rot/trans coupling correction)
    0.67425E-01   -0.31441E-03   -0.42419E-02
   -0.31438E-03    0.62086E-01   -0.32802E-03
   -0.42415E-02   -0.32822E-03    0.61864E-01
  
 Raw Drr tensor (no rot/trans coupling correction)
    0.13907E-03   -0.14286E-06   -0.35840E-04
   -0.15608E-06    0.72472E-04   -0.53144E-06
   -0.35840E-04   -0.53725E-06    0.94001E-04
  
 Raw Dtt tensor, before CD transformation
    0.67424E-01   -0.31452E-03   -0.42214E-02
   -0.31164E-03    0.62087E-01   -0.36802E-03
   -0.42437E-02   -0.32839E-03    0.61895E-01
  
 Program finished at:                
 Elapsed time CPU_TIME:   71.203999999999994     
