 BEST ver.3.90 SFSU/ARAGON
  
 control gtensor value=   1.0000000000000000     
 true area (A^2)=    6414.2120000000004     
 total area (A^2) =    6096.1137460460341     
 centroid coords =   0.55396207584829826      -0.71395852738966659       -16.509053115990245     
  
 first few rows of gr matrix
   6.5051980410312016       0.63528566511309958       0.67491082666797131        1.7350625928504706      -0.14632958955909417     
  0.63528566511309936        6.4969784387941285       -1.0271359405158038      -0.14632958955909417        1.5429006640208773     
  0.67491082666797109       -1.0271359405158034        6.1717246336870772       0.40271952747177303      -0.31771729919633762     
   3.1833059015259799        5.5783930087306404E-003  0.55382090672367512        5.5744192151177723       0.38502914908173680     
   5.5783930087306404E-003   2.4994144182887563      -0.33821769019546694       0.38502914908173702        5.3233641968381074     
  0.55382090672367512      -0.33821769019546694        2.6427084618271204       0.33168833678299214      -0.91697454777374143     
   1.6922008715569536      -0.39815919472948624       0.21373801656060534        1.5891099118948653      -0.26979144536418131     
 -0.39815919472948624        1.8275021915139871      -0.34341416950855086      -0.26979144536418131        2.1714721188100099     
  0.21373801656060534      -0.34341416950855086        1.4636838749457461        4.4309156953932479E-003 -0.19426781117635336     
 first few columns of gr matrix
   6.5051980410312016       0.63528566511309936       0.67491082666797109        3.1833059015259799        5.5783930087306404E-003
  0.63528566511309958        6.4969784387941285       -1.0271359405158034        5.5783930087306404E-003   2.4994144182887563     
  0.67491082666797131       -1.0271359405158038        6.1717246336870772       0.55382090672367512      -0.33821769019546694     
   1.7350625928504706      -0.14632958955909417       0.40271952747177303        5.5744192151177723       0.38502914908173702     
 -0.14632958955909417        1.5429006640208773      -0.31771729919633762       0.38502914908173680        5.3233641968381074     
  0.40271952747177303      -0.31771729919633762        1.7606812772121045       0.33168833678299214      -0.91697454777374143     
   1.0774043796891746      -0.24213267223359536       0.17968354261227107        1.9798627516629543      -0.23154784695596028     
 -0.24213267223359536        1.4061339088722158      -0.34268296323477726      -0.23154784695596028        2.9799382230505223     
  0.17968354261227107      -0.34268296323477726        1.1735428828873253        9.5742254113402883E-002 -0.45082677819725675     
  
 about to enter dgetrf
 Just out of dgetrf:                 
  
  **** TRANSLATION/ROTATION FLOWS ****
     U(X-Z) =     1.000     0.000     0.000 A/SEC
  OMGA(X-Z) =     0.000     0.000     0.000 RAD/S

 FTOTH(X-Z) =   -0.14916E+02   -0.79593E-01   -0.10209E+01
 TTOTH(X-Z) =    0.36104E+01   -0.11631E+02    0.69417E+01

     U(X-Z) =     0.000     1.000     0.000 A/SEC
  OMGA(X-Z) =     0.000     0.000     0.000 RAD/S

 FTOTH(X-Z) =   -0.79716E-01   -0.16125E+02   -0.88214E-01
 TTOTH(X-Z) =    0.17926E+01   -0.20635E+01   -0.44911E+01

     U(X-Z) =     0.000     0.000     1.000 A/SEC
  OMGA(X-Z) =     0.000     0.000     0.000 RAD/S

 FTOTH(X-Z) =   -0.10210E+01   -0.88200E-01   -0.16250E+02
 TTOTH(X-Z) =   -0.40324E+01   -0.30047E+01   -0.13409E+01

     U(X-Z) =     0.000     0.000     0.000 A/SEC
  OMGA(X-Z) =     1.000     0.000     0.000 RAD/S

 FTOTH(X-Z) =    0.35985E+01    0.18203E+01   -0.40867E+01
 TTOTH(X-Z) =   -0.80060E+04   -0.44744E+02   -0.30478E+04

     U(X-Z) =     0.000     0.000     0.000 A/SEC
  OMGA(X-Z) =     0.000     1.000     0.000 RAD/S

 FTOTH(X-Z) =   -0.11654E+02   -0.20413E+01   -0.30090E+01
 TTOTH(X-Z) =   -0.43897E+02   -0.13826E+05   -0.97260E+02

     U(X-Z) =     0.000     0.000     0.000 A/SEC
  OMGA(X-Z) =     0.000     0.000     1.000 RAD/S

 FTOTH(X-Z) =    0.69584E+01   -0.45119E+01   -0.13365E+01
 TTOTH(X-Z) =   -0.30503E+04   -0.97461E+02   -0.11822E+05

 I,J,Ktt,Ktr,Krt,Krr=    1    1  0.1492E+02 -0.3610E+01 -0.3599E+01  0.8006E+04
 I,J,Ktt,Ktr,Krt,Krr=    1    2  0.7972E-01 -0.1793E+01  0.1165E+02  0.4390E+02
 I,J,Ktt,Ktr,Krt,Krr=    1    3  0.1021E+01  0.4032E+01 -0.6958E+01  0.3050E+04
 I,J,Ktt,Ktr,Krt,Krr=    2    1  0.7959E-01  0.1163E+02 -0.1820E+01  0.4474E+02
 I,J,Ktt,Ktr,Krt,Krr=    2    2  0.1612E+02  0.2063E+01  0.2041E+01  0.1383E+05
 I,J,Ktt,Ktr,Krt,Krr=    2    3  0.8820E-01  0.3005E+01  0.4512E+01  0.9746E+02
 I,J,Ktt,Ktr,Krt,Krr=    3    1  0.1021E+01 -0.6942E+01  0.4087E+01  0.3048E+04
 I,J,Ktt,Ktr,Krt,Krr=    3    2  0.8821E-01  0.4491E+01  0.3009E+01  0.9726E+02
 I,J,Ktt,Ktr,Krt,Krr=    3    3  0.1625E+02  0.1341E+01  0.1336E+01  0.1182E+05
  
  Friction Tensors in Center of Resistance
  
  Ktt Tensor (A)
    0.14916E+02    0.79716E-01    0.10210E+01
    0.79593E-01    0.16125E+02    0.88200E-01
    0.10209E+01    0.88214E-01    0.16250E+02
  
  Symmetric Krt Tensor (A^2)
   -0.36045E+01    0.11643E+02   -0.69501E+01
   -0.18065E+01    0.20524E+01    0.45015E+01
    0.40596E+01    0.30069E+01    0.13387E+01
  
  Krr Tensor (A^3)
    0.80060E+04    0.43897E+02    0.30503E+04
    0.44744E+02    0.13826E+05    0.97461E+02
    0.30478E+04    0.97260E+02    0.11822E+05
  
 Raw Dtt tensor (no rot/trans coupling correction)
    0.67334E-01   -0.30975E-03   -0.42289E-02
   -0.30924E-03    0.62020E-01   -0.31720E-03
   -0.42288E-02   -0.31722E-03    0.61807E-01
  
 Raw Drr tensor (no rot/trans coupling correction)
    0.13851E-03   -0.18836E-06   -0.35738E-04
   -0.19654E-06    0.72331E-04   -0.54559E-06
   -0.35708E-04   -0.54651E-06    0.93806E-04
  
 Raw Dtt tensor, before CD transformation
    0.67333E-01   -0.30983E-03   -0.42120E-02
   -0.30659E-03    0.62020E-01   -0.35582E-03
   -0.42311E-02   -0.31739E-03    0.61840E-01
  
 Program finished at:                
 Elapsed time CPU_TIME:   111.34800000000000     
