 BEST ver.3.90 SFSU/ARAGON
  
 control gtensor value=   1.0000000000000000     
 true area (A^2)=    6414.2120000000004     
 total area (A^2) =    5995.6789971504004     
 centroid coords =   0.42638505171838448      -0.99918268268268418       -16.559607607607642     
  
 first few rows of gr matrix
   9.9929295550429238        1.0597078636755586        1.0727526720302771        3.0572247537066364      -0.44362588733214231     
   1.0597078636755590        9.7493608437096739       -1.4048734297596583      -0.44362588733214231        3.2907184403671357     
   1.0727526720302767       -1.4048734297596592        9.2473982113039916       0.44780051520832798      -0.56525943561325132     
   3.6860681517938954      -0.66973503747361274       0.23508683262997890        8.9791250730048517        4.3056029070639379E-002
 -0.66973503747361274        4.4550783049172464      -0.57214401260071923        4.3056029070639379E-002   9.5320185678512797     
  0.23508683262997890      -0.57214401260071923        3.1169286766292945      -0.88375987944844003      -0.15877934886904949     
  0.84517856108863976       0.10071394244030990        3.6652230609652489E-002  0.80109093059448244       0.17752171144479403     
  0.10071394244030990        1.5313517017927056       0.24622404009016302       0.17752171144479403        1.2064018693159682     
   3.6652230609652489E-002  0.24622404009016302       0.92325168174447514       0.10586038938841859       0.28471130525434230     
 first few columns of gr matrix
   9.9929295550429238        1.0597078636755590        1.0727526720302767        3.6860681517938954      -0.66973503747361274     
   1.0597078636755586        9.7493608437096739       -1.4048734297596592      -0.66973503747361274        4.4550783049172464     
   1.0727526720302771       -1.4048734297596583        9.2473982113039916       0.23508683262997890      -0.57214401260071923     
   3.0572247537066364      -0.44362588733214231       0.44780051520832798        8.9791250730048517        4.3056029070639379E-002
 -0.44362588733214231        3.2907184403671357      -0.56525943561325132        4.3056029070639379E-002   9.5320185678512797     
  0.44780051520832798      -0.56525943561325132        2.7179569803624717      -0.88375987944843959      -0.15877934886904943     
  0.43720010246834978        6.5328247865730701E-002   2.3997467211741196E-002  0.55050915684105040       0.11891337477081479     
   6.5328247865730701E-002  0.78002754598715418       0.12374252442088249       0.11891337477081479       0.79715715325409187     
   2.3997467211741196E-002  0.12374252442088249       0.46483378106869139        8.2527517183611426E-002  0.20020096509109994     
  
 about to enter dgetrf
 Just out of dgetrf:                 
  
  **** TRANSLATION/ROTATION FLOWS ****
     U(X-Z) =     1.000     0.000     0.000 A/SEC
  OMGA(X-Z) =     0.000     0.000     0.000 RAD/S

 FTOTH(X-Z) =   -0.14833E+02   -0.85090E-01   -0.10165E+01
 TTOTH(X-Z) =    0.35229E+01   -0.11838E+02    0.10923E+02

     U(X-Z) =     0.000     1.000     0.000 A/SEC
  OMGA(X-Z) =     0.000     0.000     0.000 RAD/S

 FTOTH(X-Z) =   -0.84850E-01   -0.16039E+02   -0.94426E-01
 TTOTH(X-Z) =    0.21430E+01   -0.20099E+01   -0.65726E+01

     U(X-Z) =     0.000     0.000     1.000 A/SEC
  OMGA(X-Z) =     0.000     0.000     0.000 RAD/S

 FTOTH(X-Z) =   -0.10164E+01   -0.94473E-01   -0.16171E+02
 TTOTH(X-Z) =   -0.83867E+01   -0.90872E+00   -0.12716E+01

     U(X-Z) =     0.000     0.000     0.000 A/SEC
  OMGA(X-Z) =     1.000     0.000     0.000 RAD/S

 FTOTH(X-Z) =    0.34620E+01    0.20718E+01   -0.83255E+01
 TTOTH(X-Z) =   -0.78726E+04   -0.40722E+02   -0.30069E+04

     U(X-Z) =     0.000     0.000     0.000 A/SEC
  OMGA(X-Z) =     0.000     1.000     0.000 RAD/S

 FTOTH(X-Z) =   -0.11792E+02   -0.19791E+01   -0.10385E+01
 TTOTH(X-Z) =   -0.43415E+02   -0.13643E+05   -0.91485E+02

     U(X-Z) =     0.000     0.000     0.000 A/SEC
  OMGA(X-Z) =     0.000     0.000     1.000 RAD/S

 FTOTH(X-Z) =    0.10861E+02   -0.64718E+01   -0.12487E+01
 TTOTH(X-Z) =   -0.30042E+04   -0.91939E+02   -0.11676E+05

 I,J,Ktt,Ktr,Krt,Krr=    1    1  0.1483E+02 -0.3523E+01 -0.3462E+01  0.7873E+04
 I,J,Ktt,Ktr,Krt,Krr=    1    2  0.8485E-01 -0.2143E+01  0.1179E+02  0.4342E+02
 I,J,Ktt,Ktr,Krt,Krr=    1    3  0.1016E+01  0.8387E+01 -0.1086E+02  0.3004E+04
 I,J,Ktt,Ktr,Krt,Krr=    2    1  0.8509E-01  0.1184E+02 -0.2072E+01  0.4072E+02
 I,J,Ktt,Ktr,Krt,Krr=    2    2  0.1604E+02  0.2010E+01  0.1979E+01  0.1364E+05
 I,J,Ktt,Ktr,Krt,Krr=    2    3  0.9447E-01  0.9087E+00  0.6472E+01  0.9194E+02
 I,J,Ktt,Ktr,Krt,Krr=    3    1  0.1016E+01 -0.1092E+02  0.8326E+01  0.3007E+04
 I,J,Ktt,Ktr,Krt,Krr=    3    2  0.9443E-01  0.6573E+01  0.1038E+01  0.9149E+02
 I,J,Ktt,Ktr,Krt,Krr=    3    3  0.1617E+02  0.1272E+01  0.1249E+01  0.1168E+05
  
  Friction Tensors in Center of Resistance
  
  Ktt Tensor (A)
    0.14833E+02    0.84850E-01    0.10164E+01
    0.85090E-01    0.16039E+02    0.94473E-01
    0.10165E+01    0.94426E-01    0.16171E+02
  
  Symmetric Krt Tensor (A^2)
   -0.34924E+01    0.11815E+02   -0.10892E+02
   -0.21074E+01    0.19945E+01    0.65222E+01
    0.83561E+01    0.97359E+00    0.12601E+01
  
  Krr Tensor (A^3)
    0.78726E+04    0.43415E+02    0.30042E+04
    0.40722E+02    0.13643E+05    0.91939E+02
    0.30069E+04    0.91485E+02    0.11676E+05
  
 Raw Dtt tensor (no rot/trans coupling correction)
    0.67712E-01   -0.33317E-03   -0.42541E-02
   -0.33417E-03    0.62352E-01   -0.34327E-03
   -0.42544E-02   -0.34315E-03    0.62109E-01
  
 Raw Drr tensor (no rot/trans coupling correction)
    0.14087E-03   -0.20523E-06   -0.36245E-04
   -0.17600E-06    0.73303E-04   -0.53193E-06
   -0.36277E-04   -0.52151E-06    0.94986E-04
  
 Raw Dtt tensor, before CD transformation
    0.67710E-01   -0.33335E-03   -0.42222E-02
   -0.32954E-03    0.62353E-01   -0.41080E-03
   -0.42598E-02   -0.34359E-03    0.62188E-01
  
 Program finished at:                
 Elapsed time CPU_TIME:   46.527999999999999     
