 BEST ver.3.90 SFSU/ARAGON
  
 control gtensor value=   1.0000000000000000     
 true area (A^2)=    6414.2120000000004     
 total area (A^2) =    6022.6092814748445     
 centroid coords =   0.37195612535612593      -0.76895754985754905       -16.443949857549882     
  
 first few rows of gr matrix
   9.9705626761541311        1.0573359508832429        1.0703515614289492        3.0435542783340623      -0.44164220040822266     
   1.0573359508832421        9.7275391374689502       -1.4017289430819080      -0.44164220040822266        3.2760038907277718     
   1.0703515614289492       -1.4017289430819080        9.2267000331882159       0.44579816130629257      -0.56273186050308210     
   3.6695857836495174      -0.66674029646714117       0.23403563456153820        8.9590273627258998        4.2959658033262169E-002
 -0.66674029646714117        4.4351572840055935      -0.56958565289087770        4.2959658033262169E-002   9.5106833324032056     
  0.23403563456153820      -0.56958565289087770        3.1029912333123661      -0.88178178582919542      -0.15842395774509177     
  0.84139931892112152       0.10026359692085278        3.6488339022914644E-002  0.79750882763505548       0.17672791760236853     
  0.10026359692085278        1.5245042151299319       0.24512304165290152       0.17672791760236853        1.2010074059145064     
   3.6488339022914644E-002  0.24512304165290152       0.91912333319480688       0.10538703137170398       0.28343820981637857     
 first few columns of gr matrix
   9.9705626761541311        1.0573359508832421        1.0703515614289492        3.6695857836495174      -0.66674029646714117     
   1.0573359508832429        9.7275391374689502       -1.4017289430819080      -0.66674029646714117        4.4351572840055935     
   1.0703515614289492       -1.4017289430819080        9.2267000331882159       0.23403563456153820      -0.56958565289087770     
   3.0435542783340623      -0.44164220040822266       0.44579816130629257        8.9590273627258998        4.2959658033262169E-002
 -0.44164220040822266        3.2760038907277718      -0.56273186050308210        4.2959658033262169E-002   9.5106833324032056     
  0.44579816130629257      -0.56273186050308210        2.7058035513681817      -0.88178178582919498      -0.15842395774509177     
  0.43524514864088437        6.5036130577821441E-002   2.3890161792300073E-002  0.54804753806021045       0.11838164992484027     
   6.5036130577821441E-002  0.77653962860573844       0.12318920588236648       0.11838164992484027       0.79359264030213406     
   2.3890161792300073E-002  0.12318920588236648       0.46275526238970449        8.2158492829137508E-002  0.19930576026210406     
  
 about to enter dgetrf
 Just out of dgetrf:                 
  
  **** TRANSLATION/ROTATION FLOWS ****
     U(X-Z) =     1.000     0.000     0.000 A/SEC
  OMGA(X-Z) =     0.000     0.000     0.000 RAD/S

 FTOTH(X-Z) =   -0.14868E+02   -0.83227E-01   -0.10182E+01
 TTOTH(X-Z) =    0.36761E+01   -0.10190E+02    0.77725E+01

     U(X-Z) =     0.000     1.000     0.000 A/SEC
  OMGA(X-Z) =     0.000     0.000     0.000 RAD/S

 FTOTH(X-Z) =   -0.83034E-01   -0.16074E+02   -0.87527E-01
 TTOTH(X-Z) =    0.38329E+00   -0.21426E+01   -0.74223E+01

     U(X-Z) =     0.000     0.000     1.000 A/SEC
  OMGA(X-Z) =     0.000     0.000     0.000 RAD/S

 FTOTH(X-Z) =   -0.10183E+01   -0.87365E-01   -0.16202E+02
 TTOTH(X-Z) =   -0.47999E+01   -0.10670E+00   -0.13041E+01

     U(X-Z) =     0.000     0.000     0.000 A/SEC
  OMGA(X-Z) =     1.000     0.000     0.000 RAD/S

 FTOTH(X-Z) =    0.36290E+01    0.40149E+00   -0.47740E+01
 TTOTH(X-Z) =   -0.79244E+04   -0.48472E+02   -0.30155E+04

     U(X-Z) =     0.000     0.000     0.000 A/SEC
  OMGA(X-Z) =     0.000     1.000     0.000 RAD/S

 FTOTH(X-Z) =   -0.10274E+02   -0.21360E+01   -0.23458E+00
 TTOTH(X-Z) =   -0.46151E+02   -0.13717E+05   -0.97249E+02

     U(X-Z) =     0.000     0.000     0.000 A/SEC
  OMGA(X-Z) =     0.000     0.000     1.000 RAD/S

 FTOTH(X-Z) =    0.77083E+01   -0.72584E+01   -0.12732E+01
 TTOTH(X-Z) =   -0.30150E+04   -0.97345E+02   -0.11735E+05

 I,J,Ktt,Ktr,Krt,Krr=    1    1  0.1487E+02 -0.3676E+01 -0.3629E+01  0.7924E+04
 I,J,Ktt,Ktr,Krt,Krr=    1    2  0.8303E-01 -0.3833E+00  0.1027E+02  0.4615E+02
 I,J,Ktt,Ktr,Krt,Krr=    1    3  0.1018E+01  0.4800E+01 -0.7708E+01  0.3015E+04
 I,J,Ktt,Ktr,Krt,Krr=    2    1  0.8323E-01  0.1019E+02 -0.4015E+00  0.4847E+02
 I,J,Ktt,Ktr,Krt,Krr=    2    2  0.1607E+02  0.2143E+01  0.2136E+01  0.1372E+05
 I,J,Ktt,Ktr,Krt,Krr=    2    3  0.8736E-01  0.1067E+00  0.7258E+01  0.9734E+02
 I,J,Ktt,Ktr,Krt,Krr=    3    1  0.1018E+01 -0.7772E+01  0.4774E+01  0.3015E+04
 I,J,Ktt,Ktr,Krt,Krr=    3    2  0.8753E-01  0.7422E+01  0.2346E+00  0.9725E+02
 I,J,Ktt,Ktr,Krt,Krr=    3    3  0.1620E+02  0.1304E+01  0.1273E+01  0.1173E+05
  
  Friction Tensors in Center of Resistance
  
  Ktt Tensor (A)
    0.14868E+02    0.83034E-01    0.10183E+01
    0.83227E-01    0.16074E+02    0.87365E-01
    0.10182E+01    0.87527E-01    0.16202E+02
  
  Symmetric Krt Tensor (A^2)
   -0.36526E+01    0.10232E+02   -0.77404E+01
   -0.39239E+00    0.21393E+01    0.73403E+01
    0.47869E+01    0.17064E+00    0.12886E+01
  
  Krr Tensor (A^3)
    0.79244E+04    0.46151E+02    0.30150E+04
    0.48472E+02    0.13717E+05    0.97345E+02
    0.30155E+04    0.97249E+02    0.11735E+05
  
 Raw Dtt tensor (no rot/trans coupling correction)
    0.67550E-01   -0.32585E-03   -0.42439E-02
   -0.32670E-03    0.62217E-01   -0.31496E-03
   -0.42435E-02   -0.31564E-03    0.61991E-01
  
 Raw Drr tensor (no rot/trans coupling correction)
    0.13987E-03   -0.21583E-06   -0.35936E-04
   -0.23921E-06    0.72909E-04   -0.54336E-06
   -0.35941E-04   -0.54876E-06    0.94457E-04
  
 Raw Dtt tensor, before CD transformation
    0.67549E-01   -0.32595E-03   -0.42228E-02
   -0.32394E-03    0.62218E-01   -0.35536E-03
   -0.42468E-02   -0.31590E-03    0.62040E-01
  
 Program finished at:                
 Elapsed time CPU_TIME:   51.280000000000001     
