 BEST ver.3.90 SFSU/ARAGON
  
 control gtensor value=   1.0000000000000000     
 true area (A^2)=    33329.226999999999     
 total area (A^2) =    29731.007579344212     
 centroid coords =   -8.5460416666671313E-002 -0.29522994791667101       -9.3446419270832942E-002
  
 first few rows of gr matrix
   16.327000439869394      -0.78929452559199342       0.44277045043765750        2.4444377409198257      -0.46018365189555682     
 -0.78929452559199254        15.399440122812880        2.6999251046023227      -0.46018365189555682        2.2721093473794043     
  0.44277045043765750        2.6999251046023209        13.143386149866544      -0.59250427086447111       0.47951467102692646     
   6.0797771584761051      -0.45793404992879688       -1.2605419174105739        10.175067020877474        2.0527242508741508     
 -0.45793404992879688        4.6342290012708194       0.66749269101447528        2.0527242508741503        11.297920599194555     
  -1.2605419174105739       0.66749269101447528        5.0175732536687869       0.67058512642833845      -0.72263330291368599     
   2.1476896284332043       0.14360083860996323       -9.7486780105965024E-002   1.0580346592794183      -0.25086684399215614     
  0.14360083860996323        3.6168046431776442      -0.76507697979255018      -0.25086684399215614        1.8455446019806763     
  -9.7486780105965024E-002 -0.76507697979255018        2.5577873904281789        1.6956728076592736E-002  -6.2586879597853431E-002
 first few columns of gr matrix
   16.327000439869394      -0.78929452559199254       0.44277045043765750        6.0797771584761051      -0.45793404992879688     
 -0.78929452559199342        15.399440122812880        2.6999251046023209      -0.45793404992879688        4.6342290012708194     
  0.44277045043765750        2.6999251046023227        13.143386149866544       -1.2605419174105739       0.66749269101447528     
   2.4444377409198257      -0.46018365189555682      -0.59250427086447111        10.175067020877474        2.0527242508741503     
 -0.46018365189555682        2.2721093473794043       0.47951467102692646        2.0527242508741508        11.297920599194555     
 -0.59250427086447111       0.47951467102692646        2.4078502173888094       0.67058512642833867      -0.72263330291368688     
   1.8966095358579571       0.22667454168495768      -0.26222598455341539        1.6789288853180468      -0.25147123279209571     
  0.22667454168495768        2.7270024519489633      -0.68439816789354102      -0.25147123279209571        3.0530927340509968     
 -0.26222598455341539      -0.68439816789354102        2.3578381772436052        2.4881335373739794E-002 -0.27493750447059562     
  
 about to enter dgetrf
 Just out of dgetrf:                 
  
  **** TRANSLATION/ROTATION FLOWS ****
     U(X-Z) =     1.000     0.000     0.000 A/SEC
  OMGA(X-Z) =     0.000     0.000     0.000 RAD/S

 FTOTH(X-Z) =   -0.30988E+02   -0.20597E-02    0.17378E-02
 TTOTH(X-Z) =    0.48469E+01   -0.26804E+01    0.91903E+01

     U(X-Z) =     0.000     1.000     0.000 A/SEC
  OMGA(X-Z) =     0.000     0.000     0.000 RAD/S

 FTOTH(X-Z) =   -0.20447E-02   -0.31841E+02    0.35365E-02
 TTOTH(X-Z) =    0.23336E+01   -0.27356E+02   -0.21554E+01

     U(X-Z) =     0.000     0.000     1.000 A/SEC
  OMGA(X-Z) =     0.000     0.000     0.000 RAD/S

 FTOTH(X-Z) =    0.18110E-02    0.36342E-02   -0.32827E+02
 TTOTH(X-Z) =   -0.10068E+02    0.16886E+01    0.21166E+02

     U(X-Z) =     0.000     0.000     0.000 A/SEC
  OMGA(X-Z) =     1.000     0.000     0.000 RAD/S

 FTOTH(X-Z) =    0.49599E+01    0.27863E+01   -0.98605E+01
 TTOTH(X-Z) =   -0.73018E+05   -0.10347E+02    0.34779E+02

     U(X-Z) =     0.000     0.000     0.000 A/SEC
  OMGA(X-Z) =     0.000     1.000     0.000 RAD/S

 FTOTH(X-Z) =   -0.26364E+01   -0.26866E+02    0.21531E+01
 TTOTH(X-Z) =   -0.10189E+01   -0.80212E+05    0.20055E+02

     U(X-Z) =     0.000     0.000     0.000 A/SEC
  OMGA(X-Z) =     0.000     0.000     1.000 RAD/S

 FTOTH(X-Z) =    0.93864E+01   -0.17559E+01    0.21651E+02
 TTOTH(X-Z) =    0.48769E+02    0.46320E+02   -0.86301E+05

 I,J,Ktt,Ktr,Krt,Krr=    1    1  0.3099E+02 -0.4847E+01 -0.4960E+01  0.7302E+05
 I,J,Ktt,Ktr,Krt,Krr=    1    2  0.2045E-02 -0.2334E+01  0.2636E+01  0.1019E+01
 I,J,Ktt,Ktr,Krt,Krr=    1    3 -0.1811E-02  0.1007E+02 -0.9386E+01 -0.4877E+02
 I,J,Ktt,Ktr,Krt,Krr=    2    1  0.2060E-02  0.2680E+01 -0.2786E+01  0.1035E+02
 I,J,Ktt,Ktr,Krt,Krr=    2    2  0.3184E+02  0.2736E+02  0.2687E+02  0.8021E+05
 I,J,Ktt,Ktr,Krt,Krr=    2    3 -0.3634E-02 -0.1689E+01  0.1756E+01 -0.4632E+02
 I,J,Ktt,Ktr,Krt,Krr=    3    1 -0.1738E-02 -0.9190E+01  0.9860E+01 -0.3478E+02
 I,J,Ktt,Ktr,Krt,Krr=    3    2 -0.3536E-02  0.2155E+01 -0.2153E+01 -0.2006E+02
 I,J,Ktt,Ktr,Krt,Krr=    3    3  0.3283E+02 -0.2117E+02 -0.2165E+02  0.8630E+05
  
  Friction Tensors in Center of Resistance
  
  Ktt Tensor (A)
    0.30988E+02    0.20447E-02   -0.18110E-02
    0.20597E-02    0.31841E+02   -0.36342E-02
   -0.17378E-02   -0.35365E-02    0.32827E+02
  
  Symmetric Krt Tensor (A^2)
   -0.49034E+01    0.26584E+01   -0.92884E+01
   -0.25599E+01    0.27111E+02    0.19557E+01
    0.99640E+01   -0.19209E+01   -0.21409E+02
  
  Krr Tensor (A^3)
    0.73018E+05    0.10189E+01   -0.48769E+02
    0.10347E+02    0.80212E+05   -0.46320E+02
   -0.34779E+02   -0.20055E+02    0.86301E+05
  
 Raw Dtt tensor (no rot/trans coupling correction)
    0.32270E-01   -0.20720E-05    0.17800E-05
   -0.20873E-05    0.31406E-01    0.34768E-05
    0.17082E-05    0.33833E-05    0.30463E-01
  
 Raw Drr tensor (no rot/trans coupling correction)
    0.13695E-04   -0.17203E-09    0.77390E-08
   -0.17634E-08    0.12467E-04    0.66903E-08
    0.55186E-08    0.28971E-08    0.11587E-04
  
 Raw Dtt tensor, before CD transformation
    0.32270E-01   -0.20722E-05   -0.98059E-07
   -0.20872E-05    0.31406E-01    0.42410E-05
    0.17085E-05    0.33840E-05    0.30469E-01
  
 Program finished at:                
 Elapsed time CPU_TIME:   382.24399999999997     
