 BEST ver.3.90 SFSU/ARAGON
  
 control gtensor value=   1.0000000000000000     
 true area (A^2)=    33329.226999999999     
 total area (A^2) =    28551.565429783488     
 centroid coords =  -0.16743803146259800       -1.2620004251702503E-002  -8.8956101190476825E-002
  
 first few rows of gr matrix
   13.205238708246291        2.1565297637295764       -1.4526709643013374        5.5029981628929070        1.6116598660060332E-002
   2.1565297637295755        15.773641523967019        1.1340397019879700        1.6116598660060332E-002   9.3742917588551151     
  -1.4526709643013378        1.1340397019879700        16.236255930820342      -0.14099110086741823      -0.21840688406762473     
   4.5385197705094082      -0.35369226595568470       -5.2091799857865106E-002   14.827548215867280       -2.8363651833324308     
 -0.35369226595568470        7.6652970582510518      -0.47144497853027684       -2.8363651833324290        17.016001617739267     
  -5.2091799857865106E-002 -0.47144497853027684        4.9793355271818873      -0.87843219714765475      -0.97076360379018856     
   2.2719228017266082      -0.62532228179299509      -0.16044787870800234        4.9989096859368560       -1.1760041595542972     
 -0.62532228179299509        3.5325693482058411       0.37679247025072715       -1.1760041595542972        5.7445269987919065     
 -0.16044787870800234       0.37679247025072715        2.1241127651879199      -0.89603531604957831        1.0107550015839259     
 first few columns of gr matrix
   13.205238708246291        2.1565297637295755       -1.4526709643013378        4.5385197705094082      -0.35369226595568470     
   2.1565297637295764        15.773641523967019        1.1340397019879700      -0.35369226595568470        7.6652970582510518     
  -1.4526709643013374        1.1340397019879700        16.236255930820342       -5.2091799857865106E-002 -0.47144497853027684     
   5.5029981628929070        1.6116598660060332E-002 -0.14099110086741823        14.827548215867280       -2.8363651833324290     
   1.6116598660060332E-002   9.3742917588551151      -0.21840688406762473       -2.8363651833324308        17.016001617739267     
 -0.14099110086741823      -0.21840688406762473        5.9806933698299334      -0.87843219714765519      -0.97076360379018900     
   4.7120760580111618       -1.2030597368285798      -0.40497017793082091        7.9916540097873785       -1.9456184789051678     
  -1.2030597368285798        7.3373030369125134        1.0574345484790424       -1.9456184789051678        9.0922559198321018     
 -0.40497017793082091        1.0574345484790424        4.8867192636184944       -1.3693462411446227        1.4096143886617876     
  
 about to enter dgetrf
 Just out of dgetrf:                 
  
  **** TRANSLATION/ROTATION FLOWS ****
     U(X-Z) =     1.000     0.000     0.000 A/SEC
  OMGA(X-Z) =     0.000     0.000     0.000 RAD/S

 FTOTH(X-Z) =   -0.30836E+02    0.71955E-03   -0.16612E-02
 TTOTH(X-Z) =    0.48632E+01   -0.21108E+01    0.59820E+00

     U(X-Z) =     0.000     1.000     0.000 A/SEC
  OMGA(X-Z) =     0.000     0.000     0.000 RAD/S

 FTOTH(X-Z) =    0.25880E-03   -0.31673E+02    0.14101E-01
 TTOTH(X-Z) =    0.16020E+01   -0.26944E+02   -0.30171E+01

     U(X-Z) =     0.000     0.000     1.000 A/SEC
  OMGA(X-Z) =     0.000     0.000     0.000 RAD/S

 FTOTH(X-Z) =   -0.13333E-02    0.14048E-01   -0.32652E+02
 TTOTH(X-Z) =   -0.30831E+00    0.34141E+01    0.21739E+02

     U(X-Z) =     0.000     0.000     0.000 A/SEC
  OMGA(X-Z) =     1.000     0.000     0.000 RAD/S

 FTOTH(X-Z) =    0.48663E+01    0.14448E+01   -0.60480E+00
 TTOTH(X-Z) =   -0.72020E+05   -0.26169E+02   -0.80233E+02

     U(X-Z) =     0.000     0.000     0.000 A/SEC
  OMGA(X-Z) =     0.000     1.000     0.000 RAD/S

 FTOTH(X-Z) =   -0.20523E+01   -0.26872E+02    0.36901E+01
 TTOTH(X-Z) =   -0.45864E+02   -0.78946E+05    0.66416E+02

     U(X-Z) =     0.000     0.000     0.000 A/SEC
  OMGA(X-Z) =     0.000     0.000     1.000 RAD/S

 FTOTH(X-Z) =    0.73950E+00   -0.31915E+01    0.21790E+02
 TTOTH(X-Z) =   -0.98468E+02    0.72413E+02   -0.84917E+05

 I,J,Ktt,Ktr,Krt,Krr=    1    1  0.3084E+02 -0.4863E+01 -0.4866E+01  0.7202E+05
 I,J,Ktt,Ktr,Krt,Krr=    1    2 -0.2588E-03 -0.1602E+01  0.2052E+01  0.4586E+02
 I,J,Ktt,Ktr,Krt,Krr=    1    3  0.1333E-02  0.3083E+00 -0.7395E+00  0.9847E+02
 I,J,Ktt,Ktr,Krt,Krr=    2    1 -0.7195E-03  0.2111E+01 -0.1445E+01  0.2617E+02
 I,J,Ktt,Ktr,Krt,Krr=    2    2  0.3167E+02  0.2694E+02  0.2687E+02  0.7895E+05
 I,J,Ktt,Ktr,Krt,Krr=    2    3 -0.1405E-01 -0.3414E+01  0.3192E+01 -0.7241E+02
 I,J,Ktt,Ktr,Krt,Krr=    3    1  0.1661E-02 -0.5982E+00  0.6048E+00  0.8023E+02
 I,J,Ktt,Ktr,Krt,Krr=    3    2 -0.1410E-01  0.3017E+01 -0.3690E+01 -0.6642E+02
 I,J,Ktt,Ktr,Krt,Krr=    3    3  0.3265E+02 -0.2174E+02 -0.2179E+02  0.8492E+05
  
  Friction Tensors in Center of Resistance
  
  Ktt Tensor (A)
    0.30836E+02   -0.25880E-03    0.13333E-02
   -0.71955E-03    0.31673E+02   -0.14048E-01
    0.16612E-02   -0.14101E-01    0.32652E+02
  
  Symmetric Krt Tensor (A^2)
   -0.48647E+01    0.20816E+01   -0.66885E+00
   -0.15234E+01    0.26908E+02    0.31043E+01
    0.45656E+00   -0.35521E+01   -0.21765E+02
  
  Krr Tensor (A^3)
    0.72020E+05    0.45864E+02    0.98468E+02
    0.26169E+02    0.78946E+05   -0.72413E+02
    0.80233E+02   -0.66416E+02    0.84917E+05
  
 Raw Dtt tensor (no rot/trans coupling correction)
    0.32430E-01    0.26439E-06   -0.13242E-05
    0.73601E-06    0.31572E-01    0.13584E-04
   -0.16496E-05    0.13635E-04    0.30626E-01
  
 Raw Drr tensor (no rot/trans coupling correction)
    0.13885E-04   -0.80801E-08   -0.16108E-07
   -0.46147E-08    0.12667E-04    0.10807E-07
   -0.13123E-07    0.99147E-08    0.11776E-04
  
 Raw Dtt tensor, before CD transformation
    0.32430E-01    0.26433E-06   -0.14563E-05
    0.73593E-06    0.31572E-01    0.15467E-04
   -0.16498E-05    0.13637E-04    0.30632E-01
  
 Program finished at:                
 Elapsed time CPU_TIME:   102.22799999999999     
