 BEST ver.3.90 SFSU/ARAGON
  
 control gtensor value=   1.0000000000000000     
 true area (A^2)=    33329.226999999999     
 total area (A^2) =    29472.137053456358     
 centroid coords =   0.22022485119047200        9.5817559523806439E-002   2.9080505952381035E-002
  
 first few rows of gr matrix
   16.398548332867225      -0.79275335812334591       0.44471075128637660        2.4659086265344068      -0.46422570638774113     
 -0.79275335812334591        15.466923277369725        2.7117566687158687      -0.46422570638774113        2.2920665747960647     
  0.44471075128637638        2.7117566687158678        13.200982864544359      -0.59770857253799015       0.48372652084407852     
   6.1331792958046947      -0.46195634488867732       -1.2716139733144904        10.219656019887832        2.0617196628358569     
 -0.46195634488867732        4.6749340677703337       0.67335565859079338        2.0617196628358569        11.347430147326568     
  -1.2716139733144904       0.67335565859079338        5.0616454505543453       0.67352375272704745      -0.72580001381223513     
   2.1665540067627402       0.14486216636985608       -9.8343061887885622E-002   1.0673279788700001      -0.25307035002615264     
  0.14486216636985608        3.6485730934367724      -0.77179708562486038      -0.25307035002615264        1.8617550688632649     
  -9.8343061887885622E-002 -0.77179708562486038        2.5802538904199648        1.7105668654147879E-002  -6.3136615723394310E-002
 first few columns of gr matrix
   16.398548332867225      -0.79275335812334591       0.44471075128637638        6.1331792958046947      -0.46195634488867732     
 -0.79275335812334591        15.466923277369725        2.7117566687158678      -0.46195634488867732        4.6749340677703337     
  0.44471075128637660        2.7117566687158687        13.200982864544359       -1.2716139733144904       0.67335565859079338     
   2.4659086265344068      -0.46422570638774113      -0.59770857253799015        10.219656019887832        2.0617196628358569     
 -0.46422570638774113        2.2920665747960647       0.48372652084407852        2.0617196628358569        11.347430147326568     
 -0.59770857253799015       0.48372652084407852        2.4289997339950888       0.67352375272704745      -0.72580001381223380     
   1.9132685350700236       0.22866555298165961      -0.26452926437325597        1.6936758716896849      -0.25368004751633766     
  0.22866555298165961        2.7509552639745376      -0.69040962587902410      -0.25368004751633766        3.0799097823096333     
 -0.26452926437325597      -0.69040962587902410        2.3785484096843135        2.5099882279968691E-002 -0.27735243679258703     
  
 about to enter dgetrf
 Just out of dgetrf:                 
  
  **** TRANSLATION/ROTATION FLOWS ****
     U(X-Z) =     1.000     0.000     0.000 A/SEC
  OMGA(X-Z) =     0.000     0.000     0.000 RAD/S

 FTOTH(X-Z) =   -0.30953E+02    0.36497E-02   -0.54747E-02
 TTOTH(X-Z) =    0.50507E+01    0.61219E+00   -0.26703E+01

     U(X-Z) =     0.000     1.000     0.000 A/SEC
  OMGA(X-Z) =     0.000     0.000     0.000 RAD/S

 FTOTH(X-Z) =    0.36157E-02   -0.31806E+02    0.10570E-01
 TTOTH(X-Z) =   -0.58765E+00   -0.26977E+02    0.63945E+01

     U(X-Z) =     0.000     0.000     1.000 A/SEC
  OMGA(X-Z) =     0.000     0.000     0.000 RAD/S

 FTOTH(X-Z) =   -0.52308E-02    0.10809E-01   -0.32785E+02
 TTOTH(X-Z) =    0.29005E+01   -0.66329E+01    0.21651E+02

     U(X-Z) =     0.000     0.000     0.000 A/SEC
  OMGA(X-Z) =     1.000     0.000     0.000 RAD/S

 FTOTH(X-Z) =    0.50198E+01   -0.43829E+00    0.28189E+01
 TTOTH(X-Z) =   -0.72710E+05    0.44768E+02   -0.51648E+02

     U(X-Z) =     0.000     0.000     0.000 A/SEC
  OMGA(X-Z) =     0.000     1.000     0.000 RAD/S

 FTOTH(X-Z) =    0.51964E+00   -0.26867E+02   -0.66185E+01
 TTOTH(X-Z) =    0.53083E+02   -0.79985E+05    0.10868E+03

     U(X-Z) =     0.000     0.000     0.000 A/SEC
  OMGA(X-Z) =     0.000     0.000     1.000 RAD/S

 FTOTH(X-Z) =   -0.27628E+01    0.63838E+01    0.21603E+02
 TTOTH(X-Z) =   -0.48786E+02    0.10673E+03   -0.86008E+05

 I,J,Ktt,Ktr,Krt,Krr=    1    1  0.3095E+02 -0.5051E+01 -0.5020E+01  0.7271E+05
 I,J,Ktt,Ktr,Krt,Krr=    1    2 -0.3616E-02  0.5877E+00 -0.5196E+00 -0.5308E+02
 I,J,Ktt,Ktr,Krt,Krr=    1    3  0.5231E-02 -0.2900E+01  0.2763E+01  0.4879E+02
 I,J,Ktt,Ktr,Krt,Krr=    2    1 -0.3650E-02 -0.6122E+00  0.4383E+00 -0.4477E+02
 I,J,Ktt,Ktr,Krt,Krr=    2    2  0.3181E+02  0.2698E+02  0.2687E+02  0.7999E+05
 I,J,Ktt,Ktr,Krt,Krr=    2    3 -0.1081E-01  0.6633E+01 -0.6384E+01 -0.1067E+03
 I,J,Ktt,Ktr,Krt,Krr=    3    1  0.5475E-02  0.2670E+01 -0.2819E+01  0.5165E+02
 I,J,Ktt,Ktr,Krt,Krr=    3    2 -0.1057E-01 -0.6395E+01  0.6619E+01 -0.1087E+03
 I,J,Ktt,Ktr,Krt,Krr=    3    3  0.3279E+02 -0.2165E+02 -0.2160E+02  0.8601E+05
  
  Friction Tensors in Center of Resistance
  
  Ktt Tensor (A)
    0.30953E+02   -0.36157E-02    0.52308E-02
   -0.36497E-02    0.31806E+02   -0.10809E-01
    0.54747E-02   -0.10570E-01    0.32785E+02
  
  Symmetric Krt Tensor (A^2)
   -0.50353E+01   -0.56591E+00    0.27166E+01
    0.51297E+00    0.26922E+02   -0.63891E+01
   -0.28597E+01    0.66257E+01   -0.21627E+02
  
  Krr Tensor (A^3)
    0.72710E+05   -0.53083E+02    0.48786E+02
   -0.44768E+02    0.79985E+05   -0.10673E+03
    0.51648E+02   -0.10868E+03    0.86008E+05
  
 Raw Dtt tensor (no rot/trans coupling correction)
    0.32307E-01    0.36709E-05   -0.51533E-05
    0.37053E-05    0.31440E-01    0.10365E-04
   -0.53936E-05    0.10136E-04    0.30501E-01
  
 Raw Drr tensor (no rot/trans coupling correction)
    0.13753E-04    0.91168E-08   -0.77898E-08
    0.76867E-08    0.12502E-04    0.15511E-07
   -0.82491E-08    0.15793E-07    0.11627E-04
  
 Raw Dtt tensor, before CD transformation
    0.32307E-01    0.36711E-05   -0.46722E-05
    0.37059E-05    0.31440E-01    0.66763E-05
   -0.53946E-05    0.10138E-04    0.30507E-01
  
 Program finished at:                
 Elapsed time CPU_TIME:   264.06399999999996     
