 BEST ver.3.90 SFSU/ARAGON
  
 control gtensor value=   1.0000000000000000     
 true area (A^2)=    33329.226999999999     
 total area (A^2) =    30111.831642567842     
 centroid coords =    1.0531437817846365E-002 -0.22826554553860098      -0.18071006703652392     
  
 first few rows of gr matrix
   16.223428214986356      -0.78428754403376755       0.43996168462465968        2.4135229588552787      -0.45436371340014442     
 -0.78428754403376844        15.301751984606055        2.6827978159046140      -0.45436371340014442        2.2433740009538403     
  0.43996168462465990        2.6827978159046122        13.060009552245189      -0.58501087469427637       0.47345025330689400     
   6.0028862715825895      -0.45214256212916915       -1.2445998551491249        10.110520300641408        2.0397025560124740     
 -0.45214256212916915        4.5756199488849818       0.65905091697091955        2.0397025560124753        11.226250926781667     
  -1.2445998551491249       0.65905091697091955        4.9541160499800148       0.66633119174061273      -0.71804919456916916     
   2.1205278170710882       0.14178472009910953       -9.6253865677137632E-002   1.0446537044852688      -0.24769413327859957     
  0.14178472009910953        3.5710629474730911      -0.75540105812886815      -0.24769413327859957        1.8222040160432473     
  -9.6253865677137632E-002 -0.75540105812886815        2.5254390763685306        1.6742276489530351E-002  -6.1795343896011858E-002
 first few columns of gr matrix
   16.223428214986356      -0.78428754403376844       0.43996168462465990        6.0028862715825895      -0.45214256212916915     
 -0.78428754403376755        15.301751984606055        2.6827978159046122      -0.45214256212916915        4.5756199488849818     
  0.43996168462465968        2.6827978159046140        13.060009552245189       -1.2445998551491249       0.65905091697091955     
   2.4135229588552787      -0.45436371340014442      -0.58501087469427637        10.110520300641408        2.0397025560124753     
 -0.45436371340014442        2.2433740009538403       0.47345025330689400        2.0397025560124740        11.226250926781667     
 -0.58501087469427637       0.47345025330689400        2.3773981574043987       0.66633119174061273      -0.71804919456916960     
   1.8726231321623055       0.22380779080050595      -0.25890961489162218        1.6576954868466498      -0.24829087837883854     
  0.22380779080050595        2.6925140765323032      -0.67574259043635221      -0.24829087837883854        3.0144802977774057     
 -0.25890961489162218      -0.67574259043635221        2.3280186190798839        2.4566661349657504E-002 -0.27146037233104681     
  
 about to enter dgetrf
 Just out of dgetrf:                 
  
  **** TRANSLATION/ROTATION FLOWS ****
     U(X-Z) =     1.000     0.000     0.000 A/SEC
  OMGA(X-Z) =     0.000     0.000     0.000 RAD/S

 FTOTH(X-Z) =   -0.31031E+02   -0.75574E-03    0.23880E-02
 TTOTH(X-Z) =    0.48605E+01   -0.49777E+01    0.69846E+01

     U(X-Z) =     0.000     1.000     0.000 A/SEC
  OMGA(X-Z) =     0.000     0.000     0.000 RAD/S

 FTOTH(X-Z) =   -0.89124E-03   -0.31879E+02    0.29568E-03
 TTOTH(X-Z) =    0.54282E+01   -0.26763E+02    0.89159E+00

     U(X-Z) =     0.000     0.000     1.000 A/SEC
  OMGA(X-Z) =     0.000     0.000     0.000 RAD/S

 FTOTH(X-Z) =    0.25174E-02    0.43716E-03   -0.32858E+02
 TTOTH(X-Z) =   -0.72221E+01   -0.10243E+01    0.21421E+02

     U(X-Z) =     0.000     0.000     0.000 A/SEC
  OMGA(X-Z) =     1.000     0.000     0.000 RAD/S

 FTOTH(X-Z) =    0.49261E+01    0.54889E+01   -0.72585E+01
 TTOTH(X-Z) =   -0.73287E+05   -0.42815E+01    0.12761E+02

     U(X-Z) =     0.000     0.000     0.000 A/SEC
  OMGA(X-Z) =     0.000     1.000     0.000 RAD/S

 FTOTH(X-Z) =   -0.50358E+01   -0.26711E+02   -0.84059E+00
 TTOTH(X-Z) =   -0.14107E+02   -0.80533E+05    0.93115E+01

     U(X-Z) =     0.000     0.000     0.000 A/SEC
  OMGA(X-Z) =     0.000     0.000     1.000 RAD/S

 FTOTH(X-Z) =    0.69872E+01    0.75172E+00    0.21518E+02
 TTOTH(X-Z) =    0.15859E+02    0.17380E+02   -0.86632E+05

 I,J,Ktt,Ktr,Krt,Krr=    1    1  0.3103E+02 -0.4861E+01 -0.4926E+01  0.7329E+05
 I,J,Ktt,Ktr,Krt,Krr=    1    2  0.8912E-03 -0.5428E+01  0.5036E+01  0.1411E+02
 I,J,Ktt,Ktr,Krt,Krr=    1    3 -0.2517E-02  0.7222E+01 -0.6987E+01 -0.1586E+02
 I,J,Ktt,Ktr,Krt,Krr=    2    1  0.7557E-03  0.4978E+01 -0.5489E+01  0.4282E+01
 I,J,Ktt,Ktr,Krt,Krr=    2    2  0.3188E+02  0.2676E+02  0.2671E+02  0.8053E+05
 I,J,Ktt,Ktr,Krt,Krr=    2    3 -0.4372E-03  0.1024E+01 -0.7517E+00 -0.1738E+02
 I,J,Ktt,Ktr,Krt,Krr=    3    1 -0.2388E-02 -0.6985E+01  0.7258E+01 -0.1276E+02
 I,J,Ktt,Ktr,Krt,Krr=    3    2 -0.2957E-03 -0.8916E+00  0.8406E+00 -0.9312E+01
 I,J,Ktt,Ktr,Krt,Krr=    3    3  0.3286E+02 -0.2142E+02 -0.2152E+02  0.8663E+05
  
  Friction Tensors in Center of Resistance
  
  Ktt Tensor (A)
    0.31031E+02    0.89124E-03   -0.25174E-02
    0.75574E-03    0.31879E+02   -0.43716E-03
   -0.23880E-02   -0.29568E-03    0.32858E+02
  
  Symmetric Krt Tensor (A^2)
   -0.48933E+01    0.50068E+01   -0.69859E+01
   -0.54586E+01    0.26737E+02   -0.82166E+00
    0.72403E+01    0.93245E+00   -0.21470E+02
  
  Krr Tensor (A^3)
    0.73287E+05    0.14107E+02   -0.15859E+02
    0.42815E+01    0.80533E+05   -0.17380E+02
   -0.12761E+02   -0.93115E+01    0.86632E+05
  
 Raw Dtt tensor (no rot/trans coupling correction)
    0.32225E-01   -0.90091E-06    0.24689E-05
   -0.76393E-06    0.31369E-01    0.41728E-06
    0.23420E-05    0.28221E-06    0.30434E-01
  
 Raw Drr tensor (no rot/trans coupling correction)
    0.13645E-04   -0.23900E-08    0.24975E-08
   -0.72500E-09    0.12417E-04    0.24910E-08
    0.20098E-08    0.13343E-08    0.11543E-04
  
 Raw Dtt tensor, before CD transformation
    0.32225E-01   -0.90092E-06    0.12216E-05
   -0.76400E-06    0.31369E-01   -0.52016E-06
    0.23424E-05    0.28229E-06    0.30439E-01
  
 Program finished at:                
 Elapsed time CPU_TIME:   509.83600000000001     
