 BEST ver.3.90 SFSU/ARAGON
  
 control gtensor value=   1.0000000000000000     
 true area (A^2)=    33329.226999999999     
 total area (A^2) =    29069.072562245059     
 centroid coords =    6.4111781157124098E-002  0.11869550777836158        6.7383237196295312E-002
  
 first few rows of gr matrix
   12.229265953446047      -0.21907900272819464       0.32248744116406824        2.7384033534451735      -0.36818358245765492     
 -0.21907900272819464        11.897372328656267        1.1045688394666722      -0.36818358245765492        3.3773847547644835     
  0.32248744116406847        1.1045688394666717        8.5272323708069031      -0.56834169641365395       0.91864501150249223     
   2.0265559242059825      -0.32031078594528883      -0.36901024632158086        11.372047452367369        1.5926156898583916     
 -0.32031078594528883        2.4863331080509892       0.74649621431711266        1.5926156898583916        13.251537945607904     
 -0.36901024632158086       0.74649621431711266        2.6757964162822532       -1.8046658730042138       0.77092953128284569     
   2.1814745251560894       0.31650100025113342      -0.59100148735617020        2.4734340343638346       0.19130127773607047     
  0.31650100025113342        2.0295968259815789      -0.47690577479365964       0.19130127773607047        4.4488268799187818     
 -0.59100148735617020      -0.47690577479365964        2.5913583738175556       -9.6088867720247384E-002   7.5559929481569560E-002
 first few columns of gr matrix
   12.229265953446047      -0.21907900272819464       0.32248744116406847        2.0265559242059825      -0.32031078594528883     
 -0.21907900272819464        11.897372328656267        1.1045688394666717      -0.32031078594528883        2.4863331080509892     
  0.32248744116406824        1.1045688394666722        8.5272323708069031      -0.36901024632158086       0.74649621431711266     
   2.7384033534451735      -0.36818358245765492      -0.56834169641365395        11.372047452367369        1.5926156898583916     
 -0.36818358245765492        3.3773847547644835       0.91864501150249223        1.5926156898583916        13.251537945607904     
 -0.56834169641365395       0.91864501150249223        3.5827929669194574       -1.8046658730042147       0.77092953128284503     
   5.4408662895827264       0.86521854155870903       -1.1768539026402083        3.7869813353277748       0.63891196526764538     
  0.86521854155870903        5.2555924337244067       -1.1894831706773721       0.63891196526764538        6.4737306081321480     
  -1.1768539026402083       -1.1894831706773721        5.8044736103712893       -3.2471699534493713E-002  -8.9070326878815664E-002
  
 about to enter dgetrf
 Just out of dgetrf:                 
  
  **** TRANSLATION/ROTATION FLOWS ****
     U(X-Z) =     1.000     0.000     0.000 A/SEC
  OMGA(X-Z) =     0.000     0.000     0.000 RAD/S

 FTOTH(X-Z) =   -0.30922E+02    0.20681E-02   -0.12820E-01
 TTOTH(X-Z) =    0.46355E+01    0.14898E+01   -0.25108E+01

     U(X-Z) =     0.000     1.000     0.000 A/SEC
  OMGA(X-Z) =     0.000     0.000     0.000 RAD/S

 FTOTH(X-Z) =    0.14468E-02   -0.31758E+02    0.61007E-02
 TTOTH(X-Z) =   -0.13761E+01   -0.27167E+02    0.14755E+01

     U(X-Z) =     0.000     0.000     1.000 A/SEC
  OMGA(X-Z) =     0.000     0.000     0.000 RAD/S

 FTOTH(X-Z) =   -0.11106E-01    0.61987E-02   -0.32744E+02
 TTOTH(X-Z) =    0.28278E+01   -0.12481E+01    0.22279E+02

     U(X-Z) =     0.000     0.000     0.000 A/SEC
  OMGA(X-Z) =     1.000     0.000     0.000 RAD/S

 FTOTH(X-Z) =    0.45394E+01   -0.13370E+01    0.29587E+01
 TTOTH(X-Z) =   -0.72535E+05    0.20890E+02   -0.13696E+03

     U(X-Z) =     0.000     0.000     0.000 A/SEC
  OMGA(X-Z) =     0.000     1.000     0.000 RAD/S

 FTOTH(X-Z) =    0.14439E+01   -0.27046E+02   -0.89330E+00
 TTOTH(X-Z) =    0.68356E+01   -0.79635E+05    0.82372E+02

     U(X-Z) =     0.000     0.000     0.000 A/SEC
  OMGA(X-Z) =     0.000     0.000     1.000 RAD/S

 FTOTH(X-Z) =   -0.27021E+01    0.13643E+01    0.22126E+02
 TTOTH(X-Z) =   -0.13876E+03    0.84683E+02   -0.85626E+05

 I,J,Ktt,Ktr,Krt,Krr=    1    1  0.3092E+02 -0.4635E+01 -0.4539E+01  0.7253E+05
 I,J,Ktt,Ktr,Krt,Krr=    1    2 -0.1447E-02  0.1376E+01 -0.1444E+01 -0.6836E+01
 I,J,Ktt,Ktr,Krt,Krr=    1    3  0.1111E-01 -0.2828E+01  0.2702E+01  0.1388E+03
 I,J,Ktt,Ktr,Krt,Krr=    2    1 -0.2068E-02 -0.1490E+01  0.1337E+01 -0.2089E+02
 I,J,Ktt,Ktr,Krt,Krr=    2    2  0.3176E+02  0.2717E+02  0.2705E+02  0.7964E+05
 I,J,Ktt,Ktr,Krt,Krr=    2    3 -0.6199E-02  0.1248E+01 -0.1364E+01 -0.8468E+02
 I,J,Ktt,Ktr,Krt,Krr=    3    1  0.1282E-01  0.2511E+01 -0.2959E+01  0.1370E+03
 I,J,Ktt,Ktr,Krt,Krr=    3    2 -0.6101E-02 -0.1475E+01  0.8933E+00 -0.8237E+02
 I,J,Ktt,Ktr,Krt,Krr=    3    3  0.3274E+02 -0.2228E+02 -0.2213E+02  0.8563E+05
  
  Friction Tensors in Center of Resistance
  
  Ktt Tensor (A)
    0.30922E+02   -0.14468E-02    0.11106E-01
   -0.20681E-02    0.31758E+02   -0.61987E-02
    0.12820E-01   -0.61007E-02    0.32744E+02
  
  Symmetric Krt Tensor (A^2)
   -0.45874E+01   -0.14669E+01    0.26064E+01
    0.13566E+01    0.27107E+02   -0.14199E+01
   -0.28933E+01    0.10707E+01   -0.22202E+02
  
  Krr Tensor (A^3)
    0.72535E+05   -0.68356E+01    0.13876E+03
   -0.20890E+02    0.79635E+05   -0.84683E+02
    0.13696E+03   -0.82372E+02    0.85626E+05
  
 Raw Dtt tensor (no rot/trans coupling correction)
    0.32339E-01    0.14712E-05   -0.10969E-04
    0.21035E-05    0.31488E-01    0.59603E-05
   -0.12661E-04    0.58662E-05    0.30540E-01
  
 Raw Drr tensor (no rot/trans coupling correction)
    0.13787E-04    0.11603E-08   -0.22341E-07
    0.35930E-08    0.12557E-04    0.12413E-07
   -0.22049E-07    0.12078E-07    0.11679E-04
  
 Raw Dtt tensor, before CD transformation
    0.32339E-01    0.14713E-05   -0.10419E-04
    0.21038E-05    0.31488E-01    0.51709E-05
   -0.12663E-04    0.58672E-05    0.30546E-01
  
 Program finished at:                
 Elapsed time CPU_TIME:   170.89200000000000     
