 BEST ver.3.90 SFSU/ARAGON
  
 control gtensor value=   1.0000000000000000     
 true area (A^2)=    5930.2650000000003     
 total area (A^2) =    5652.0758386907746     
 centroid coords =    16.315592332347141        36.345376725838214        39.598429240631155     
  
 first few rows of gr matrix
   7.9495873076515444       0.35268344461903889      -0.37205328891784706        3.7897551170294856       0.17077870949716725     
  0.35268344461903911        7.3068976199180913        1.2492484147694389       0.17077870949716725        3.0900461792255633     
 -0.37205328891784761        1.2492484147694389        6.3783199695064408      -0.91677883646319913        9.3140181505368388E-002
   2.4802240034862884       0.25026414273008690      -0.61364727221879156        7.7953980643413576        1.6248457938175380     
  0.25026414273008690        2.1076315244214263      -0.13927236163057771        1.6248457938175371        8.8908982312733791     
 -0.61364727221879156      -0.13927236163057771        2.8687843473370473       -8.2198730584966406E-002 -0.15842873647973540     
   1.2154158653288631       0.31029332065813314      -0.25835779904156730        2.7274617667861127       0.71606585102927844     
  0.31029332065813314        1.3039590642645422      -0.29040899628071631       0.71606585102927844        4.0629472529148982     
 -0.25835779904156730      -0.29040899628071631        1.2021052402083290       -8.5088130249010574E-002 -0.12032514461122064     
 first few columns of gr matrix
   7.9495873076515444       0.35268344461903911      -0.37205328891784761        2.4802240034862884       0.25026414273008690     
  0.35268344461903889        7.3068976199180913        1.2492484147694389       0.25026414273008690        2.1076315244214263     
 -0.37205328891784706        1.2492484147694389        6.3783199695064408      -0.61364727221879156      -0.13927236163057771     
   3.7897551170294856       0.17077870949716725      -0.91677883646319913        7.7953980643413576        1.6248457938175371     
  0.17077870949716725        3.0900461792255633        9.3140181505368388E-002   1.6248457938175380        8.8908982312733791     
 -0.91677883646319913        9.3140181505368388E-002   4.0131691821641056       -8.2198730584966184E-002 -0.15842873647973585     
   1.6075541511282299       0.42697363316009074      -0.30580758012048648        2.1644457968550310       0.62910897736240523     
  0.42697363316009074        1.5528967616749909      -0.29190105432693014       0.62910897736240523        3.0156455137936491     
 -0.30580758012048648      -0.29190105432693014        1.4039969667841063       -6.3668826626880906E-002 -0.12197679989475615     
  
 about to enter dgetrf
 Just out of dgetrf:                 
  
  **** TRANSLATION/ROTATION FLOWS ****
     U(X-Z) =     1.000     0.000     0.000 A/SEC
  OMGA(X-Z) =     0.000     0.000     0.000 RAD/S

 FTOTH(X-Z) =   -0.14739E+02   -0.55459E+00    0.15102E+00
 TTOTH(X-Z) =   -0.23640E+01   -0.40143E+01   -0.21951E+01

     U(X-Z) =     0.000     1.000     0.000 A/SEC
  OMGA(X-Z) =     0.000     0.000     0.000 RAD/S

 FTOTH(X-Z) =   -0.55462E+00   -0.14218E+02    0.15975E+00
 TTOTH(X-Z) =    0.27178E+01    0.11303E+01    0.34044E+01

     U(X-Z) =     0.000     0.000     1.000 A/SEC
  OMGA(X-Z) =     0.000     0.000     0.000 RAD/S

 FTOTH(X-Z) =    0.15116E+00    0.15977E+00   -0.14785E+02
 TTOTH(X-Z) =   -0.65962E+00    0.96324E+00    0.12941E+01

     U(X-Z) =     0.000     0.000     0.000 A/SEC
  OMGA(X-Z) =     1.000     0.000     0.000 RAD/S

 FTOTH(X-Z) =   -0.23759E+01    0.27051E+01   -0.67385E+00
 TTOTH(X-Z) =   -0.79440E+04   -0.11169E+04    0.25427E+02

     U(X-Z) =     0.000     0.000     0.000 A/SEC
  OMGA(X-Z) =     0.000     1.000     0.000 RAD/S

 FTOTH(X-Z) =   -0.39984E+01    0.11371E+01    0.95958E+00
 TTOTH(X-Z) =   -0.11146E+04   -0.71165E+04    0.26436E+03

     U(X-Z) =     0.000     0.000     0.000 A/SEC
  OMGA(X-Z) =     0.000     0.000     1.000 RAD/S

 FTOTH(X-Z) =   -0.21935E+01    0.34090E+01    0.13027E+01
 TTOTH(X-Z) =    0.27650E+02    0.26201E+03   -0.84258E+04

 I,J,Ktt,Ktr,Krt,Krr=    1    1  0.1474E+02  0.2364E+01  0.2376E+01  0.7944E+04
 I,J,Ktt,Ktr,Krt,Krr=    1    2  0.5546E+00 -0.2718E+01  0.3998E+01  0.1115E+04
 I,J,Ktt,Ktr,Krt,Krr=    1    3 -0.1512E+00  0.6596E+00  0.2193E+01 -0.2765E+02
 I,J,Ktt,Ktr,Krt,Krr=    2    1  0.5546E+00  0.4014E+01 -0.2705E+01  0.1117E+04
 I,J,Ktt,Ktr,Krt,Krr=    2    2  0.1422E+02 -0.1130E+01 -0.1137E+01  0.7116E+04
 I,J,Ktt,Ktr,Krt,Krr=    2    3 -0.1598E+00 -0.9632E+00 -0.3409E+01 -0.2620E+03
 I,J,Ktt,Ktr,Krt,Krr=    3    1 -0.1510E+00  0.2195E+01  0.6739E+00 -0.2543E+02
 I,J,Ktt,Ktr,Krt,Krr=    3    2 -0.1597E+00 -0.3404E+01 -0.9596E+00 -0.2644E+03
 I,J,Ktt,Ktr,Krt,Krr=    3    3  0.1478E+02 -0.1294E+01 -0.1303E+01  0.8426E+04
  
  Friction Tensors in Center of Resistance
  
  Ktt Tensor (A)
    0.14739E+02    0.55462E+00   -0.15116E+00
    0.55459E+00    0.14218E+02   -0.15977E+00
   -0.15102E+00   -0.15975E+00    0.14785E+02
  
  Symmetric Krt Tensor (A^2)
    0.23700E+01    0.40063E+01    0.21943E+01
   -0.27115E+01   -0.11337E+01   -0.34067E+01
    0.66674E+00   -0.96141E+00   -0.12984E+01
  
  Krr Tensor (A^3)
    0.79440E+04    0.11146E+04   -0.27650E+02
    0.11169E+04    0.71165E+04   -0.26201E+03
   -0.25427E+02   -0.26436E+03    0.84258E+04
  
 Raw Dtt tensor (no rot/trans coupling correction)
    0.67951E-01   -0.26433E-02    0.66617E-03
   -0.26431E-02    0.70447E-01    0.73425E-03
    0.66551E-03    0.73417E-03    0.67652E-01
  
 Raw Drr tensor (no rot/trans coupling correction)
    0.12872E-03   -0.20168E-04   -0.20476E-06
   -0.20210E-04    0.14385E-03    0.44069E-05
   -0.24564E-06    0.44523E-05    0.11882E-03
  
 Raw Dtt tensor, before CD transformation
    0.67951E-01   -0.26431E-02    0.67595E-03
   -0.26430E-02    0.70447E-01    0.74442E-03
    0.66564E-03    0.73431E-03    0.67665E-01
  
 Program finished at:                
 Elapsed time CPU_TIME:   71.688000000000002     
