 BEST ver.3.90 SFSU/ARAGON
  
 control gtensor value=   1.0000000000000000     
 true area (A^2)=    5930.2650000000003     
 total area (A^2) =    5684.9500980873245     
 centroid coords =    16.320948710257934        36.363741051789624        39.670358928214362     
  
 first few rows of gr matrix
   7.9265690142655956       0.35166223802221508      -0.37097599629521316        2.6566335063438657        6.5972988902713275E-002
  0.35166223802221475        7.2857402558126019        1.2456311746020887        6.5972988902713275E-002   2.0413603305095722     
 -0.37097599629521305        1.2456311746020887        6.3598513327476196      -0.59893884375884954       0.14712590080428434     
   3.0140943006265779       0.32354685344533834      -0.67311723246685717        5.8246022759102924        1.2418806365622079     
  0.32354685344533834        2.3899535465275452       -7.3578980942693550E-002   1.2418806365622070        6.4635452712271375     
 -0.67311723246685717       -7.3578980942693550E-002   2.9610789298723970      -0.15070049850299294        8.2382845733642268E-002
   1.9894783476670690       0.54524136019404157      -0.26369169002507920        2.0779544357785835       0.60858009154019577     
  0.54524136019404157        1.8554803009316470      -0.21126295568674291       0.60858009154019577        2.8981607696269802     
 -0.26369169002507920      -0.21126295568674291        1.4894403234704339        8.3513428391929392E-002  0.20007768828889075     
 first few columns of gr matrix
   7.9265690142655956       0.35166223802221475      -0.37097599629521305        3.0140943006265779       0.32354685344533834     
  0.35166223802221508        7.2857402558126019        1.2456311746020887       0.32354685344533834        2.3899535465275452     
 -0.37097599629521316        1.2456311746020887        6.3598513327476196      -0.67311723246685717       -7.3578980942693550E-002
   2.6566335063438657        6.5972988902713275E-002 -0.59893884375884954        5.8246022759102924        1.2418806365622070     
   6.5972988902713275E-002   2.0413603305095722       0.14712590080428434        1.2418806365622079        6.4635452712271375     
 -0.59893884375884954       0.14712590080428434        2.4486298069143588      -0.15070049850299361        8.2382845733642268E-002
   1.1305962868821851       0.30996026583666519      -0.13253909986094881        1.5692625370932314       0.47798661388326957     
  0.30996026583666519       0.96797753778461371       -9.5699141615620931E-002  0.47798661388326957        2.1019123910188657     
 -0.13253909986094881       -9.5699141615620931E-002  0.78914292411181497        5.5009436811669268E-002  0.12492831040919662     
  
 about to enter dgetrf
 Just out of dgetrf:                 
  
  **** TRANSLATION/ROTATION FLOWS ****
     U(X-Z) =     1.000     0.000     0.000 A/SEC
  OMGA(X-Z) =     0.000     0.000     0.000 RAD/S

 FTOTH(X-Z) =   -0.14768E+02   -0.55224E+00    0.15067E+00
 TTOTH(X-Z) =   -0.24482E+01   -0.30459E+01   -0.23815E+01

     U(X-Z) =     0.000     1.000     0.000 A/SEC
  OMGA(X-Z) =     0.000     0.000     0.000 RAD/S

 FTOTH(X-Z) =   -0.55234E+00   -0.14251E+02    0.15915E+00
 TTOTH(X-Z) =    0.18801E+01    0.11809E+01    0.34949E+01

     U(X-Z) =     0.000     0.000     1.000 A/SEC
  OMGA(X-Z) =     0.000     0.000     0.000 RAD/S

 FTOTH(X-Z) =    0.15071E+00    0.15910E+00   -0.14817E+02
 TTOTH(X-Z) =   -0.42098E+00    0.89299E+00    0.13366E+01

     U(X-Z) =     0.000     0.000     0.000 A/SEC
  OMGA(X-Z) =     1.000     0.000     0.000 RAD/S

 FTOTH(X-Z) =   -0.24526E+01    0.18478E+01   -0.40929E+00
 TTOTH(X-Z) =   -0.79891E+04   -0.11163E+04    0.27260E+02

     U(X-Z) =     0.000     0.000     0.000 A/SEC
  OMGA(X-Z) =     0.000     1.000     0.000 RAD/S

 FTOTH(X-Z) =   -0.30273E+01    0.11795E+01    0.96717E+00
 TTOTH(X-Z) =   -0.11164E+04   -0.71612E+04    0.26587E+03

     U(X-Z) =     0.000     0.000     0.000 A/SEC
  OMGA(X-Z) =     0.000     0.000     1.000 RAD/S

 FTOTH(X-Z) =   -0.23583E+01    0.34315E+01    0.13356E+01
 TTOTH(X-Z) =    0.28530E+02    0.26316E+03   -0.84752E+04

 I,J,Ktt,Ktr,Krt,Krr=    1    1  0.1477E+02  0.2448E+01  0.2453E+01  0.7989E+04
 I,J,Ktt,Ktr,Krt,Krr=    1    2  0.5523E+00 -0.1880E+01  0.3027E+01  0.1116E+04
 I,J,Ktt,Ktr,Krt,Krr=    1    3 -0.1507E+00  0.4210E+00  0.2358E+01 -0.2853E+02
 I,J,Ktt,Ktr,Krt,Krr=    2    1  0.5522E+00  0.3046E+01 -0.1848E+01  0.1116E+04
 I,J,Ktt,Ktr,Krt,Krr=    2    2  0.1425E+02 -0.1181E+01 -0.1179E+01  0.7161E+04
 I,J,Ktt,Ktr,Krt,Krr=    2    3 -0.1591E+00 -0.8930E+00 -0.3431E+01 -0.2632E+03
 I,J,Ktt,Ktr,Krt,Krr=    3    1 -0.1507E+00  0.2381E+01  0.4093E+00 -0.2726E+02
 I,J,Ktt,Ktr,Krt,Krr=    3    2 -0.1592E+00 -0.3495E+01 -0.9672E+00 -0.2659E+03
 I,J,Ktt,Ktr,Krt,Krr=    3    3  0.1482E+02 -0.1337E+01 -0.1336E+01  0.8475E+04
  
  Friction Tensors in Center of Resistance
  
  Ktt Tensor (A)
    0.14768E+02    0.55234E+00   -0.15071E+00
    0.55224E+00    0.14251E+02   -0.15910E+00
   -0.15067E+00   -0.15915E+00    0.14817E+02
  
  Symmetric Krt Tensor (A^2)
    0.24504E+01    0.30366E+01    0.23699E+01
   -0.18639E+01   -0.11802E+01   -0.34632E+01
    0.41514E+00   -0.93008E+00   -0.13361E+01
  
  Krr Tensor (A^3)
    0.79891E+04    0.11164E+04   -0.28530E+02
    0.11163E+04    0.71612E+04   -0.26316E+03
   -0.27260E+02   -0.26587E+03    0.84752E+04
  
 Raw Dtt tensor (no rot/trans coupling correction)
    0.67819E-01   -0.26211E-02    0.66166E-03
   -0.26207E-02    0.70281E-01    0.72798E-03
    0.66148E-03    0.72824E-03    0.67504E-01
  
 Raw Drr tensor (no rot/trans coupling correction)
    0.12796E-03   -0.19955E-04   -0.18885E-06
   -0.19955E-04    0.14292E-03    0.43704E-05
   -0.21443E-06    0.44192E-05    0.11813E-03
  
 Raw Dtt tensor, before CD transformation
    0.67819E-01   -0.26211E-02    0.66998E-03
   -0.26206E-02    0.70281E-01    0.73700E-03
    0.66162E-03    0.72839E-03    0.67518E-01
  
 Program finished at:                
 Elapsed time CPU_TIME:   118.98000000000000     
