 BEST ver.3.90 SFSU/ARAGON
  
 control gtensor value=   1.0000000000000000     
 true area (A^2)=    5930.2650000000003     
 total area (A^2) =    5577.9279281405943     
 centroid coords =    16.386850682908847        36.146141749723199        39.563270764119615     
  
 first few rows of gr matrix
   8.0022501711000675       0.35501983258054393      -0.37451799441658318        3.8401326814305841       0.17304888663799889     
  0.35501983258054437        7.3553029190484898        1.2575241901190539       0.17304888663799889        3.1311224481635738     
 -0.37451799441658362        1.2575241901190548        6.4205738099368483      -0.92896566211532461        9.4378302530928104E-002
   2.5131938499819952       0.25359092706795011      -0.62180454202148849        7.8470394851977785        1.6356097528575697     
  0.25359092706795011        2.1356484647187588      -0.14112372198254608        1.6356097528575684        8.9497969063074425     
 -0.62180454202148849      -0.14112372198254608        2.9069193623308704       -8.2743264578607756E-002 -0.15947826403288518     
   1.2315725005569766       0.31441807839628977      -0.26179217309947334        2.7637181676787121       0.72558458044890661     
  0.31441807839628977        1.3212927124048142      -0.29426942986046106       0.72558458044890661        4.1169563855821352     
 -0.26179217309947334      -0.29426942986046106        1.2180849360687205       -8.6219214614363576E-002 -0.12192463785934234     
 first few columns of gr matrix
   8.0022501711000675       0.35501983258054437      -0.37451799441658362        2.5131938499819952       0.25359092706795011     
  0.35501983258054393        7.3553029190484898        1.2575241901190548       0.25359092706795011        2.1356484647187588     
 -0.37451799441658318        1.2575241901190539        6.4205738099368483      -0.62180454202148849      -0.14112372198254608     
   3.8401326814305841       0.17304888663799889      -0.92896566211532461        7.8470394851977785        1.6356097528575684     
  0.17304888663799889        3.1311224481635738        9.4378302530928104E-002   1.6356097528575697        8.9497969063074425     
 -0.92896566211532461        9.4378302530928104E-002   4.0665166103444905       -8.2743264578607312E-002 -0.15947826403288606     
   1.6289235167668716       0.43264943305688031      -0.30987270849583637        2.1932179745173230       0.63747178103802260     
  0.43264943305688031        1.5735395615931187      -0.29578132197193568       0.63747178103802260        3.0557327678221111     
 -0.30987270849583637      -0.29578132197193568        1.4226604279917410       -6.4515182213109978E-002 -0.12359824874893822     
  
 about to enter dgetrf
 Just out of dgetrf:                 
  
  **** TRANSLATION/ROTATION FLOWS ****
     U(X-Z) =     1.000     0.000     0.000 A/SEC
  OMGA(X-Z) =     0.000     0.000     0.000 RAD/S

 FTOTH(X-Z) =   -0.14696E+02   -0.55319E+00    0.14822E+00
 TTOTH(X-Z) =   -0.24118E+01   -0.45804E+01    0.84922E+00

     U(X-Z) =     0.000     1.000     0.000 A/SEC
  OMGA(X-Z) =     0.000     0.000     0.000 RAD/S

 FTOTH(X-Z) =   -0.55332E+00   -0.14167E+02    0.16079E+00
 TTOTH(X-Z) =    0.32348E+01    0.11553E+01    0.47271E+01

     U(X-Z) =     0.000     0.000     1.000 A/SEC
  OMGA(X-Z) =     0.000     0.000     0.000 RAD/S

 FTOTH(X-Z) =    0.14811E+00    0.16099E+00   -0.14734E+02
 TTOTH(X-Z) =   -0.37423E+01   -0.25634E+00    0.13084E+01

     U(X-Z) =     0.000     0.000     0.000 A/SEC
  OMGA(X-Z) =     1.000     0.000     0.000 RAD/S

 FTOTH(X-Z) =   -0.24189E+01    0.31769E+01   -0.36524E+01
 TTOTH(X-Z) =   -0.78791E+04   -0.11084E+04    0.18427E+02

     U(X-Z) =     0.000     0.000     0.000 A/SEC
  OMGA(X-Z) =     0.000     1.000     0.000 RAD/S

 FTOTH(X-Z) =   -0.45081E+01    0.11424E+01   -0.25612E+00
 TTOTH(X-Z) =   -0.11076E+04   -0.70381E+04    0.26589E+03

     U(X-Z) =     0.000     0.000     0.000 A/SEC
  OMGA(X-Z) =     0.000     0.000     1.000 RAD/S

 FTOTH(X-Z) =    0.76675E+00    0.46790E+01    0.13271E+01
 TTOTH(X-Z) =    0.19464E+02    0.26395E+03   -0.83488E+04

 I,J,Ktt,Ktr,Krt,Krr=    1    1  0.1470E+02  0.2412E+01  0.2419E+01  0.7879E+04
 I,J,Ktt,Ktr,Krt,Krr=    1    2  0.5533E+00 -0.3235E+01  0.4508E+01  0.1108E+04
 I,J,Ktt,Ktr,Krt,Krr=    1    3 -0.1481E+00  0.3742E+01 -0.7667E+00 -0.1946E+02
 I,J,Ktt,Ktr,Krt,Krr=    2    1  0.5532E+00  0.4580E+01 -0.3177E+01  0.1108E+04
 I,J,Ktt,Ktr,Krt,Krr=    2    2  0.1417E+02 -0.1155E+01 -0.1142E+01  0.7038E+04
 I,J,Ktt,Ktr,Krt,Krr=    2    3 -0.1610E+00  0.2563E+00 -0.4679E+01 -0.2639E+03
 I,J,Ktt,Ktr,Krt,Krr=    3    1 -0.1482E+00 -0.8492E+00  0.3652E+01 -0.1843E+02
 I,J,Ktt,Ktr,Krt,Krr=    3    2 -0.1608E+00 -0.4727E+01  0.2561E+00 -0.2659E+03
 I,J,Ktt,Ktr,Krt,Krr=    3    3  0.1473E+02 -0.1308E+01 -0.1327E+01  0.8349E+04
  
  Friction Tensors in Center of Resistance
  
  Ktt Tensor (A)
    0.14696E+02    0.55332E+00   -0.14811E+00
    0.55319E+00    0.14167E+02   -0.16099E+00
   -0.14822E+00   -0.16079E+00    0.14734E+02
  
  Symmetric Krt Tensor (A^2)
    0.24154E+01    0.45442E+01   -0.80798E+00
   -0.32059E+01   -0.11488E+01   -0.47031E+01
    0.36974E+01    0.25623E+00   -0.13177E+01
  
  Krr Tensor (A^3)
    0.78791E+04    0.11076E+04   -0.19464E+02
    0.11084E+04    0.70381E+04   -0.26395E+03
   -0.18427E+02   -0.26589E+03    0.83488E+04
  
 Raw Dtt tensor (no rot/trans coupling correction)
    0.68150E-01   -0.26543E-02    0.65606E-03
   -0.26537E-02    0.70700E-01    0.74583E-03
    0.65665E-03    0.74486E-03    0.67886E-01
  
 Raw Drr tensor (no rot/trans coupling correction)
    0.12979E-03   -0.20438E-04   -0.34356E-06
   -0.20454E-04    0.14547E-03    0.45515E-05
   -0.36496E-06    0.45880E-05    0.11992E-03
  
 Raw Dtt tensor, before CD transformation
    0.68150E-01   -0.26543E-02    0.66293E-03
   -0.26537E-02    0.70700E-01    0.74906E-03
    0.65680E-03    0.74503E-03    0.67902E-01
  
 Program finished at:                
 Elapsed time CPU_TIME:   25.080000000000002     
