 BEST ver.3.90 SFSU/ARAGON
  
 control gtensor value=   1.0000000000000000     
 true area (A^2)=    5930.2650000000003     
 total area (A^2) =    5628.5039559971965     
 centroid coords =    16.408799651567918        36.426813443670135        39.470661004645748     
  
 first few rows of gr matrix
   7.9662161453678024       0.35342118301209136      -0.37283154488558234        3.8056264149364227       0.17149392187656670     
  0.35342118301209158        7.3221820881588506        1.2518615754723204       0.17149392187656670        3.1029871323853873     
 -0.37283154488558223        1.2518615754723212        6.3916620517517924      -0.92061825868942671        9.3530247755595292E-002
   2.4906110529973224       0.25131223598203523      -0.61621719517328599        7.8117043711128735        1.6282446239672881     
  0.25131223598203523        2.1164581759514536      -0.13985562705891808        1.6282446239672885        8.9094960902713254     
 -0.61621719517328599      -0.13985562705891808        2.8807986674187749       -8.2370672762400288E-002 -0.15876013553814680     
   1.2205059639457310       0.31159281299434477      -0.25943978810644019        2.7388842352289746       0.71906469768076819     
  0.31159281299434477        1.3094199772070167      -0.29162521409756564       0.71906469768076819        4.0799626653201537     
 -0.25943978810644019      -0.29162521409756564        1.2071395946174335       -8.5444474926126501E-002 -0.12082906007721964     
 first few columns of gr matrix
   7.9662161453678024       0.35342118301209158      -0.37283154488558223        2.4906110529973224       0.25131223598203523     
  0.35342118301209136        7.3221820881588506        1.2518615754723212       0.25131223598203523        2.1164581759514536     
 -0.37283154488558234        1.2518615754723204        6.3916620517517924      -0.61621719517328599      -0.13985562705891808     
   3.8056264149364227       0.17149392187656670      -0.92061825868942671        7.8117043711128735        1.6282446239672885     
  0.17149392187656670        3.1029871323853873        9.3530247755595292E-002   1.6282446239672881        8.9094960902713254     
 -0.92061825868942671        9.3530247755595292E-002   4.0299761265903697       -8.2370672762400510E-002 -0.15876013553814725     
   1.6142865045511310       0.42876177659443565      -0.30708828640794084        2.1735103836118217       0.63174365313625147     
  0.42876177659443565        1.5594002127851991      -0.29312352080550391       0.63174365313625147        3.0282748808247977     
 -0.30708828640794084      -0.29312352080550391        1.4098768332747238       -6.3935468371156046E-002 -0.12248763240743367     
  
 about to enter dgetrf
 Just out of dgetrf:                 
  
  **** TRANSLATION/ROTATION FLOWS ****
     U(X-Z) =     1.000     0.000     0.000 A/SEC
  OMGA(X-Z) =     0.000     0.000     0.000 RAD/S

 FTOTH(X-Z) =   -0.14723E+02   -0.55470E+00    0.14876E+00
 TTOTH(X-Z) =   -0.23071E+01   -0.57716E+01   -0.33068E+01

     U(X-Z) =     0.000     1.000     0.000 A/SEC
  OMGA(X-Z) =     0.000     0.000     0.000 RAD/S

 FTOTH(X-Z) =   -0.55468E+00   -0.14200E+02    0.16190E+00
 TTOTH(X-Z) =    0.43701E+01    0.10943E+01    0.46568E+01

     U(X-Z) =     0.000     0.000     1.000 A/SEC
  OMGA(X-Z) =     0.000     0.000     0.000 RAD/S

 FTOTH(X-Z) =    0.14883E+00    0.16184E+00   -0.14763E+02
 TTOTH(X-Z) =    0.32028E+00   -0.40522E+00    0.12837E+01

     U(X-Z) =     0.000     0.000     0.000 A/SEC
  OMGA(X-Z) =     1.000     0.000     0.000 RAD/S

 FTOTH(X-Z) =   -0.23258E+01    0.43923E+01    0.32605E+00
 TTOTH(X-Z) =   -0.79118E+04   -0.11136E+04    0.22419E+02

     U(X-Z) =     0.000     0.000     0.000 A/SEC
  OMGA(X-Z) =     0.000     1.000     0.000 RAD/S

 FTOTH(X-Z) =   -0.57432E+01    0.11125E+01   -0.45219E+00
 TTOTH(X-Z) =   -0.11149E+04   -0.70958E+04    0.26538E+03

     U(X-Z) =     0.000     0.000     0.000 A/SEC
  OMGA(X-Z) =     0.000     0.000     1.000 RAD/S

 FTOTH(X-Z) =   -0.32635E+01    0.47080E+01    0.12755E+01
 TTOTH(X-Z) =    0.23145E+02    0.26505E+03   -0.83965E+04

 I,J,Ktt,Ktr,Krt,Krr=    1    1  0.1472E+02  0.2307E+01  0.2326E+01  0.7912E+04
 I,J,Ktt,Ktr,Krt,Krr=    1    2  0.5547E+00 -0.4370E+01  0.5743E+01  0.1115E+04
 I,J,Ktt,Ktr,Krt,Krr=    1    3 -0.1488E+00 -0.3203E+00  0.3263E+01 -0.2315E+02
 I,J,Ktt,Ktr,Krt,Krr=    2    1  0.5547E+00  0.5772E+01 -0.4392E+01  0.1114E+04
 I,J,Ktt,Ktr,Krt,Krr=    2    2  0.1420E+02 -0.1094E+01 -0.1113E+01  0.7096E+04
 I,J,Ktt,Ktr,Krt,Krr=    2    3 -0.1618E+00  0.4052E+00 -0.4708E+01 -0.2650E+03
 I,J,Ktt,Ktr,Krt,Krr=    3    1 -0.1488E+00  0.3307E+01 -0.3260E+00 -0.2242E+02
 I,J,Ktt,Ktr,Krt,Krr=    3    2 -0.1619E+00 -0.4657E+01  0.4522E+00 -0.2654E+03
 I,J,Ktt,Ktr,Krt,Krr=    3    3  0.1476E+02 -0.1284E+01 -0.1276E+01  0.8396E+04
  
  Friction Tensors in Center of Resistance
  
  Ktt Tensor (A)
    0.14723E+02    0.55468E+00   -0.14883E+00
    0.55470E+00    0.14200E+02   -0.16184E+00
   -0.14876E+00   -0.16190E+00    0.14763E+02
  
  Symmetric Krt Tensor (A^2)
    0.23165E+01    0.57574E+01    0.32851E+01
   -0.43812E+01   -0.11034E+01   -0.46824E+01
   -0.32316E+00    0.42870E+00   -0.12796E+01
  
  Krr Tensor (A^3)
    0.79118E+04    0.11149E+04   -0.23145E+02
    0.11136E+04    0.70958E+04   -0.26505E+03
   -0.22419E+02   -0.26538E+03    0.83965E+04
  
 Raw Dtt tensor (no rot/trans coupling correction)
    0.68030E-01   -0.26499E-02    0.65676E-03
   -0.26500E-02    0.70535E-01    0.74653E-03
    0.65642E-03    0.74680E-03    0.67751E-01
  
 Raw Drr tensor (no rot/trans coupling correction)
    0.12925E-03   -0.20319E-04   -0.28511E-06
   -0.20297E-04    0.14429E-03    0.44987E-05
   -0.29638E-06    0.45060E-05    0.11924E-03
  
 Raw Dtt tensor, before CD transformation
    0.68030E-01   -0.26497E-02    0.67726E-03
   -0.26498E-02    0.70535E-01    0.76390E-03
    0.65666E-03    0.74708E-03    0.67776E-01
  
 Program finished at:                
 Elapsed time CPU_TIME:   48.544000000000004     
