 BEST ver.3.90 SFSU/ARAGON
  
 control gtensor value=   1.0000000000000000     
 true area (A^2)=    5930.2650000000003     
 total area (A^2) =    5667.7429361700179     
 centroid coords =    16.332605959528557        36.393769957749619        39.737947854124933     
  
 first few rows of gr matrix
   7.9385923534179481       0.35219565346932646      -0.37153870762880647        3.7792792603243321       0.17030663327225656     
  0.35219565346932624        7.2967915600924140        1.2475205981400683       0.17030663327225656        3.0815044977748509     
 -0.37153870762880636        1.2475205981400683        6.3694982114153689      -0.91424462424511954        9.2882718116623894E-002
   2.4733680271883904       0.24957234834846689      -0.61195099351667115        7.7846163669232231        1.6225984941215539     
  0.24957234834846689        2.1018054894520755      -0.13888737704493093        1.6225984941215530        8.8786013641071602     
 -0.61195099351667115      -0.13888737704493093        2.8608542904303014       -8.2085042761200808E-002 -0.15820961608524634     
   1.2120561436452288       0.30943559020764222      -0.25764363171469867        2.7199223617967920       0.71408646106470575     
  0.30943559020764222        1.3003545864329176      -0.28960623121094914       0.71408646106470575        4.0517162229650019     
 -0.25764363171469867      -0.28960623121094914        1.1987823125119348       -8.4852924798454507E-002 -0.11999253500082396     
 first few columns of gr matrix
   7.9385923534179481       0.35219565346932624      -0.37153870762880636        2.4733680271883904       0.24957234834846689     
  0.35219565346932646        7.2967915600924140        1.2475205981400683       0.24957234834846689        2.1018054894520755     
 -0.37153870762880647        1.2475205981400683        6.3694982114153689      -0.61195099351667115      -0.13888737704493093     
   3.7792792603243321       0.17030663327225656      -0.91424462424511954        7.7846163669232231        1.6225984941215530     
  0.17030663327225656        3.0815044977748509        9.2882718116623894E-002   1.6225984941215539        8.8786013641071602     
 -0.91424462424511954        9.2882718116623894E-002   4.0020757515894037       -8.2085042761201016E-002 -0.15820961608524678     
   1.6031104584850513       0.42579336835148501      -0.30496224940919692        2.1584627126414802       0.62736995853526278     
  0.42579336835148501        1.5486041560973636      -0.29109416482542355       0.62736995853526278        3.0073094948952037     
 -0.30496224940919692      -0.29109416482542355        1.4001159584908773       -6.3492829634006279E-002 -0.12163962468485708     
  
 about to enter dgetrf
 Just out of dgetrf:                 
  
  **** TRANSLATION/ROTATION FLOWS ****
     U(X-Z) =     1.000     0.000     0.000 A/SEC
  OMGA(X-Z) =     0.000     0.000     0.000 RAD/S

 FTOTH(X-Z) =   -0.14756E+02   -0.55246E+00    0.15137E+00
 TTOTH(X-Z) =   -0.24600E+01   -0.22096E+01   -0.26488E+01

     U(X-Z) =     0.000     1.000     0.000 A/SEC
  OMGA(X-Z) =     0.000     0.000     0.000 RAD/S

 FTOTH(X-Z) =   -0.55245E+00   -0.14238E+02    0.16015E+00
 TTOTH(X-Z) =    0.10202E+01    0.11995E+01    0.35209E+01

     U(X-Z) =     0.000     0.000     1.000 A/SEC
  OMGA(X-Z) =     0.000     0.000     0.000 RAD/S

 FTOTH(X-Z) =    0.15139E+00    0.16015E+00   -0.14806E+02
 TTOTH(X-Z) =   -0.16901E+00    0.80961E+00    0.13251E+01

     U(X-Z) =     0.000     0.000     0.000 A/SEC
  OMGA(X-Z) =     1.000     0.000     0.000 RAD/S

 FTOTH(X-Z) =   -0.24642E+01    0.10177E+01   -0.17815E+00
 TTOTH(X-Z) =   -0.79713E+04   -0.11162E+04    0.28733E+02

     U(X-Z) =     0.000     0.000     0.000 A/SEC
  OMGA(X-Z) =     0.000     1.000     0.000 RAD/S

 FTOTH(X-Z) =   -0.22318E+01    0.11951E+01    0.82519E+00
 TTOTH(X-Z) =   -0.11156E+04   -0.71452E+04    0.26842E+03

     U(X-Z) =     0.000     0.000     0.000 A/SEC
  OMGA(X-Z) =     0.000     0.000     1.000 RAD/S

 FTOTH(X-Z) =   -0.26209E+01    0.34982E+01    0.13368E+01
 TTOTH(X-Z) =    0.31315E+02    0.26731E+03   -0.84582E+04

 I,J,Ktt,Ktr,Krt,Krr=    1    1  0.1476E+02  0.2460E+01  0.2464E+01  0.7971E+04
 I,J,Ktt,Ktr,Krt,Krr=    1    2  0.5525E+00 -0.1020E+01  0.2232E+01  0.1116E+04
 I,J,Ktt,Ktr,Krt,Krr=    1    3 -0.1514E+00  0.1690E+00  0.2621E+01 -0.3131E+02
 I,J,Ktt,Ktr,Krt,Krr=    2    1  0.5525E+00  0.2210E+01 -0.1018E+01  0.1116E+04
 I,J,Ktt,Ktr,Krt,Krr=    2    2  0.1424E+02 -0.1199E+01 -0.1195E+01  0.7145E+04
 I,J,Ktt,Ktr,Krt,Krr=    2    3 -0.1601E+00 -0.8096E+00 -0.3498E+01 -0.2673E+03
 I,J,Ktt,Ktr,Krt,Krr=    3    1 -0.1514E+00  0.2649E+01  0.1781E+00 -0.2873E+02
 I,J,Ktt,Ktr,Krt,Krr=    3    2 -0.1602E+00 -0.3521E+01 -0.8252E+00 -0.2684E+03
 I,J,Ktt,Ktr,Krt,Krr=    3    3  0.1481E+02 -0.1325E+01 -0.1337E+01  0.8458E+04
  
  Friction Tensors in Center of Resistance
  
  Ktt Tensor (A)
    0.14756E+02    0.55245E+00   -0.15139E+00
    0.55246E+00    0.14238E+02   -0.16015E+00
   -0.15137E+00   -0.16015E+00    0.14806E+02
  
  Symmetric Krt Tensor (A^2)
    0.24621E+01    0.22207E+01    0.26349E+01
   -0.10189E+01   -0.11973E+01   -0.35095E+01
    0.17358E+00   -0.81740E+00   -0.13309E+01
  
  Krr Tensor (A^3)
    0.79713E+04    0.11156E+04   -0.31315E+02
    0.11162E+04    0.71452E+04   -0.26731E+03
   -0.28733E+02   -0.26842E+03    0.84582E+04
  
 Raw Dtt tensor (no rot/trans coupling correction)
    0.67874E-01   -0.26262E-02    0.66560E-03
   -0.26262E-02    0.70345E-01    0.73403E-03
    0.66551E-03    0.73406E-03    0.67554E-01
  
 Raw Drr tensor (no rot/trans coupling correction)
    0.12825E-03   -0.20031E-04   -0.15821E-06
   -0.20043E-04    0.14325E-03    0.44530E-05
   -0.20037E-06    0.44780E-05    0.11837E-03
  
 Raw Dtt tensor, before CD transformation
    0.67874E-01   -0.26261E-02    0.67254E-03
   -0.26261E-02    0.70345E-01    0.74210E-03
    0.66565E-03    0.73422E-03    0.67569E-01
  
 Program finished at:                
 Elapsed time CPU_TIME:   92.420000000000002     
