 BEST ver.3.90 SFSU/ARAGON
  
 control gtensor value=   1.0000000000000000     
 true area (A^2)=    4185.4189999999999     
 total area (A^2) =    4003.2023992084287     
 centroid coords =   -2.9800606060604796E-002  0.22727090909090952      -0.25501712121212117     
  
 first few rows of gr matrix
   5.5915550291764466        4.5995921158208455E-002   5.2099402856037133E-002   1.8937933580434219       0.24849184760569260     
   4.5995921158208442E-002   4.7792867065847604      -0.83952806113798495       0.24849184760569260        1.4316923265179087     
   5.2099402856037091E-002 -0.83952806113798495        4.3093999699477470      -0.43348581878645970      -0.21138333990841288     
   1.1882573267378649       0.14891549007183674      -0.29932974694893399        6.1321339791582030       -1.1308862179930590     
  0.14891549007183674       0.80468527068360363      -0.11558386271951156       -1.1308862179930588        7.1649237197034061     
 -0.29932974694893399      -0.11558386271951156       0.97902761408826133      -0.69486531187153466      -0.44427934711464934     
  0.57695340277682616       0.10561978329501706      -0.15532997905536419        2.3028403466205676      -0.17823020754351387     
  0.10561978329501706       0.56533435005576149      -0.15726862326125057      -0.17823020754351387        2.7521888553815912     
 -0.15532997905536419      -0.15726862326125057       0.69043838409151126      -0.23286488796626864      -0.51636154588753735     
 first few columns of gr matrix
   5.5915550291764466        4.5995921158208442E-002   5.2099402856037091E-002   1.1882573267378649       0.14891549007183674     
   4.5995921158208455E-002   4.7792867065847604      -0.83952806113798495       0.14891549007183674       0.80468527068360363     
   5.2099402856037133E-002 -0.83952806113798495        4.3093999699477470      -0.29932974694893399      -0.11558386271951156     
   1.8937933580434219       0.24849184760569260      -0.43348581878645970        6.1321339791582030       -1.1308862179930588     
  0.24849184760569260        1.4316923265179087      -0.21138333990841288       -1.1308862179930590        7.1649237197034061     
 -0.43348581878645970      -0.21138333990841288        1.5291594128361665      -0.69486531187153422      -0.44427934711464934     
  0.85861457638852101       0.11722859864482565      -0.24231321364887728        1.6549279449177459      -0.10516825070941975     
  0.11722859864482565       0.74915462741233996      -0.15863193733217215      -0.10516825070941975        1.8837300526019196     
 -0.24231321364887728      -0.15863193733217215       0.90489287527500650      -0.23421382683786524      -0.32047878764033266     
  
 about to enter dgetrf
 Just out of dgetrf:                 
  
  **** TRANSLATION/ROTATION FLOWS ****
     U(X-Z) =     1.000     0.000     0.000 A/SEC
  OMGA(X-Z) =     0.000     0.000     0.000 RAD/S

 FTOTH(X-Z) =   -0.12652E+02   -0.43156E-01   -0.20362E+00
 TTOTH(X-Z) =    0.33988E+00    0.34828E+01    0.11101E+01

     U(X-Z) =     0.000     1.000     0.000 A/SEC
  OMGA(X-Z) =     0.000     0.000     0.000 RAD/S

 FTOTH(X-Z) =   -0.43222E-01   -0.12874E+02   -0.36391E+00
 TTOTH(X-Z) =   -0.14938E+01    0.61450E+00    0.19565E+01

     U(X-Z) =     0.000     0.000     1.000 A/SEC
  OMGA(X-Z) =     0.000     0.000     0.000 RAD/S

 FTOTH(X-Z) =   -0.20369E+00   -0.36400E+00   -0.12502E+02
 TTOTH(X-Z) =    0.30600E+00   -0.29417E+01   -0.98588E+00

     U(X-Z) =     0.000     0.000     0.000 A/SEC
  OMGA(X-Z) =     1.000     0.000     0.000 RAD/S

 FTOTH(X-Z) =    0.32393E+00   -0.15129E+01    0.30337E+00
 TTOTH(X-Z) =   -0.51122E+04    0.40399E+02   -0.33187E+03

     U(X-Z) =     0.000     0.000     0.000 A/SEC
  OMGA(X-Z) =     0.000     1.000     0.000 RAD/S

 FTOTH(X-Z) =    0.35162E+01    0.60107E+00   -0.29545E+01
 TTOTH(X-Z) =    0.40222E+02   -0.52767E+04   -0.53131E+03

     U(X-Z) =     0.000     0.000     0.000 A/SEC
  OMGA(X-Z) =     0.000     0.000     1.000 RAD/S

 FTOTH(X-Z) =    0.11061E+01    0.19624E+01   -0.96212E+00
 TTOTH(X-Z) =   -0.33276E+03   -0.53123E+03   -0.48172E+04

 I,J,Ktt,Ktr,Krt,Krr=    1    1  0.1265E+02 -0.3399E+00 -0.3239E+00  0.5112E+04
 I,J,Ktt,Ktr,Krt,Krr=    1    2  0.4322E-01  0.1494E+01 -0.3516E+01 -0.4022E+02
 I,J,Ktt,Ktr,Krt,Krr=    1    3  0.2037E+00 -0.3060E+00 -0.1106E+01  0.3328E+03
 I,J,Ktt,Ktr,Krt,Krr=    2    1  0.4316E-01 -0.3483E+01  0.1513E+01 -0.4040E+02
 I,J,Ktt,Ktr,Krt,Krr=    2    2  0.1287E+02 -0.6145E+00 -0.6011E+00  0.5277E+04
 I,J,Ktt,Ktr,Krt,Krr=    2    3  0.3640E+00  0.2942E+01 -0.1962E+01  0.5312E+03
 I,J,Ktt,Ktr,Krt,Krr=    3    1  0.2036E+00 -0.1110E+01 -0.3034E+00  0.3319E+03
 I,J,Ktt,Ktr,Krt,Krr=    3    2  0.3639E+00 -0.1957E+01  0.2954E+01  0.5313E+03
 I,J,Ktt,Ktr,Krt,Krr=    3    3  0.1250E+02  0.9859E+00  0.9621E+00  0.4817E+04
  
  Friction Tensors in Center of Resistance
  
  Ktt Tensor (A)
    0.12652E+02    0.43222E-01    0.20369E+00
    0.43156E-01    0.12874E+02    0.36400E+00
    0.20362E+00    0.36391E+00    0.12502E+02
  
  Symmetric Krt Tensor (A^2)
   -0.33190E+00   -0.34995E+01   -0.11081E+01
    0.15033E+01   -0.60779E+00   -0.19594E+01
   -0.30468E+00    0.29481E+01    0.97400E+00
  
  Krr Tensor (A^3)
    0.51122E+04   -0.40222E+02    0.33276E+03
   -0.40399E+02    0.52767E+04    0.53123E+03
    0.33187E+03    0.53131E+03    0.48172E+04
  
 Raw Dtt tensor (no rot/trans coupling correction)
    0.79062E-01   -0.22921E-03   -0.12815E-02
   -0.22881E-03    0.77740E-01   -0.22598E-02
   -0.12811E-02   -0.22592E-02    0.80075E-01
  
 Raw Drr tensor (no rot/trans coupling correction)
    0.19653E-03    0.28972E-05   -0.13896E-04
    0.28999E-05    0.19168E-03   -0.21338E-04
   -0.13859E-04   -0.21341E-04    0.21090E-03
  
 Raw Dtt tensor, before CD transformation
    0.79062E-01   -0.22910E-03   -0.12854E-02
   -0.22899E-03    0.77740E-01   -0.22485E-02
   -0.12812E-02   -0.22594E-02    0.80083E-01
  
 Program finished at:                
 Elapsed time CPU_TIME:   63.235999999999997     
