 BEST ver.3.90 SFSU/ARAGON
  
 control gtensor value=   1.0000000000000000     
 true area (A^2)=    4185.4189999999999     
 total area (A^2) =    4011.6673307813594     
 centroid coords =    8.9510527755002067E-003  0.17818744872846656      -0.41999083948591764     
  
 first few rows of gr matrix
   5.5856526048470112        4.5947368037890041E-002   5.2044406923534861E-002   1.8897973060612194       0.24796751038802939     
   4.5947368037890041E-002   4.7742417096228991      -0.83864185849356065       0.24796751038802939        1.4286713438246350     
   5.2044406923534861E-002 -0.83864185849356021        4.3048509836469488      -0.43257112983264073      -0.21093730454195761     
   1.1857500109181565       0.14860126675029273      -0.29869813779076088        6.1256609217348039       -1.1296924587808048     
  0.14860126675029273       0.80298732187767508      -0.11533997173649098       -1.1296924587808048        7.1573604533381339     
 -0.29869813779076088      -0.11533997173649098       0.97696178931319122      -0.69413181467780771      -0.44381036751706260     
  0.57573598600903941       0.10539691729825804      -0.15500222066078359        2.2979811735262192      -0.17785412787718710     
  0.10539691729825804       0.56414145039722507      -0.15693677417589375      -0.17785412787718710        2.7463815218178551     
 -0.15500222066078359      -0.15693677417589375       0.68898150514449186      -0.23237352485468088      -0.51527198267287611     
 first few columns of gr matrix
   5.5856526048470112        4.5947368037890041E-002   5.2044406923534861E-002   1.1857500109181565       0.14860126675029273     
   4.5947368037890041E-002   4.7742417096228991      -0.83864185849356021       0.14860126675029273       0.80298732187767508     
   5.2044406923534861E-002 -0.83864185849356065        4.3048509836469488      -0.29869813779076088      -0.11533997173649098     
   1.8897973060612194       0.24796751038802939      -0.43257112983264073        6.1256609217348039       -1.1296924587808048     
  0.24796751038802939        1.4286713438246350      -0.21093730454195761       -1.1296924587808048        7.1573604533381339     
 -0.43257112983264073      -0.21093730454195761        1.5259327669738747      -0.69413181467780771      -0.44381036751706260     
  0.85680283253307121       0.11698123714046943      -0.24180191383171246        1.6514359176241575      -0.10494633748169344     
  0.11698123714046943       0.74757385260333886      -0.15829721154758503      -0.10494633748169344        1.8797552349806117     
 -0.24180191383171246      -0.15829721154758503       0.90298348059233602      -0.23371961735982516      -0.31980255235353749     
  
 about to enter dgetrf
 Just out of dgetrf:                 
  
  **** TRANSLATION/ROTATION FLOWS ****
     U(X-Z) =     1.000     0.000     0.000 A/SEC
  OMGA(X-Z) =     0.000     0.000     0.000 RAD/S

 FTOTH(X-Z) =   -0.12660E+02   -0.45174E-01   -0.20432E+00
 TTOTH(X-Z) =    0.32002E+00    0.15706E+01    0.18621E+01

     U(X-Z) =     0.000     1.000     0.000 A/SEC
  OMGA(X-Z) =     0.000     0.000     0.000 RAD/S

 FTOTH(X-Z) =   -0.45152E-01   -0.12887E+02   -0.36258E+00
 TTOTH(X-Z) =    0.38581E+00    0.61459E+00    0.25259E+01

     U(X-Z) =     0.000     0.000     1.000 A/SEC
  OMGA(X-Z) =     0.000     0.000     0.000 RAD/S

 FTOTH(X-Z) =   -0.20438E+00   -0.36263E+00   -0.12512E+02
 TTOTH(X-Z) =   -0.34269E+00   -0.34876E+01   -0.96665E+00

     U(X-Z) =     0.000     0.000     0.000 A/SEC
  OMGA(X-Z) =     1.000     0.000     0.000 RAD/S

 FTOTH(X-Z) =    0.29578E+00    0.38881E+00   -0.32256E+00
 TTOTH(X-Z) =   -0.51233E+04    0.40230E+02   -0.33377E+03

     U(X-Z) =     0.000     0.000     0.000 A/SEC
  OMGA(X-Z) =     0.000     1.000     0.000 RAD/S

 FTOTH(X-Z) =    0.15624E+01    0.61050E+00   -0.35051E+01
 TTOTH(X-Z) =    0.39186E+02   -0.52902E+04   -0.52865E+03

     U(X-Z) =     0.000     0.000     0.000 A/SEC
  OMGA(X-Z) =     0.000     0.000     1.000 RAD/S

 FTOTH(X-Z) =    0.18235E+01    0.25380E+01   -0.94933E+00
 TTOTH(X-Z) =   -0.33467E+03   -0.52735E+03   -0.48301E+04

 I,J,Ktt,Ktr,Krt,Krr=    1    1  0.1266E+02 -0.3200E+00 -0.2958E+00  0.5123E+04
 I,J,Ktt,Ktr,Krt,Krr=    1    2  0.4515E-01 -0.3858E+00 -0.1562E+01 -0.3919E+02
 I,J,Ktt,Ktr,Krt,Krr=    1    3  0.2044E+00  0.3427E+00 -0.1823E+01  0.3347E+03
 I,J,Ktt,Ktr,Krt,Krr=    2    1  0.4517E-01 -0.1571E+01 -0.3888E+00 -0.4023E+02
 I,J,Ktt,Ktr,Krt,Krr=    2    2  0.1289E+02 -0.6146E+00 -0.6105E+00  0.5290E+04
 I,J,Ktt,Ktr,Krt,Krr=    2    3  0.3626E+00  0.3488E+01 -0.2538E+01  0.5273E+03
 I,J,Ktt,Ktr,Krt,Krr=    3    1  0.2043E+00 -0.1862E+01  0.3226E+00  0.3338E+03
 I,J,Ktt,Ktr,Krt,Krr=    3    2  0.3626E+00 -0.2526E+01  0.3505E+01  0.5287E+03
 I,J,Ktt,Ktr,Krt,Krr=    3    3  0.1251E+02  0.9667E+00  0.9493E+00  0.4830E+04
  
  Friction Tensors in Center of Resistance
  
  Ktt Tensor (A)
    0.12660E+02    0.45152E-01    0.20438E+00
    0.45174E-01    0.12887E+02    0.36263E+00
    0.20432E+00    0.36258E+00    0.12512E+02
  
  Symmetric Krt Tensor (A^2)
   -0.30790E+00   -0.15665E+01   -0.18428E+01
   -0.38731E+00   -0.61255E+00   -0.25319E+01
    0.33262E+00    0.34963E+01    0.95799E+00
  
  Krr Tensor (A^3)
    0.51233E+04   -0.39186E+02    0.33467E+03
   -0.40230E+02    0.52902E+04    0.52735E+03
    0.33377E+03    0.52865E+03    0.48301E+04
  
 Raw Dtt tensor (no rot/trans coupling correction)
    0.79011E-01   -0.24071E-03   -0.12836E-02
   -0.24085E-03    0.77661E-01   -0.22470E-02
   -0.12833E-02   -0.22467E-02    0.80011E-01
  
 Raw Drr tensor (no rot/trans coupling correction)
    0.19611E-03    0.28416E-05   -0.13899E-04
    0.28737E-05    0.19116E-03   -0.21069E-04
   -0.13866E-04   -0.21118E-04    0.21030E-03
  
 Raw Dtt tensor, before CD transformation
    0.79011E-01   -0.24078E-03   -0.12813E-02
   -0.24103E-03    0.77661E-01   -0.22356E-02
   -0.12835E-02   -0.22471E-02    0.80025E-01
  
 Program finished at:                
 Elapsed time CPU_TIME:   106.80000000000000     
