 BEST ver.3.90 SFSU/ARAGON
  
 control gtensor value=   1.0000000000000000     
 true area (A^2)=    4185.4189999999999     
 total area (A^2) =    4015.3950359303544     
 centroid coords =   -1.2367863375716270E-002  0.18821490900024906      -0.50644353029169709     
  
 first few rows of gr matrix
   5.5830592733691491        4.5926035390787392E-002   5.2020243516271478E-002   1.3555113374429300       0.26701893338553179     
   4.5926035390787365E-002   4.7720251035816048      -0.83825249014501635       0.26701893338553179        1.1750345263682851     
   5.2020243516271464E-002 -0.83825249014501746        4.3028523084064414      -0.32306415931573285      -0.24114107761104284     
  0.95286278290060500       0.17484717162526639      -0.24547919693791534        5.5434802961389824      -0.90553634894587054     
  0.17484717162526639       0.78508546121483058      -0.17304299218582717      -0.90553634894587098        6.4025863905901277     
 -0.24547919693791534      -0.17304299218582717       0.90667870885472235      -0.68631697451843365      -0.48365262350812033     
  0.55608636678495271       0.10151583918362657      -0.14933819211336180        2.2025596231913647      -0.13450453312291505     
  0.10151583918362657       0.54972525148861906      -0.15436502139982436      -0.13450453312291505        2.4998649688627244     
 -0.14933819211336180      -0.15436502139982436       0.67257190897851316      -0.29850912671968521      -0.42734565148073245     
 first few columns of gr matrix
   5.5830592733691491        4.5926035390787365E-002   5.2020243516271464E-002  0.95286278290060500       0.17484717162526639     
   4.5926035390787392E-002   4.7720251035816048      -0.83825249014501746       0.17484717162526639       0.78508546121483058     
   5.2020243516271478E-002 -0.83825249014501635        4.3028523084064414      -0.24547919693791534      -0.17304299218582717     
   1.3555113374429300       0.26701893338553179      -0.32306415931573285        5.5434802961389824      -0.90553634894587098     
  0.26701893338553179        1.1750345263682851      -0.24114107761104284      -0.90553634894587054        6.4025863905901277     
 -0.32306415931573285      -0.24114107761104284        1.2200721995747899      -0.68631697451843365      -0.48365262350812077     
  0.43953335124290466        8.1411883109774222E-002 -0.12049076859568932        1.0559633199200915       -3.4416297267116244E-002
   8.1411883109774222E-002  0.43793998376393473      -0.11602135444502476       -3.4416297267116244E-002   1.2458124181645251     
 -0.12049076859568932      -0.11602135444502476       0.50892734933300465      -0.12471345230017310      -0.28459786712801166     
  
 about to enter dgetrf
 Just out of dgetrf:                 
  
  **** TRANSLATION/ROTATION FLOWS ****
     U(X-Z) =     1.000     0.000     0.000 A/SEC
  OMGA(X-Z) =     0.000     0.000     0.000 RAD/S

 FTOTH(X-Z) =   -0.12665E+02   -0.44790E-01   -0.20305E+00
 TTOTH(X-Z) =    0.33211E+00    0.50492E+00    0.17496E+01

     U(X-Z) =     0.000     1.000     0.000 A/SEC
  OMGA(X-Z) =     0.000     0.000     0.000 RAD/S

 FTOTH(X-Z) =   -0.44833E-01   -0.12895E+02   -0.36235E+00
 TTOTH(X-Z) =    0.14832E+01    0.59849E+00    0.21976E+01

     U(X-Z) =     0.000     0.000     1.000 A/SEC
  OMGA(X-Z) =     0.000     0.000     0.000 RAD/S

 FTOTH(X-Z) =   -0.20312E+00   -0.36241E+00   -0.12519E+02
 TTOTH(X-Z) =   -0.20937E+00   -0.32363E+01   -0.96457E+00

     U(X-Z) =     0.000     0.000     0.000 A/SEC
  OMGA(X-Z) =     1.000     0.000     0.000 RAD/S

 FTOTH(X-Z) =    0.32520E+00    0.14658E+01   -0.19040E+00
 TTOTH(X-Z) =   -0.51294E+04    0.39805E+02   -0.33184E+03

     U(X-Z) =     0.000     0.000     0.000 A/SEC
  OMGA(X-Z) =     0.000     1.000     0.000 RAD/S

 FTOTH(X-Z) =    0.51596E+00    0.58826E+00   -0.32609E+01
 TTOTH(X-Z) =    0.38600E+02   -0.52962E+04   -0.52830E+03

     U(X-Z) =     0.000     0.000     0.000 A/SEC
  OMGA(X-Z) =     0.000     0.000     1.000 RAD/S

 FTOTH(X-Z) =    0.17171E+01    0.22087E+01   -0.95296E+00
 TTOTH(X-Z) =   -0.33364E+03   -0.52707E+03   -0.48358E+04

 I,J,Ktt,Ktr,Krt,Krr=    1    1  0.1266E+02 -0.3321E+00 -0.3252E+00  0.5129E+04
 I,J,Ktt,Ktr,Krt,Krr=    1    2  0.4483E-01 -0.1483E+01 -0.5160E+00 -0.3860E+02
 I,J,Ktt,Ktr,Krt,Krr=    1    3  0.2031E+00  0.2094E+00 -0.1717E+01  0.3336E+03
 I,J,Ktt,Ktr,Krt,Krr=    2    1  0.4479E-01 -0.5049E+00 -0.1466E+01 -0.3981E+02
 I,J,Ktt,Ktr,Krt,Krr=    2    2  0.1289E+02 -0.5985E+00 -0.5883E+00  0.5296E+04
 I,J,Ktt,Ktr,Krt,Krr=    2    3  0.3624E+00  0.3236E+01 -0.2209E+01  0.5271E+03
 I,J,Ktt,Ktr,Krt,Krr=    3    1  0.2030E+00 -0.1750E+01  0.1904E+00  0.3318E+03
 I,J,Ktt,Ktr,Krt,Krr=    3    2  0.3623E+00 -0.2198E+01  0.3261E+01  0.5283E+03
 I,J,Ktt,Ktr,Krt,Krr=    3    3  0.1252E+02  0.9646E+00  0.9530E+00  0.4836E+04
  
  Friction Tensors in Center of Resistance
  
  Ktt Tensor (A)
    0.12665E+02    0.44833E-01    0.20312E+00
    0.44790E-01    0.12895E+02    0.36241E+00
    0.20305E+00    0.36235E+00    0.12519E+02
  
  Symmetric Krt Tensor (A^2)
   -0.32866E+00   -0.51044E+00   -0.17334E+01
   -0.14745E+01   -0.59338E+00   -0.22031E+01
    0.19989E+00    0.32486E+01    0.95876E+00
  
  Krr Tensor (A^3)
    0.51294E+04   -0.38600E+02    0.33364E+03
   -0.39805E+02    0.52962E+04    0.52707E+03
    0.33184E+03    0.52830E+03    0.48358E+04
  
 Raw Dtt tensor (no rot/trans coupling correction)
    0.78980E-01   -0.23878E-03   -0.12745E-02
   -0.23852E-03    0.77614E-01   -0.22430E-02
   -0.12741E-02   -0.22426E-02    0.79964E-01
  
 Raw Drr tensor (no rot/trans coupling correction)
    0.19587E-03    0.28061E-05   -0.13820E-04
    0.28407E-05    0.19093E-03   -0.21006E-04
   -0.13751E-04   -0.21051E-04    0.21004E-03
  
 Raw Dtt tensor, before CD transformation
    0.78980E-01   -0.23892E-03   -0.12695E-02
   -0.23865E-03    0.77614E-01   -0.22351E-02
   -0.12743E-02   -0.22429E-02    0.79976E-01
  
 Program finished at:                
 Elapsed time CPU_TIME:   104.07599999999999     
