 BEST ver.3.90 SFSU/ARAGON
  
 control gtensor value=   1.0000000000000000     
 true area (A^2)=    4185.4189999999999     
 total area (A^2) =    4027.9590599650664     
 centroid coords =  -0.22087251542152112       0.12141409641306826      -0.37965615718528639     
  
 first few rows of gr matrix
   5.5743451237215913        4.5854353123858299E-002   5.1939049288428601E-002  0.79893983905349253       0.16494900763175172     
   4.5854353123858299E-002   4.7645768321521995      -0.83694412903260651       0.16494900763175172        1.0754289320536690     
   5.1939049288428601E-002 -0.83694412903260651        4.2961363311812590      -0.10892792300333512      -0.26021535221644693     
  0.67810788840673486        8.0523131456513838E-002  -5.1670040660470574E-002   5.1721565199307378      -0.10146923007075265     
   8.0523131456513838E-002   1.0232003668082594      -0.26328417567479034      -0.10146923007075265        4.8764524411514776     
  -5.1670040660470574E-002 -0.26328417567479034       0.79948073507503381       -4.0272747412433058E-002 -0.93238513211544194     
  0.94989060996440133       0.17430178771395990      -0.24471349736539219        1.7822093429016623      -0.37446312871031856     
  0.17430178771395990       0.78263661988919242      -0.17250323587735988      -0.37446312871031856        1.5190568799329105     
 -0.24471349736539219      -0.17250323587735988       0.90385059344435192      -0.22708609379006955        3.6294557656333791E-002
 first few columns of gr matrix
   5.5743451237215913        4.5854353123858299E-002   5.1939049288428601E-002  0.67810788840673486        8.0523131456513838E-002
   4.5854353123858299E-002   4.7645768321521995      -0.83694412903260651        8.0523131456513838E-002   1.0232003668082594     
   5.1939049288428601E-002 -0.83694412903260651        4.2961363311812590       -5.1670040660470574E-002 -0.26328417567479034     
  0.79893983905349253       0.16494900763175172      -0.10892792300333512        5.1721565199307378      -0.10146923007075265     
  0.16494900763175172        1.0754289320536690      -0.26021535221644693      -0.10146923007075265        4.8764524411514776     
 -0.10892792300333512      -0.26021535221644693       0.85449181452996714       -4.0272747412432808E-002 -0.93238513211544194     
   1.3512832217224331       0.26618604699149567      -0.32205645645630243        2.9195211534248910      -0.48296504432135023     
  0.26618604699149567        1.1713693545502202      -0.24038890951554942      -0.48296504432135023        2.2975380349751804     
 -0.32205645645630243      -0.24038890951554942        1.2162665460884141      -0.21967882124353108       -7.4564074921572535E-002
  
 about to enter dgetrf
 Just out of dgetrf:                 
  
  **** TRANSLATION/ROTATION FLOWS ****
     U(X-Z) =     1.000     0.000     0.000 A/SEC
  OMGA(X-Z) =     0.000     0.000     0.000 RAD/S

 FTOTH(X-Z) =   -0.12681E+02   -0.44098E-01   -0.20443E+00
 TTOTH(X-Z) =    0.33659E+00    0.19599E+01    0.24286E+01

     U(X-Z) =     0.000     1.000     0.000 A/SEC
  OMGA(X-Z) =     0.000     0.000     0.000 RAD/S

 FTOTH(X-Z) =   -0.44184E-01   -0.12906E+02   -0.36356E+00
 TTOTH(X-Z) =   -0.11177E-01    0.65175E+00   -0.35833E+00

     U(X-Z) =     0.000     0.000     1.000 A/SEC
  OMGA(X-Z) =     0.000     0.000     0.000 RAD/S

 FTOTH(X-Z) =   -0.20454E+00   -0.36362E+00   -0.12534E+02
 TTOTH(X-Z) =   -0.91510E+00   -0.68847E+00   -0.10287E+01

     U(X-Z) =     0.000     0.000     0.000 A/SEC
  OMGA(X-Z) =     1.000     0.000     0.000 RAD/S

 FTOTH(X-Z) =    0.32622E+00   -0.40533E-01   -0.91941E+00
 TTOTH(X-Z) =   -0.51458E+04    0.39978E+02   -0.33328E+03

     U(X-Z) =     0.000     0.000     0.000 A/SEC
  OMGA(X-Z) =     0.000     1.000     0.000 RAD/S

 FTOTH(X-Z) =    0.19621E+01    0.65520E+00   -0.70597E+00
 TTOTH(X-Z) =    0.38522E+02   -0.53092E+04   -0.53217E+03

     U(X-Z) =     0.000     0.000     0.000 A/SEC
  OMGA(X-Z) =     0.000     0.000     1.000 RAD/S

 FTOTH(X-Z) =    0.24001E+01   -0.36586E+00   -0.10222E+01
 TTOTH(X-Z) =   -0.33450E+03   -0.53107E+03   -0.48542E+04

 I,J,Ktt,Ktr,Krt,Krr=    1    1  0.1268E+02 -0.3366E+00 -0.3262E+00  0.5146E+04
 I,J,Ktt,Ktr,Krt,Krr=    1    2  0.4418E-01  0.1118E-01 -0.1962E+01 -0.3852E+02
 I,J,Ktt,Ktr,Krt,Krr=    1    3  0.2045E+00  0.9151E+00 -0.2400E+01  0.3345E+03
 I,J,Ktt,Ktr,Krt,Krr=    2    1  0.4410E-01 -0.1960E+01  0.4053E-01 -0.3998E+02
 I,J,Ktt,Ktr,Krt,Krr=    2    2  0.1291E+02 -0.6518E+00 -0.6552E+00  0.5309E+04
 I,J,Ktt,Ktr,Krt,Krr=    2    3  0.3636E+00  0.6885E+00  0.3659E+00  0.5311E+03
 I,J,Ktt,Ktr,Krt,Krr=    3    1  0.2044E+00 -0.2429E+01  0.9194E+00  0.3333E+03
 I,J,Ktt,Ktr,Krt,Krr=    3    2  0.3636E+00  0.3583E+00  0.7060E+00  0.5322E+03
 I,J,Ktt,Ktr,Krt,Krr=    3    3  0.1253E+02  0.1029E+01  0.1022E+01  0.4854E+04
  
  Friction Tensors in Center of Resistance
  
  Ktt Tensor (A)
    0.12681E+02    0.44184E-01    0.20454E+00
    0.44098E-01    0.12906E+02    0.36362E+00
    0.20443E+00    0.36356E+00    0.12534E+02
  
  Symmetric Krt Tensor (A^2)
   -0.33141E+00   -0.19610E+01   -0.24143E+01
    0.25855E-01   -0.65348E+00    0.36210E+00
    0.91726E+00    0.69722E+00    0.10255E+01
  
  Krr Tensor (A^3)
    0.51458E+04   -0.38522E+02    0.33450E+03
   -0.39978E+02    0.53092E+04    0.53107E+03
    0.33328E+03    0.53217E+03    0.48542E+04
  
 Raw Dtt tensor (no rot/trans coupling correction)
    0.78878E-01   -0.23398E-03   -0.12804E-02
   -0.23347E-03    0.77550E-01   -0.22460E-02
   -0.12797E-02   -0.22456E-02    0.79869E-01
  
 Raw Drr tensor (no rot/trans coupling correction)
    0.19525E-03    0.27959E-05   -0.13760E-04
    0.28422E-05    0.19048E-03   -0.21035E-04
   -0.13717E-04   -0.21074E-04    0.20926E-03
  
 Raw Dtt tensor, before CD transformation
    0.78878E-01   -0.23404E-03   -0.12782E-02
   -0.23357E-03    0.77550E-01   -0.22395E-02
   -0.12799E-02   -0.22458E-02    0.79878E-01
  
 Program finished at:                
 Elapsed time CPU_TIME:   147.69600000000000     
