 BEST ver.3.90 SFSU/ARAGON
  
 control gtensor value=   1.0000000000000000     
 true area (A^2)=    4013.4110000000001     
 total area (A^2) =    3835.5250735552786     
 centroid coords =  -0.25638493073226420      -0.22119663556686453      -0.65304947695787374     
  
 first few rows of gr matrix
   4.3518503979840286       0.29243757049680486       0.60844943068013935       0.26546864137351983       -1.1684051020139018E-002
  0.29243757049680497        6.2003935824507703      -0.20147764696653425       -1.1684051020139018E-002  0.19850482753075235     
  0.60844943068013957      -0.20147764696653425        5.6912064345654834       -9.2359820928923642E-002   1.5564182445216611E-002
  0.33240334156703943       -3.9691186195656650E-003 -0.11599622740110269        5.3370294878979081       0.40715272975358363     
  -3.9691186195656650E-003  0.24504449103085413        4.7993215237897829E-003  0.40715272975358363        5.3502442057015278     
 -0.11599622740110269        4.7993215237897829E-003  0.39341902331041617       0.52693916779838501      -0.69812757444357465     
  0.30567282914639959        1.1374942986206130E-002 -0.10652848732488254        1.4693669916394916       0.24874047957882825     
   1.1374942986206130E-002  0.22914097030410946       -1.5469514911614421E-002  0.24874047957882825        2.0919354045591985     
 -0.10652848732488254       -1.5469514911614421E-002  0.36857636804681482       -8.0992912952496929E-002 -0.44187860195207257     
 first few columns of gr matrix
   4.3518503979840286       0.29243757049680497       0.60844943068013957       0.33240334156703943       -3.9691186195656650E-003
  0.29243757049680486        6.2003935824507703      -0.20147764696653425       -3.9691186195656650E-003  0.24504449103085413     
  0.60844943068013935      -0.20147764696653425        5.6912064345654834      -0.11599622740110269        4.7993215237897829E-003
  0.26546864137351983       -1.1684051020139018E-002  -9.2359820928923642E-002   5.3370294878979081       0.40715272975358363     
  -1.1684051020139018E-002  0.19850482753075235        1.5564182445216611E-002  0.40715272975358363        5.3502442057015278     
  -9.2359820928923642E-002   1.5564182445216611E-002  0.31870235275395609       0.52693916779838457      -0.69812757444357487     
  0.22808872722590465        5.8317245402376124E-003  -7.9938919028279459E-002   1.4105211872383414       0.25507803329417439     
   5.8317245402376124E-003  0.16969274938531070       -8.1226029942252156E-003  0.25507803329417439        1.9963438825342370     
  -7.9938919028279459E-002  -8.1226029942252156E-003  0.27701896742988119       -7.4018634048684917E-002 -0.39831595975519102     
  
 about to enter dgetrf
 Just out of dgetrf:                 
  
  **** TRANSLATION/ROTATION FLOWS ****
     U(X-Z) =     1.000     0.000     0.000 A/SEC
  OMGA(X-Z) =     0.000     0.000     0.000 RAD/S

 FTOTH(X-Z) =   -0.12064E+02    0.10950E-01    0.83280E-01
 TTOTH(X-Z) =    0.60780E+00   -0.10710E+01   -0.13467E+01

     U(X-Z) =     0.000     1.000     0.000 A/SEC
  OMGA(X-Z) =     0.000     0.000     0.000 RAD/S

 FTOTH(X-Z) =    0.10964E-01   -0.12193E+02    0.19312E+00
 TTOTH(X-Z) =    0.16106E+01   -0.67177E+00    0.34820E+00

     U(X-Z) =     0.000     0.000     1.000 A/SEC
  OMGA(X-Z) =     0.000     0.000     0.000 RAD/S

 FTOTH(X-Z) =    0.83366E-01    0.19319E+00   -0.12463E+02
 TTOTH(X-Z) =    0.45848E+00   -0.86011E+00    0.53550E-01

     U(X-Z) =     0.000     0.000     0.000 A/SEC
  OMGA(X-Z) =     1.000     0.000     0.000 RAD/S

 FTOTH(X-Z) =    0.60412E+00    0.16112E+01    0.48725E+00
 TTOTH(X-Z) =   -0.42240E+04   -0.16613E+02    0.67214E+02

     U(X-Z) =     0.000     0.000     0.000 A/SEC
  OMGA(X-Z) =     0.000     1.000     0.000 RAD/S

 FTOTH(X-Z) =   -0.10878E+01   -0.66825E+00   -0.81041E+00
 TTOTH(X-Z) =   -0.15965E+02   -0.45249E+04    0.24365E+03

     U(X-Z) =     0.000     0.000     0.000 A/SEC
  OMGA(X-Z) =     0.000     0.000     1.000 RAD/S

 FTOTH(X-Z) =   -0.13659E+01    0.31259E+00    0.49633E-01
 TTOTH(X-Z) =    0.67252E+02    0.24316E+03   -0.46859E+04

 I,J,Ktt,Ktr,Krt,Krr=    1    1  0.1206E+02 -0.6078E+00 -0.6041E+00  0.4224E+04
 I,J,Ktt,Ktr,Krt,Krr=    1    2 -0.1096E-01 -0.1611E+01  0.1088E+01  0.1597E+02
 I,J,Ktt,Ktr,Krt,Krr=    1    3 -0.8337E-01 -0.4585E+00  0.1366E+01 -0.6725E+02
 I,J,Ktt,Ktr,Krt,Krr=    2    1 -0.1095E-01  0.1071E+01 -0.1611E+01  0.1661E+02
 I,J,Ktt,Ktr,Krt,Krr=    2    2  0.1219E+02  0.6718E+00  0.6682E+00  0.4525E+04
 I,J,Ktt,Ktr,Krt,Krr=    2    3 -0.1932E+00  0.8601E+00 -0.3126E+00 -0.2432E+03
 I,J,Ktt,Ktr,Krt,Krr=    3    1 -0.8328E-01  0.1347E+01 -0.4873E+00 -0.6721E+02
 I,J,Ktt,Ktr,Krt,Krr=    3    2 -0.1931E+00 -0.3482E+00  0.8104E+00 -0.2436E+03
 I,J,Ktt,Ktr,Krt,Krr=    3    3  0.1246E+02 -0.5355E-01 -0.4963E-01  0.4686E+04
  
  Friction Tensors in Center of Resistance
  
  Ktt Tensor (A)
    0.12064E+02   -0.10964E-01   -0.83366E-01
   -0.10950E-01    0.12193E+02   -0.19319E+00
   -0.83280E-01   -0.19312E+00    0.12463E+02
  
  Symmetric Krt Tensor (A^2)
   -0.60596E+00    0.10794E+01    0.13563E+01
   -0.16109E+01    0.67001E+00   -0.33039E+00
   -0.47286E+00    0.83526E+00   -0.51592E-01
  
  Krr Tensor (A^3)
    0.42240E+04    0.15965E+02   -0.67252E+02
    0.16613E+02    0.45249E+04   -0.24316E+03
   -0.67214E+02   -0.24365E+03    0.46859E+04
  
 Raw Dtt tensor (no rot/trans coupling correction)
    0.82896E-01    0.83348E-04    0.55577E-03
    0.83241E-04    0.82037E-01    0.12722E-02
    0.55519E-03    0.12717E-02    0.80258E-01
  
 Raw Drr tensor (no rot/trans coupling correction)
    0.23680E-03   -0.65433E-06    0.33646E-05
   -0.68878E-06    0.22162E-03    0.11491E-04
    0.33608E-05    0.11514E-04    0.21405E-03
  
 Raw Dtt tensor, before CD transformation
    0.82896E-01    0.83341E-04    0.55533E-03
    0.83254E-04    0.82037E-01    0.12741E-02
    0.55521E-03    0.12718E-02    0.80261E-01
  
 Program finished at:                
 Elapsed time CPU_TIME:   73.799999999999997     
