 BEST ver.3.90 SFSU/ARAGON
  
 control gtensor value=   1.0000000000000000     
 true area (A^2)=    4013.4110000000001     
 total area (A^2) =    3840.0551164458161     
 centroid coords =  -0.45739532117367371      -0.31821794871794845      -0.72662252180808740     
  
 first few rows of gr matrix
   4.3492827412874746       0.29226502796488363       0.60809043643347938       0.26515547286550428       -1.1670267558534559E-002
  0.29226502796488363        6.1967352576814658      -0.20135877214728931       -1.1670267558534559E-002  0.19827065501097732     
  0.60809043643347915      -0.20135877214728906        5.6878485378142658       -9.2250865734926996E-002   1.5545821663432229E-002
  0.33201121141562401       -3.9644363228175982E-003 -0.11585938877005887        5.3338805608321564       0.40691250356530395     
  -3.9644363228175982E-003  0.24475541651999494        4.7936598518374942E-003  0.40691250356530384        5.3470874817550129     
 -0.11585938877005887        4.7936598518374942E-003  0.39295491407356797       0.52662826582356037      -0.69771566875343516     
  0.30531223249231138        1.1361524173704120E-002 -0.10640281761389869        1.4676336062342770       0.24844704497780215     
   1.1361524173704120E-002  0.22887065688620792       -1.5451265807390533E-002  0.24844704497780215        2.0894675865673475     
 -0.10640281761389869       -1.5451265807390533E-002  0.36814156523668334       -8.0897367092260475E-002 -0.44135732583542936     
 first few columns of gr matrix
   4.3492827412874746       0.29226502796488363       0.60809043643347915       0.33201121141562401       -3.9644363228175982E-003
  0.29226502796488363        6.1967352576814658      -0.20135877214728906       -3.9644363228175982E-003  0.24475541651999494     
  0.60809043643347938      -0.20135877214728931        5.6878485378142658      -0.11585938877005887        4.7936598518374942E-003
  0.26515547286550428       -1.1670267558534559E-002  -9.2250865734926996E-002   5.3338805608321564       0.40691250356530384     
  -1.1670267558534559E-002  0.19827065501097732        1.5545821663432229E-002  0.40691250356530395        5.3470874817550129     
  -9.2250865734926996E-002   1.5545821663432229E-002  0.31832638540882413       0.52662826582356059      -0.69771566875343471     
  0.22781965511994548        5.8248449613013823E-003  -7.9844616545413943E-002   1.4088572211538906       0.25477712239674710     
   5.8248449613013823E-003  0.16949256594793335       -8.1130209078147785E-003  0.25477712239674710        1.9939888321149322     
  -7.9844616545413943E-002  -8.1130209078147785E-003  0.27669217321315881       -7.3931315617886670E-002 -0.39784607369185165     
  
 about to enter dgetrf
 Just out of dgetrf:                 
  
  **** TRANSLATION/ROTATION FLOWS ****
     U(X-Z) =     1.000     0.000     0.000 A/SEC
  OMGA(X-Z) =     0.000     0.000     0.000 RAD/S

 FTOTH(X-Z) =   -0.12070E+02    0.10873E-01    0.83611E-01
 TTOTH(X-Z) =    0.59991E+00   -0.20194E+01   -0.25212E+00

     U(X-Z) =     0.000     1.000     0.000 A/SEC
  OMGA(X-Z) =     0.000     0.000     0.000 RAD/S

 FTOTH(X-Z) =    0.10872E-01   -0.12199E+02    0.19398E+00
 TTOTH(X-Z) =    0.25211E+01   -0.71054E+00   -0.20397E+01

     U(X-Z) =     0.000     0.000     1.000 A/SEC
  OMGA(X-Z) =     0.000     0.000     0.000 RAD/S

 FTOTH(X-Z) =    0.83694E-01    0.19401E+00   -0.12473E+02
 TTOTH(X-Z) =   -0.65445E+00    0.15452E+01    0.85977E-01

     U(X-Z) =     0.000     0.000     0.000 A/SEC
  OMGA(X-Z) =     1.000     0.000     0.000 RAD/S

 FTOTH(X-Z) =    0.59943E+00    0.25353E+01   -0.62868E+00
 TTOTH(X-Z) =   -0.42304E+04   -0.18011E+02    0.68651E+02

     U(X-Z) =     0.000     0.000     0.000 A/SEC
  OMGA(X-Z) =     0.000     1.000     0.000 RAD/S

 FTOTH(X-Z) =   -0.20511E+01   -0.70212E+00    0.15885E+01
 TTOTH(X-Z) =   -0.16953E+02   -0.45345E+04    0.24289E+03

     U(X-Z) =     0.000     0.000     0.000 A/SEC
  OMGA(X-Z) =     0.000     0.000     1.000 RAD/S

 FTOTH(X-Z) =   -0.26751E+00   -0.20524E+01    0.89743E-01
 TTOTH(X-Z) =    0.68534E+02    0.24252E+03   -0.46966E+04

 I,J,Ktt,Ktr,Krt,Krr=    1    1  0.1207E+02 -0.5999E+00 -0.5994E+00  0.4230E+04
 I,J,Ktt,Ktr,Krt,Krr=    1    2 -0.1087E-01 -0.2521E+01  0.2051E+01  0.1695E+02
 I,J,Ktt,Ktr,Krt,Krr=    1    3 -0.8369E-01  0.6544E+00  0.2675E+00 -0.6853E+02
 I,J,Ktt,Ktr,Krt,Krr=    2    1 -0.1087E-01  0.2019E+01 -0.2535E+01  0.1801E+02
 I,J,Ktt,Ktr,Krt,Krr=    2    2  0.1220E+02  0.7105E+00  0.7021E+00  0.4535E+04
 I,J,Ktt,Ktr,Krt,Krr=    2    3 -0.1940E+00 -0.1545E+01  0.2052E+01 -0.2425E+03
 I,J,Ktt,Ktr,Krt,Krr=    3    1 -0.8361E-01  0.2521E+00  0.6287E+00 -0.6865E+02
 I,J,Ktt,Ktr,Krt,Krr=    3    2 -0.1940E+00  0.2040E+01 -0.1589E+01 -0.2429E+03
 I,J,Ktt,Ktr,Krt,Krr=    3    3  0.1247E+02 -0.8598E-01 -0.8974E-01  0.4697E+04
  
  Friction Tensors in Center of Resistance
  
  Ktt Tensor (A)
    0.12070E+02   -0.10872E-01   -0.83694E-01
   -0.10873E-01    0.12199E+02   -0.19401E+00
   -0.83611E-01   -0.19398E+00    0.12473E+02
  
  Symmetric Krt Tensor (A^2)
   -0.59967E+00    0.20352E+01    0.25982E+00
   -0.25282E+01    0.70633E+00    0.20461E+01
    0.64156E+00   -0.15669E+01   -0.87860E-01
  
  Krr Tensor (A^3)
    0.42304E+04    0.16953E+02   -0.68534E+02
    0.18011E+02    0.45345E+04   -0.24252E+03
   -0.68651E+02   -0.24289E+03    0.46966E+04
  
 Raw Dtt tensor (no rot/trans coupling correction)
    0.82853E-01    0.82701E-04    0.55726E-03
    0.82703E-04    0.81994E-01    0.12759E-02
    0.55670E-03    0.12758E-02    0.80200E-01
  
 Raw Drr tensor (no rot/trans coupling correction)
    0.23644E-03   -0.70111E-06    0.34140E-05
   -0.75638E-06    0.22114E-03    0.11408E-04
    0.34170E-05    0.11427E-04    0.21356E-03
  
 Raw Dtt tensor, before CD transformation
    0.82853E-01    0.82577E-04    0.54950E-03
    0.82723E-04    0.81994E-01    0.12789E-02
    0.55674E-03    0.12759E-02    0.80206E-01
  
 Program finished at:                
 Elapsed time CPU_TIME:   97.420000000000002     
