 BEST ver.3.90 SFSU/ARAGON
  
 control gtensor value=   1.0000000000000000     
 true area (A^2)=    4013.4110000000001     
 total area (A^2) =    3844.2443671622782     
 centroid coords =  -0.39491972076789056      -0.33001059586138082      -0.71281525804038792     
  
 first few rows of gr matrix
   4.3469122881289195       0.29210573720365141       0.60775901399408538       0.26486652069478278       -1.1657549928732382E-002
  0.29210573720365141        6.1933579029455110      -0.20124902726156199       -1.1657549928732382E-002  0.19805459031679376     
  0.60775901399408516      -0.20124902726156155        5.6847485373466355       -9.2150335703934202E-002   1.5528880663245665E-002
  0.33164940345742594       -3.9601160933733668E-003 -0.11573313144064457        5.3309734805674633       0.40669072745031953     
  -3.9601160933733668E-003  0.24448869523329070        4.7884359791980514E-003  0.40669072745031942        5.3441732034327813     
 -0.11573313144064457        4.7884359791980514E-003  0.39252669294658066       0.52634124202898080      -0.69733539862404803     
  0.30497951964511610        1.1349142995834262E-002 -0.10628686554702951        1.4660342580791645       0.24817630075298985     
   1.1349142995834262E-002  0.22862124595605801       -1.5434427849089270E-002  0.24817630075298985        2.0871905971910154     
 -0.10628686554702951       -1.5434427849089270E-002  0.36774038436246498       -8.0809209493345566E-002 -0.44087635836383310     
 first few columns of gr matrix
   4.3469122881289195       0.29210573720365141       0.60775901399408516       0.33164940345742594       -3.9601160933733668E-003
  0.29210573720365141        6.1933579029455110      -0.20124902726156155       -3.9601160933733668E-003  0.24448869523329070     
  0.60775901399408538      -0.20124902726156199        5.6847485373466355      -0.11573313144064457        4.7884359791980514E-003
  0.26486652069478278       -1.1657549928732382E-002  -9.2150335703934202E-002   5.3309734805674633       0.40669072745031942     
  -1.1657549928732382E-002  0.19805459031679376        1.5528880663245665E-002  0.40669072745031953        5.3441732034327813     
  -9.2150335703934202E-002   1.5528880663245665E-002  0.31797949043785551       0.52634124202898058      -0.69733539862404759     
  0.22757138951498374        5.8184973586006038E-003  -7.9757606177414023E-002   1.4073219243414588       0.25449947999407990     
   5.8184973586006038E-003  0.16930786206714021       -8.1041797740561746E-003  0.25449947999407990        1.9918158903490779     
  -7.9757606177414023E-002  -8.1041797740561746E-003  0.27639064896699639       -7.3850749247141120E-002 -0.39741252244222447     
  
 about to enter dgetrf
 Just out of dgetrf:                 
  
  **** TRANSLATION/ROTATION FLOWS ****
     U(X-Z) =     1.000     0.000     0.000 A/SEC
  OMGA(X-Z) =     0.000     0.000     0.000 RAD/S

 FTOTH(X-Z) =   -0.12078E+02    0.10672E-01    0.82527E-01
 TTOTH(X-Z) =    0.62780E+00   -0.17584E+01   -0.14054E+00

     U(X-Z) =     0.000     1.000     0.000 A/SEC
  OMGA(X-Z) =     0.000     0.000     0.000 RAD/S

 FTOTH(X-Z) =    0.10704E-01   -0.12208E+02    0.19378E+00
 TTOTH(X-Z) =    0.22398E+01   -0.68965E+00   -0.12875E+01

     U(X-Z) =     0.000     0.000     1.000 A/SEC
  OMGA(X-Z) =     0.000     0.000     0.000 RAD/S

 FTOTH(X-Z) =    0.82487E-01    0.19385E+00   -0.12480E+02
 TTOTH(X-Z) =   -0.80298E+00    0.69309E+00    0.41933E-01

     U(X-Z) =     0.000     0.000     0.000 A/SEC
  OMGA(X-Z) =     1.000     0.000     0.000 RAD/S

 FTOTH(X-Z) =    0.62372E+00    0.22821E+01   -0.78293E+00
 TTOTH(X-Z) =   -0.42359E+04   -0.17366E+02    0.68196E+02

     U(X-Z) =     0.000     0.000     0.000 A/SEC
  OMGA(X-Z) =     0.000     1.000     0.000 RAD/S

 FTOTH(X-Z) =   -0.17960E+01   -0.68035E+00    0.76885E+00
 TTOTH(X-Z) =   -0.17584E+02   -0.45435E+04    0.24309E+03

     U(X-Z) =     0.000     0.000     0.000 A/SEC
  OMGA(X-Z) =     0.000     0.000     1.000 RAD/S

 FTOTH(X-Z) =   -0.14426E+00   -0.13378E+01    0.44203E-01
 TTOTH(X-Z) =    0.67303E+02    0.24205E+03   -0.47076E+04

 I,J,Ktt,Ktr,Krt,Krr=    1    1  0.1208E+02 -0.6278E+00 -0.6237E+00  0.4236E+04
 I,J,Ktt,Ktr,Krt,Krr=    1    2 -0.1070E-01 -0.2240E+01  0.1796E+01  0.1758E+02
 I,J,Ktt,Ktr,Krt,Krr=    1    3 -0.8249E-01  0.8030E+00  0.1443E+00 -0.6730E+02
 I,J,Ktt,Ktr,Krt,Krr=    2    1 -0.1067E-01  0.1758E+01 -0.2282E+01  0.1737E+02
 I,J,Ktt,Ktr,Krt,Krr=    2    2  0.1221E+02  0.6897E+00  0.6803E+00  0.4544E+04
 I,J,Ktt,Ktr,Krt,Krr=    2    3 -0.1938E+00 -0.6931E+00  0.1338E+01 -0.2421E+03
 I,J,Ktt,Ktr,Krt,Krr=    3    1 -0.8253E-01  0.1405E+00  0.7829E+00 -0.6820E+02
 I,J,Ktt,Ktr,Krt,Krr=    3    2 -0.1938E+00  0.1287E+01 -0.7689E+00 -0.2431E+03
 I,J,Ktt,Ktr,Krt,Krr=    3    3  0.1248E+02 -0.4193E-01 -0.4420E-01  0.4708E+04
  
  Friction Tensors in Center of Resistance
  
  Ktt Tensor (A)
    0.12078E+02   -0.10704E-01   -0.82487E-01
   -0.10672E-01    0.12208E+02   -0.19385E+00
   -0.82527E-01   -0.19378E+00    0.12480E+02
  
  Symmetric Krt Tensor (A^2)
   -0.62576E+00    0.17772E+01    0.14240E+00
   -0.22609E+01    0.68500E+00    0.13126E+01
    0.79295E+00   -0.73097E+00   -0.43068E-01
  
  Krr Tensor (A^3)
    0.42359E+04    0.17584E+02   -0.67303E+02
    0.17366E+02    0.45435E+04   -0.24205E+03
   -0.68196E+02   -0.24309E+03    0.47076E+04
  
 Raw Dtt tensor (no rot/trans coupling correction)
    0.82802E-01    0.81312E-04    0.54854E-03
    0.81100E-04    0.81936E-01    0.12732E-02
    0.54880E-03    0.12728E-02    0.80151E-01
  
 Raw Drr tensor (no rot/trans coupling correction)
    0.23613E-03   -0.73526E-06    0.33381E-05
   -0.72229E-06    0.22070E-03    0.11338E-04
    0.33834E-05    0.11386E-04    0.21306E-03
  
 Raw Dtt tensor, before CD transformation
    0.82802E-01    0.81242E-04    0.54412E-03
    0.81112E-04    0.81936E-01    0.12749E-02
    0.54882E-03    0.12728E-02    0.80153E-01
  
 Program finished at:                
 Elapsed time CPU_TIME:   101.44799999999999     
