 BEST ver.3.90 SFSU/ARAGON
  
 control gtensor value=   1.0000000000000000     
 true area (A^2)=    4013.4110000000001     
 total area (A^2) =    3818.4639972995851     
 centroid coords =  -0.38622540309312697      -0.15386920039486729      -0.61903718328397339     
  
 first few rows of gr matrix
   4.3615616982946053       0.29309015475625166       0.60980720601815963       0.47446167600412104        2.8617424172246095E-002
  0.29309015475625155        6.2142299689568077      -0.20192725110193060        2.8617424172246095E-002  0.40568038494182923     
  0.60980720601815985      -0.20192725110193016        5.7039065528510671      -0.15306149667475516       -5.8436287813704996E-002
  0.28356643922838043        2.0368488092541739E-002  -9.4844209201999527E-002   8.2393125950199551      -0.27049061634088067     
   2.0368488092541739E-002  0.23789044879558405       -3.5488653056361605E-002 -0.27049061634088112        7.7213091448317730     
  -9.4844209201999527E-002  -3.5488653056361605E-002  0.39324775227612507      -0.66581347958144232      -0.71729793191301461     
  0.25958219889024414        2.9606460201737784E-002  -7.2414617025965994E-002   2.9158035770435733      -0.38450930264786842     
   2.9606460201737784E-002  0.25738023392409726       -6.8344698543586768E-002 -0.38450930264786842        3.7653292237199278     
  -7.2414617025965994E-002  -6.8344698543586768E-002  0.39525502842938376       -8.1709711565759485E-002 -0.19938910316053782     
 first few columns of gr matrix
   4.3615616982946053       0.29309015475625155       0.60980720601815985       0.28356643922838043        2.0368488092541739E-002
  0.29309015475625166        6.2142299689568077      -0.20192725110193016        2.0368488092541739E-002  0.23789044879558405     
  0.60980720601815963      -0.20192725110193060        5.7039065528510671       -9.4844209201999527E-002  -3.5488653056361605E-002
  0.47446167600412104        2.8617424172246095E-002 -0.15306149667475516        8.2393125950199551      -0.27049061634088112     
   2.8617424172246095E-002  0.40568038494182923       -5.8436287813704996E-002 -0.27049061634088067        7.7213091448317730     
 -0.15306149667475516       -5.8436287813704996E-002  0.69154148551064187      -0.66581347958144277      -0.71729793191301505     
  0.27557818034991971        2.6838496202399604E-002  -8.0148678978280791E-002   1.7088760899618767      -0.27872158610753894     
   2.6838496202399604E-002  0.25945793342551715       -6.1149842568778992E-002 -0.27872158610753894        2.2642832199128224     
  -8.0148678978280791E-002  -6.1149842568778992E-002  0.41817454635638895       -2.6539106754304542E-002 -0.17284252536625885     
  
 about to enter dgetrf
 Just out of dgetrf:                 
  
  **** TRANSLATION/ROTATION FLOWS ****
     U(X-Z) =     1.000     0.000     0.000 A/SEC
  OMGA(X-Z) =     0.000     0.000     0.000 RAD/S

 FTOTH(X-Z) =   -0.12045E+02    0.10708E-01    0.82155E-01
 TTOTH(X-Z) =    0.56963E+00   -0.61747E+00   -0.19558E+01

     U(X-Z) =     0.000     1.000     0.000 A/SEC
  OMGA(X-Z) =     0.000     0.000     0.000 RAD/S

 FTOTH(X-Z) =    0.10729E-01   -0.12178E+02    0.19217E+00
 TTOTH(X-Z) =    0.11718E+01   -0.68489E+00   -0.12372E+01

     U(X-Z) =     0.000     0.000     1.000 A/SEC
  OMGA(X-Z) =     0.000     0.000     0.000 RAD/S

 FTOTH(X-Z) =    0.82248E-01    0.19214E+00   -0.12446E+02
 TTOTH(X-Z) =    0.11385E+01    0.67614E+00    0.89312E-01

     U(X-Z) =     0.000     0.000     0.000 A/SEC
  OMGA(X-Z) =     1.000     0.000     0.000 RAD/S

 FTOTH(X-Z) =    0.57344E+00    0.11599E+01    0.11464E+01
 TTOTH(X-Z) =   -0.42051E+04   -0.17777E+02    0.65840E+02

     U(X-Z) =     0.000     0.000     0.000 A/SEC
  OMGA(X-Z) =     0.000     1.000     0.000 RAD/S

 FTOTH(X-Z) =   -0.61083E+00   -0.66906E+00    0.71008E+00
 TTOTH(X-Z) =   -0.20523E+02   -0.45082E+04    0.24344E+03

     U(X-Z) =     0.000     0.000     0.000 A/SEC
  OMGA(X-Z) =     0.000     0.000     1.000 RAD/S

 FTOTH(X-Z) =   -0.19672E+01   -0.12510E+01    0.85253E-01
 TTOTH(X-Z) =    0.64410E+02    0.24451E+03   -0.46660E+04

 I,J,Ktt,Ktr,Krt,Krr=    1    1  0.1205E+02 -0.5696E+00 -0.5734E+00  0.4205E+04
 I,J,Ktt,Ktr,Krt,Krr=    1    2 -0.1073E-01 -0.1172E+01  0.6108E+00  0.2052E+02
 I,J,Ktt,Ktr,Krt,Krr=    1    3 -0.8225E-01 -0.1138E+01  0.1967E+01 -0.6441E+02
 I,J,Ktt,Ktr,Krt,Krr=    2    1 -0.1071E-01  0.6175E+00 -0.1160E+01  0.1778E+02
 I,J,Ktt,Ktr,Krt,Krr=    2    2  0.1218E+02  0.6849E+00  0.6691E+00  0.4508E+04
 I,J,Ktt,Ktr,Krt,Krr=    2    3 -0.1921E+00 -0.6761E+00  0.1251E+01 -0.2445E+03
 I,J,Ktt,Ktr,Krt,Krr=    3    1 -0.8215E-01  0.1956E+01 -0.1146E+01 -0.6584E+02
 I,J,Ktt,Ktr,Krt,Krr=    3    2 -0.1922E+00  0.1237E+01 -0.7101E+00 -0.2434E+03
 I,J,Ktt,Ktr,Krt,Krr=    3    3  0.1245E+02 -0.8931E-01 -0.8525E-01  0.4666E+04
  
  Friction Tensors in Center of Resistance
  
  Ktt Tensor (A)
    0.12045E+02   -0.10729E-01   -0.82248E-01
   -0.10708E-01    0.12178E+02   -0.19214E+00
   -0.82155E-01   -0.19217E+00    0.12446E+02
  
  Symmetric Krt Tensor (A^2)
   -0.57154E+00    0.61415E+00    0.19615E+01
   -0.11659E+01    0.67698E+00    0.12441E+01
   -0.11424E+01   -0.69311E+00   -0.87283E-01
  
  Krr Tensor (A^3)
    0.42051E+04    0.20523E+02   -0.64410E+02
    0.17777E+02    0.45082E+04   -0.24451E+03
   -0.65840E+02   -0.24344E+03    0.46660E+04
  
 Raw Dtt tensor (no rot/trans coupling correction)
    0.83023E-01    0.81828E-04    0.54990E-03
    0.81672E-04    0.82139E-01    0.12685E-02
    0.54928E-03    0.12687E-02    0.80369E-01
  
 Raw Drr tensor (no rot/trans coupling correction)
    0.23786E-03   -0.90807E-06    0.32359E-05
   -0.75804E-06    0.22245E-03    0.11647E-04
    0.33168E-05    0.11593E-04    0.21497E-03
  
 Raw Dtt tensor, before CD transformation
    0.83023E-01    0.81767E-04    0.54604E-03
    0.81694E-04    0.82139E-01    0.12718E-02
    0.54933E-03    0.12689E-02    0.80377E-01
  
 Program finished at:                
 Elapsed time CPU_TIME:   51.548000000000002     
