 BEST ver.3.90 SFSU/ARAGON
  
 control gtensor value=   1.0000000000000000     
 true area (A^2)=    4013.4110000000001     
 total area (A^2) =    3825.2280564082503     
 centroid coords =  -0.24806177370031265      -0.19415535168195694      -0.67041345565749233     
  
 first few rows of gr matrix
   4.3577037695515104       0.29283090795187972       0.60926781372920802       0.26618324847979208       -1.1715502968082280E-002
  0.29283090795187972        6.2087333010034875      -0.20174864054912195       -1.1715502968082280E-002  0.19903917674672339     
  0.60926781372920846      -0.20174864054912195        5.6988612808681474       -9.2608441572131633E-002   1.5606079203045090E-002
  0.33329812819345012       -3.9798029714217037E-003 -0.11630847418088319        5.3442079554007762       0.40770036259800913     
  -3.9798029714217037E-003  0.24570411897688010        4.8122406740458770E-003  0.40770036259800913        5.3574404474030448     
 -0.11630847418088319        4.8122406740458770E-003  0.39447805622799820       0.52764791705686398      -0.69906657733223510     
  0.30649566070485490        1.1405562855465687E-002 -0.10681524817794946        1.4733223367548873       0.24941005664602883     
   1.1405562855465687E-002  0.22975778803772293       -1.5511156836736765E-002  0.24941005664602883        2.0975666229894654     
 -0.10681524817794946       -1.5511156836736765E-002  0.36956852776273280       -8.1210935355648148E-002 -0.44306808176193202     
 first few columns of gr matrix
   4.3577037695515104       0.29283090795187972       0.60926781372920846       0.33329812819345012       -3.9798029714217037E-003
  0.29283090795187972        6.2087333010034875      -0.20174864054912195       -3.9798029714217037E-003  0.24570411897688010     
  0.60926781372920802      -0.20174864054912195        5.6988612808681474      -0.11630847418088319        4.8122406740458770E-003
  0.26618324847979208       -1.1715502968082280E-002  -9.2608441572131633E-002   5.3442079554007762       0.40770036259800913     
  -1.1715502968082280E-002  0.19903917674672339        1.5606079203045090E-002  0.40770036259800913        5.3574404474030448     
  -9.2608441572131633E-002   1.5606079203045090E-002  0.31956025809782390       0.52764791705686354      -0.69906657733223465     
  0.22870271245780574        5.8474227853362168E-003  -8.0154104216668451E-002   1.4143181270905698       0.25576467023292110     
   5.8474227853362168E-003  0.17014954022872691       -8.1444679866064917E-003  0.25576467023292110        2.0017177810016453     
  -8.0154104216668451E-002  -8.1444679866064917E-003  0.27776466651386078       -7.4217882598773863E-002 -0.39938817458971915     
  
 about to enter dgetrf
 Just out of dgetrf:                 
  
  **** TRANSLATION/ROTATION FLOWS ****
     U(X-Z) =     1.000     0.000     0.000 A/SEC
  OMGA(X-Z) =     0.000     0.000     0.000 RAD/S

 FTOTH(X-Z) =   -0.12052E+02    0.91380E-02    0.83096E-01
 TTOTH(X-Z) =    0.59737E+00   -0.13343E+01   -0.16304E+01

     U(X-Z) =     0.000     1.000     0.000 A/SEC
  OMGA(X-Z) =     0.000     0.000     0.000 RAD/S

 FTOTH(X-Z) =    0.91655E-02   -0.12182E+02    0.19333E+00
 TTOTH(X-Z) =    0.18986E+01   -0.68859E+00    0.40128E+00

     U(X-Z) =     0.000     0.000     1.000 A/SEC
  OMGA(X-Z) =     0.000     0.000     0.000 RAD/S

 FTOTH(X-Z) =    0.83263E-01    0.19336E+00   -0.12453E+02
 TTOTH(X-Z) =    0.79580E+00   -0.96355E+00    0.73407E-01

     U(X-Z) =     0.000     0.000     0.000 A/SEC
  OMGA(X-Z) =     1.000     0.000     0.000 RAD/S

 FTOTH(X-Z) =    0.59454E+00    0.18715E+01    0.81998E+00
 TTOTH(X-Z) =   -0.42111E+04   -0.19481E+02    0.68015E+02

     U(X-Z) =     0.000     0.000     0.000 A/SEC
  OMGA(X-Z) =     0.000     1.000     0.000 RAD/S

 FTOTH(X-Z) =   -0.13236E+01   -0.68258E+00   -0.91037E+00
 TTOTH(X-Z) =   -0.20794E+02   -0.45152E+04    0.24409E+03

     U(X-Z) =     0.000     0.000     0.000 A/SEC
  OMGA(X-Z) =     0.000     0.000     1.000 RAD/S

 FTOTH(X-Z) =   -0.16445E+01    0.36905E+00    0.73097E-01
 TTOTH(X-Z) =    0.67093E+02    0.24387E+03   -0.46732E+04

 I,J,Ktt,Ktr,Krt,Krr=    1    1  0.1205E+02 -0.5974E+00 -0.5945E+00  0.4211E+04
 I,J,Ktt,Ktr,Krt,Krr=    1    2 -0.9165E-02 -0.1899E+01  0.1324E+01  0.2079E+02
 I,J,Ktt,Ktr,Krt,Krr=    1    3 -0.8326E-01 -0.7958E+00  0.1644E+01 -0.6709E+02
 I,J,Ktt,Ktr,Krt,Krr=    2    1 -0.9138E-02  0.1334E+01 -0.1872E+01  0.1948E+02
 I,J,Ktt,Ktr,Krt,Krr=    2    2  0.1218E+02  0.6886E+00  0.6826E+00  0.4515E+04
 I,J,Ktt,Ktr,Krt,Krr=    2    3 -0.1934E+00  0.9636E+00 -0.3690E+00 -0.2439E+03
 I,J,Ktt,Ktr,Krt,Krr=    3    1 -0.8310E-01  0.1630E+01 -0.8200E+00 -0.6801E+02
 I,J,Ktt,Ktr,Krt,Krr=    3    2 -0.1933E+00 -0.4013E+00  0.9104E+00 -0.2441E+03
 I,J,Ktt,Ktr,Krt,Krr=    3    3  0.1245E+02 -0.7341E-01 -0.7310E-01  0.4673E+04
  
  Friction Tensors in Center of Resistance
  
  Ktt Tensor (A)
    0.12052E+02   -0.91655E-02   -0.83263E-01
   -0.91380E-02    0.12182E+02   -0.19336E+00
   -0.83096E-01   -0.19333E+00    0.12453E+02
  
  Symmetric Krt Tensor (A^2)
   -0.59596E+00    0.13290E+01    0.16375E+01
   -0.18851E+01    0.68559E+00   -0.38516E+00
   -0.80789E+00    0.93696E+00   -0.73252E-01
  
  Krr Tensor (A^3)
    0.42111E+04    0.20794E+02   -0.67093E+02
    0.19481E+02    0.45152E+04   -0.24387E+03
   -0.68015E+02   -0.24409E+03    0.46732E+04
  
 Raw Dtt tensor (no rot/trans coupling correction)
    0.82978E-01    0.71252E-04    0.55593E-03
    0.71048E-04    0.82106E-01    0.12754E-02
    0.55482E-03    0.12752E-02    0.80328E-01
  
 Raw Drr tensor (no rot/trans coupling correction)
    0.23753E-03   -0.91210E-06    0.33626E-05
   -0.84047E-06    0.22210E-03    0.11579E-04
    0.34131E-05    0.11587E-04    0.21464E-03
  
 Raw Dtt tensor, before CD transformation
    0.82978E-01    0.71246E-04    0.55560E-03
    0.71069E-04    0.82107E-01    0.12784E-02
    0.55485E-03    0.12752E-02    0.80332E-01
  
 Program finished at:                
 Elapsed time CPU_TIME:   61.176000000000002     
