 BEST ver.3.90 SFSU/ARAGON
  
 control gtensor value=   1.0000000000000000     
 true area (A^2)=    6580.7650000000003     
 total area (A^2) =    6267.2809029657656     
 centroid coords =   -2.0968839498806733       0.28469689737470222       -3.9773626690533068     
  
 first few rows of gr matrix
   4.2962949301103253       0.44520734028479469       0.31593676119333824        1.9391271683669038       0.10279728392672544     
  0.44520734028479492        6.3701171829864460      -0.24170559295348559       0.10279728392672544        2.3571751900128901     
  0.31593676119333836      -0.24170559295348559        5.8525828771647195       0.22299505329449579        2.2788170854403930E-002
   1.4886585980906619        5.7522921640846922E-002  0.14370387718263417        4.7561564490335453       0.38741734005921835     
   5.7522921640846922E-002   1.7853747472607358       -1.4526948187670452E-002  0.38741734005921846        7.0116992746064000     
  0.14370387718263417       -1.4526948187670452E-002   2.5605257557730554       0.17668063930632311      -0.17239069449661204     
  0.26905361891701762       -3.4683920074086563E-002   1.8093226043866494E-002  0.35423995392118474       -4.4568048639466687E-002
  -3.4683920074086563E-002  0.46496841658306121      -0.10460137696810851       -4.4568048639466687E-002  0.64749344297150835     
   1.8093226043866494E-002 -0.10460137696810851       0.31748279110310240        1.6234266414475288E-002 -0.10832500700700086     
 first few columns of gr matrix
   4.2962949301103253       0.44520734028479492       0.31593676119333836        1.4886585980906619        5.7522921640846922E-002
  0.44520734028479469        6.3701171829864460      -0.24170559295348559        5.7522921640846922E-002   1.7853747472607358     
  0.31593676119333824      -0.24170559295348559        5.8525828771647195       0.14370387718263417       -1.4526948187670452E-002
   1.9391271683669038       0.10279728392672544       0.22299505329449579        4.7561564490335453       0.38741734005921846     
  0.10279728392672544        2.3571751900128901        2.2788170854403930E-002  0.38741734005921835        7.0116992746064000     
  0.22299505329449579        2.2788170854403930E-002   3.2270310367521167       0.17668063930632322      -0.17239069449661204     
  0.31097579821222548       -3.7924329657244578E-002   1.9753823157234555E-002  0.34850540767213828       -4.3573659671844796E-002
  -3.7924329657244578E-002  0.53679659850805372      -0.12191569416251397       -4.3573659671844796E-002  0.64278213631970749     
   1.9753823157234555E-002 -0.12191569416251397       0.37005511702260485        1.4157657450287632E-002  -9.8100434177221321E-002
  
 about to enter dgetrf
 Just out of dgetrf:                 
  
  **** TRANSLATION/ROTATION FLOWS ****
     U(X-Z) =     1.000     0.000     0.000 A/SEC
  OMGA(X-Z) =     0.000     0.000     0.000 RAD/S

 FTOTH(X-Z) =   -0.14978E+02   -0.30560E-01   -0.57684E+00
 TTOTH(X-Z) =    0.17879E+01   -0.21488E+01    0.97161E+01

     U(X-Z) =     0.000     1.000     0.000 A/SEC
  OMGA(X-Z) =     0.000     0.000     0.000 RAD/S

 FTOTH(X-Z) =   -0.30589E-01   -0.15346E+02   -0.25012E+00
 TTOTH(X-Z) =   -0.13310E+01   -0.42431E+00    0.88505E+01

     U(X-Z) =     0.000     0.000     1.000 A/SEC
  OMGA(X-Z) =     0.000     0.000     0.000 RAD/S

 FTOTH(X-Z) =   -0.57677E+00   -0.25017E+00   -0.15516E+02
 TTOTH(X-Z) =   -0.57202E+01   -0.55114E+01   -0.14688E+01

     U(X-Z) =     0.000     0.000     0.000 A/SEC
  OMGA(X-Z) =     1.000     0.000     0.000 RAD/S

 FTOTH(X-Z) =    0.17939E+01   -0.13346E+01   -0.57073E+01
 TTOTH(X-Z) =   -0.84442E+04    0.37265E+03   -0.13092E+04

     U(X-Z) =     0.000     0.000     0.000 A/SEC
  OMGA(X-Z) =     0.000     1.000     0.000 RAD/S

 FTOTH(X-Z) =   -0.21444E+01   -0.45438E+00   -0.55367E+01
 TTOTH(X-Z) =    0.37405E+03   -0.97364E+04   -0.40285E+03

     U(X-Z) =     0.000     0.000     0.000 A/SEC
  OMGA(X-Z) =     0.000     0.000     1.000 RAD/S

 FTOTH(X-Z) =    0.97515E+01    0.89008E+01   -0.14608E+01
 TTOTH(X-Z) =   -0.13121E+04   -0.40191E+03   -0.97275E+04

 I,J,Ktt,Ktr,Krt,Krr=    1    1  0.1498E+02 -0.1788E+01 -0.1794E+01  0.8444E+04
 I,J,Ktt,Ktr,Krt,Krr=    1    2  0.3059E-01  0.1331E+01  0.2144E+01 -0.3741E+03
 I,J,Ktt,Ktr,Krt,Krr=    1    3  0.5768E+00  0.5720E+01 -0.9751E+01  0.1312E+04
 I,J,Ktt,Ktr,Krt,Krr=    2    1  0.3056E-01  0.2149E+01  0.1335E+01 -0.3727E+03
 I,J,Ktt,Ktr,Krt,Krr=    2    2  0.1535E+02  0.4243E+00  0.4544E+00  0.9736E+04
 I,J,Ktt,Ktr,Krt,Krr=    2    3  0.2502E+00  0.5511E+01 -0.8901E+01  0.4019E+03
 I,J,Ktt,Ktr,Krt,Krr=    3    1  0.5768E+00 -0.9716E+01  0.5707E+01  0.1309E+04
 I,J,Ktt,Ktr,Krt,Krr=    3    2  0.2501E+00 -0.8851E+01  0.5537E+01  0.4028E+03
 I,J,Ktt,Ktr,Krt,Krr=    3    3  0.1552E+02  0.1469E+01  0.1461E+01  0.9728E+04
  
  Friction Tensors in Center of Resistance
  
  Ktt Tensor (A)
    0.14978E+02    0.30589E-01    0.57677E+00
    0.30560E-01    0.15346E+02    0.25017E+00
    0.57684E+00    0.25012E+00    0.15516E+02
  
  Symmetric Krt Tensor (A^2)
   -0.17909E+01    0.21466E+01   -0.97338E+01
    0.13328E+01    0.43934E+00   -0.88757E+01
    0.57138E+01    0.55240E+01    0.14648E+01
  
  Krr Tensor (A^3)
    0.84442E+04   -0.37405E+03    0.13121E+04
   -0.37265E+03    0.97364E+04    0.40191E+03
    0.13092E+04    0.40285E+03    0.97275E+04
  
 Raw Dtt tensor (no rot/trans coupling correction)
    0.66860E-01   -0.92788E-04   -0.24840E-02
   -0.92651E-04    0.65182E-01   -0.10475E-02
   -0.24843E-02   -0.10473E-02    0.64561E-01
  
 Raw Drr tensor (no rot/trans coupling correction)
    0.12123E-03    0.53431E-05   -0.16573E-04
    0.53226E-05    0.10312E-03   -0.49784E-05
   -0.16536E-04   -0.49895E-05    0.10524E-03
  
 Raw Dtt tensor, before CD transformation
    0.66860E-01   -0.92942E-04   -0.24744E-02
   -0.92412E-04    0.65182E-01   -0.10537E-02
   -0.24877E-02   -0.10488E-02    0.64650E-01
  
 Program finished at:                
 Elapsed time CPU_TIME:   172.78799999999998     
