 BEST ver.3.90 SFSU/ARAGON
  
 control gtensor value=   1.0000000000000000     
 true area (A^2)=    6580.7650000000003     
 total area (A^2) =    6141.0817938456057     
 centroid coords =   -2.1275245439469344       0.59530978441127735       -4.0027149253731356     
  
 first few rows of gr matrix
   8.8345211672282868        1.6086959839701320       0.57974159888702737        1.0294364312561433      -0.11553195526614769     
   1.6086959839701325        10.912778127006536      -0.60343555621873746      -0.11553195526614769        1.5766508901990806     
  0.57974159888702737      -0.60343555621873768        11.375565647221663        9.4570453639102617E-002 -0.47041379592488852     
  0.86541605019336787      -0.10886418772498835        8.5471335405068197E-002   9.5253314653052836       -1.4475589936220232     
 -0.10886418772498835        1.3500992422833307      -0.38432126682285239       -1.4475589936220241        11.986669162354989     
   8.5471335405068197E-002 -0.38432126682285239        1.1331890272088025        1.2773116977907240       0.34563770590597165     
   3.5804183898731550       0.60491139551983486      -0.75417892756628702       0.78069169101375391        1.5824696526822687E-003
  0.60491139551983486        3.8050914204594180      -0.59983043189786300        1.5824696526822687E-003   1.2215394518197766     
 -0.75417892756628702      -0.59983043189786300        4.5583175674457390       -2.4081177156174472E-003 -0.37847348949877280     
 first few columns of gr matrix
   8.8345211672282868        1.6086959839701325       0.57974159888702737       0.86541605019336787      -0.10886418772498835     
   1.6086959839701320        10.912778127006536      -0.60343555621873768      -0.10886418772498835        1.3500992422833307     
  0.57974159888702737      -0.60343555621873746        11.375565647221663        8.5471335405068197E-002 -0.38432126682285239     
   1.0294364312561433      -0.11553195526614769        9.4570453639102617E-002   9.5253314653052836       -1.4475589936220241     
 -0.11553195526614769        1.5766508901990806      -0.47041379592488852       -1.4475589936220232        11.986669162354989     
   9.4570453639102617E-002 -0.47041379592488852        1.4052910582629907        1.2773116977907231       0.34563770590597165     
   2.1528810456590706       0.35915382337403440      -0.32554282266925882       0.42657593090493595       -1.6950938069965133E-002
  0.35915382337403440        2.4505631159643522      -0.52862433437632406       -1.6950938069965133E-002  0.66093025403589156     
 -0.32554282266925882      -0.52862433437632406        2.9693186082664709        1.6392122920208318E-002 -0.20607684672932280     
  
 about to enter dgetrf
 Just out of dgetrf:                 
  
  **** TRANSLATION/ROTATION FLOWS ****
     U(X-Z) =     1.000     0.000     0.000 A/SEC
  OMGA(X-Z) =     0.000     0.000     0.000 RAD/S

 FTOTH(X-Z) =   -0.14893E+02   -0.35053E-01   -0.57609E+00
 TTOTH(X-Z) =    0.21356E+01   -0.21937E+01    0.50891E+01

     U(X-Z) =     0.000     1.000     0.000 A/SEC
  OMGA(X-Z) =     0.000     0.000     0.000 RAD/S

 FTOTH(X-Z) =   -0.35238E-01   -0.15251E+02   -0.25081E+00
 TTOTH(X-Z) =   -0.11319E+01   -0.52213E+00    0.84799E+01

     U(X-Z) =     0.000     0.000     1.000 A/SEC
  OMGA(X-Z) =     0.000     0.000     0.000 RAD/S

 FTOTH(X-Z) =   -0.57590E+00   -0.25097E+00   -0.15420E+02
 TTOTH(X-Z) =   -0.98048E+00   -0.52460E+01   -0.16913E+01

     U(X-Z) =     0.000     0.000     0.000 A/SEC
  OMGA(X-Z) =     1.000     0.000     0.000 RAD/S

 FTOTH(X-Z) =    0.21510E+01   -0.13309E+01   -0.99087E+00
 TTOTH(X-Z) =   -0.83123E+04    0.36057E+03   -0.12893E+04

     U(X-Z) =     0.000     0.000     0.000 A/SEC
  OMGA(X-Z) =     0.000     1.000     0.000 RAD/S

 FTOTH(X-Z) =   -0.20929E+01   -0.52694E+00   -0.52293E+01
 TTOTH(X-Z) =    0.36478E+03   -0.95735E+04   -0.40390E+03

     U(X-Z) =     0.000     0.000     0.000 A/SEC
  OMGA(X-Z) =     0.000     0.000     1.000 RAD/S

 FTOTH(X-Z) =    0.50965E+01    0.84999E+01   -0.17363E+01
 TTOTH(X-Z) =   -0.12920E+04   -0.40036E+03   -0.95394E+04

 I,J,Ktt,Ktr,Krt,Krr=    1    1  0.1489E+02 -0.2136E+01 -0.2151E+01  0.8312E+04
 I,J,Ktt,Ktr,Krt,Krr=    1    2  0.3524E-01  0.1132E+01  0.2093E+01 -0.3648E+03
 I,J,Ktt,Ktr,Krt,Krr=    1    3  0.5759E+00  0.9805E+00 -0.5097E+01  0.1292E+04
 I,J,Ktt,Ktr,Krt,Krr=    2    1  0.3505E-01  0.2194E+01  0.1331E+01 -0.3606E+03
 I,J,Ktt,Ktr,Krt,Krr=    2    2  0.1525E+02  0.5221E+00  0.5269E+00  0.9573E+04
 I,J,Ktt,Ktr,Krt,Krr=    2    3  0.2510E+00  0.5246E+01 -0.8500E+01  0.4004E+03
 I,J,Ktt,Ktr,Krt,Krr=    3    1  0.5761E+00 -0.5089E+01  0.9909E+00  0.1289E+04
 I,J,Ktt,Ktr,Krt,Krr=    3    2  0.2508E+00 -0.8480E+01  0.5229E+01  0.4039E+03
 I,J,Ktt,Ktr,Krt,Krr=    3    3  0.1542E+02  0.1691E+01  0.1736E+01  0.9539E+04
  
  Friction Tensors in Center of Resistance
  
  Ktt Tensor (A)
    0.14893E+02    0.35238E-01    0.57590E+00
    0.35053E-01    0.15251E+02    0.25097E+00
    0.57609E+00    0.25081E+00    0.15420E+02
  
  Symmetric Krt Tensor (A^2)
   -0.21433E+01    0.21433E+01   -0.50928E+01
    0.12314E+01    0.52453E+00   -0.84899E+01
    0.98567E+00    0.52377E+01    0.17138E+01
  
  Krr Tensor (A^3)
    0.83123E+04   -0.36478E+03    0.12920E+04
   -0.36057E+03    0.95735E+04    0.40036E+03
    0.12893E+04    0.40390E+03    0.95394E+04
  
 Raw Dtt tensor (no rot/trans coupling correction)
    0.67245E-01   -0.11410E-03   -0.25097E-02
   -0.11324E-03    0.65586E-01   -0.10632E-02
   -0.25105E-02   -0.10625E-02    0.64964E-01
  
 Raw Drr tensor (no rot/trans coupling correction)
    0.12316E-03    0.54062E-05   -0.16907E-04
    0.53442E-05    0.10488E-03   -0.51253E-05
   -0.16872E-04   -0.51712E-05    0.10733E-03
  
 Raw Dtt tensor, before CD transformation
    0.67245E-01   -0.11411E-03   -0.25087E-02
   -0.11315E-03    0.65586E-01   -0.10655E-02
   -0.25125E-02   -0.10634E-02    0.65014E-01
  
 Program finished at:                
 Elapsed time CPU_TIME:   43.872000000000000     
