 BEST ver.3.90 SFSU/ARAGON
  
 control gtensor value=   1.0000000000000000     
 true area (A^2)=    6580.7650000000003     
 total area (A^2) =    6176.8191230929997     
 centroid coords =   -2.2805853276353298       0.43168105413105229       -3.9235512820512817     
  
 first few rows of gr matrix
   4.3276409855761644       0.44845560284809305       0.31824185695635410        1.9675263964411520       0.10430278782521228     
  0.44845560284809305        6.4165939844607500      -0.24346909314292253       0.10430278782521228        2.3916968845794413     
  0.31824185695635410      -0.24346909314292209        5.8952837136925602       0.22626089757807441        2.3121911968485592E-002
   1.5104605488557026        5.8365365910527843E-002  0.14580847313169923        4.7908576849311872       0.39024396291157704     
   5.8365365910527843E-002   1.8115222147773899       -1.4739700668063484E-002  0.39024396291157715        7.0628571019778903     
  0.14580847313169923       -1.4739700668063484E-002   2.5980255939035932       0.17796971308024401      -0.17364846854597138     
  0.26942377431938375       -4.1619220222827741E-002   2.2457558481269454E-002  0.35515685236873223       -5.5346560834864340E-002
  -4.1619220222827741E-002  0.45498223543226263      -0.10435081045670765       -5.5346560834864340E-002  0.63440022124133777     
   2.2457558481269454E-002 -0.10435081045670765       0.31662326599497981        2.1238292738548568E-002 -0.11047956510051729     
 first few columns of gr matrix
   4.3276409855761644       0.44845560284809305       0.31824185695635410        1.5104605488557026        5.8365365910527843E-002
  0.44845560284809305        6.4165939844607500      -0.24346909314292209        5.8365365910527843E-002   1.8115222147773899     
  0.31824185695635410      -0.24346909314292253        5.8952837136925602       0.14580847313169923       -1.4739700668063484E-002
   1.9675263964411520       0.10430278782521228       0.22626089757807441        4.7908576849311872       0.39024396291157715     
  0.10430278782521228        2.3916968845794413        2.3121911968485592E-002  0.39024396291157704        7.0628571019778903     
  0.22626089757807441        2.3121911968485592E-002   3.2742920889978939       0.17796971308024395      -0.17364846854597094     
  0.57226922147949078       -8.3692158702286579E-002   5.0130357914409000E-002  0.64489581961219833      -0.10138604406391578     
  -8.3692158702286579E-002  0.94806467959472507      -0.22896530393371969      -0.10138604406391578        1.1391786449813450     
   5.0130357914409000E-002 -0.22896530393371969       0.69160002977658330        4.1603908353205397E-002 -0.19858031306194765     
  
 about to enter dgetrf
 Just out of dgetrf:                 
  
  **** TRANSLATION/ROTATION FLOWS ****
     U(X-Z) =     1.000     0.000     0.000 A/SEC
  OMGA(X-Z) =     0.000     0.000     0.000 RAD/S

 FTOTH(X-Z) =   -0.14914E+02   -0.30590E-01   -0.57304E+00
 TTOTH(X-Z) =    0.19687E+01   -0.15198E+01    0.71245E+01

     U(X-Z) =     0.000     1.000     0.000 A/SEC
  OMGA(X-Z) =     0.000     0.000     0.000 RAD/S

 FTOTH(X-Z) =   -0.30828E-01   -0.15274E+02   -0.24366E+00
 TTOTH(X-Z) =   -0.17957E+01   -0.38292E+00    0.65900E+01

     U(X-Z) =     0.000     0.000     1.000 A/SEC
  OMGA(X-Z) =     0.000     0.000     0.000 RAD/S

 FTOTH(X-Z) =   -0.57281E+00   -0.24398E+00   -0.15443E+02
 TTOTH(X-Z) =   -0.30990E+01   -0.32077E+01   -0.16877E+01

     U(X-Z) =     0.000     0.000     0.000 A/SEC
  OMGA(X-Z) =     1.000     0.000     0.000 RAD/S

 FTOTH(X-Z) =    0.19631E+01   -0.19448E+01   -0.30444E+01
 TTOTH(X-Z) =   -0.83436E+04    0.36737E+03   -0.12879E+04

     U(X-Z) =     0.000     0.000     0.000 A/SEC
  OMGA(X-Z) =     0.000     1.000     0.000 RAD/S

 FTOTH(X-Z) =   -0.14203E+01   -0.40074E+00   -0.31758E+01
 TTOTH(X-Z) =    0.36943E+03   -0.96005E+04   -0.40074E+03

     U(X-Z) =     0.000     0.000     0.000 A/SEC
  OMGA(X-Z) =     0.000     0.000     1.000 RAD/S

 FTOTH(X-Z) =    0.71392E+01    0.65935E+01   -0.16760E+01
 TTOTH(X-Z) =   -0.12886E+04   -0.40100E+03   -0.95844E+04

 I,J,Ktt,Ktr,Krt,Krr=    1    1  0.1491E+02 -0.1969E+01 -0.1963E+01  0.8344E+04
 I,J,Ktt,Ktr,Krt,Krr=    1    2  0.3083E-01  0.1796E+01  0.1420E+01 -0.3694E+03
 I,J,Ktt,Ktr,Krt,Krr=    1    3  0.5728E+00  0.3099E+01 -0.7139E+01  0.1289E+04
 I,J,Ktt,Ktr,Krt,Krr=    2    1  0.3059E-01  0.1520E+01  0.1945E+01 -0.3674E+03
 I,J,Ktt,Ktr,Krt,Krr=    2    2  0.1527E+02  0.3829E+00  0.4007E+00  0.9601E+04
 I,J,Ktt,Ktr,Krt,Krr=    2    3  0.2440E+00  0.3208E+01 -0.6594E+01  0.4010E+03
 I,J,Ktt,Ktr,Krt,Krr=    3    1  0.5730E+00 -0.7124E+01  0.3044E+01  0.1288E+04
 I,J,Ktt,Ktr,Krt,Krr=    3    2  0.2437E+00 -0.6590E+01  0.3176E+01  0.4007E+03
 I,J,Ktt,Ktr,Krt,Krr=    3    3  0.1544E+02  0.1688E+01  0.1676E+01  0.9584E+04
  
  Friction Tensors in Center of Resistance
  
  Ktt Tensor (A)
    0.14914E+02    0.30828E-01    0.57281E+00
    0.30590E-01    0.15274E+02    0.24398E+00
    0.57304E+00    0.24366E+00    0.15443E+02
  
  Symmetric Krt Tensor (A^2)
   -0.19659E+01    0.14700E+01   -0.71318E+01
    0.18702E+01    0.39183E+00   -0.65918E+01
    0.30717E+01    0.31918E+01    0.16818E+01
  
  Krr Tensor (A^3)
    0.83436E+04   -0.36943E+03    0.12886E+04
   -0.36737E+03    0.96005E+04    0.40100E+03
    0.12879E+04    0.40074E+03    0.95844E+04
  
 Raw Dtt tensor (no rot/trans coupling correction)
    0.67145E-01   -0.95812E-04   -0.24891E-02
   -0.94694E-04    0.65485E-01   -0.10311E-02
   -0.24901E-02   -0.10297E-02    0.64864E-01
  
 Raw Drr tensor (no rot/trans coupling correction)
    0.12267E-03    0.54183E-05   -0.16720E-04
    0.53921E-05    0.10458E-03   -0.51006E-05
   -0.16710E-04   -0.51008E-05    0.10680E-03
  
 Raw Dtt tensor, before CD transformation
    0.67145E-01   -0.95884E-04   -0.24846E-02
   -0.94564E-04    0.65486E-01   -0.10345E-02
   -0.24921E-02   -0.10305E-02    0.64915E-01
  
 Program finished at:                
 Elapsed time CPU_TIME:   67.656000000000006     
