 BEST ver.3.90 SFSU/ARAGON
  
 control gtensor value=   1.0000000000000000     
 true area (A^2)=    6580.7650000000003     
 total area (A^2) =    6215.2189103614801     
 centroid coords =   -2.1693384290330613       0.37329455630126923       -4.0041645538155581     
  
 first few rows of gr matrix
   4.3142514355161783       0.44706809894838684       0.31725722923674848        1.9553703330493231       0.10365836887204206     
  0.44706809894838684        6.3967412964360495      -0.24271580939744472       0.10365836887204206        2.3769201481679514     
  0.31725722923674837      -0.24271580939744428        5.8770439390288569       0.22486297894326840        2.2979056742660865E-002
   1.5011283974720995        5.8004764350527108E-002  0.14490761759773699        4.7760349607226757       0.38903656352368277     
   5.8004764350527108E-002   1.8003299995581401       -1.4648633663372178E-002  0.38903656352368299        7.0410049014259819     
  0.14490761759773699       -1.4648633663372178E-002   2.5819740868589451       0.17741908182631361      -0.17311120705173305     
  0.26775918039788937       -4.1362082183784010E-002   2.2318807862717064E-002  0.35296256962911821       -5.5004610504110936E-002
  -4.1362082183784010E-002  0.45217119670562561      -0.10370609480298278       -5.5004610504110936E-002  0.63048067570478594     
   2.2318807862717064E-002 -0.10370609480298278       0.31466705717372617        2.1107075168440577E-002 -0.10979698386587856     
 first few columns of gr matrix
   4.3142514355161783       0.44706809894838684       0.31725722923674837        1.5011283974720995        5.8004764350527108E-002
  0.44706809894838684        6.3967412964360495      -0.24271580939744428        5.8004764350527108E-002   1.8003299995581401     
  0.31725722923674848      -0.24271580939744472        5.8770439390288569       0.14490761759773699       -1.4648633663372178E-002
   1.9553703330493231       0.10365836887204206       0.22486297894326840        4.7760349607226757       0.38903656352368299     
  0.10365836887204206        2.3769201481679514        2.2979056742660865E-002  0.38903656352368277        7.0410049014259819     
  0.22486297894326840        2.2979056742660865E-002   3.2540623719942476       0.17741908182631361      -0.17311120705173305     
  0.56873354290049871       -8.3175079394774018E-002   4.9820635102168623E-002  0.64091142861317008      -0.10075964576963319     
  -8.3175079394774018E-002  0.94220720578113049      -0.22755067653447211      -0.10075964576963319        1.1321404025221553     
   4.9820635102168623E-002 -0.22755067653447211       0.68732708389948449        4.1346864916225912E-002 -0.19735341471978746     
  
 about to enter dgetrf
 Just out of dgetrf:                 
  
  **** TRANSLATION/ROTATION FLOWS ****
     U(X-Z) =     1.000     0.000     0.000 A/SEC
  OMGA(X-Z) =     0.000     0.000     0.000 RAD/S

 FTOTH(X-Z) =   -0.14937E+02   -0.33696E-01   -0.57570E+00
 TTOTH(X-Z) =    0.18592E+01   -0.25175E+01    0.81837E+01

     U(X-Z) =     0.000     1.000     0.000 A/SEC
  OMGA(X-Z) =     0.000     0.000     0.000 RAD/S

 FTOTH(X-Z) =   -0.33840E-01   -0.15306E+02   -0.24654E+00
 TTOTH(X-Z) =   -0.83271E+00   -0.39708E+00    0.80217E+01

     U(X-Z) =     0.000     0.000     1.000 A/SEC
  OMGA(X-Z) =     0.000     0.000     0.000 RAD/S

 FTOTH(X-Z) =   -0.57557E+00   -0.24666E+00   -0.15467E+02
 TTOTH(X-Z) =   -0.41677E+01   -0.46252E+01   -0.15374E+01

     U(X-Z) =     0.000     0.000     0.000 A/SEC
  OMGA(X-Z) =     1.000     0.000     0.000 RAD/S

 FTOTH(X-Z) =    0.18542E+01   -0.94813E+00   -0.41549E+01
 TTOTH(X-Z) =   -0.83825E+04    0.36388E+03   -0.12991E+04

     U(X-Z) =     0.000     0.000     0.000 A/SEC
  OMGA(X-Z) =     0.000     1.000     0.000 RAD/S

 FTOTH(X-Z) =   -0.24360E+01   -0.43209E+00   -0.46186E+01
 TTOTH(X-Z) =    0.36421E+03   -0.96519E+04   -0.40163E+03

     U(X-Z) =     0.000     0.000     0.000 A/SEC
  OMGA(X-Z) =     0.000     0.000     1.000 RAD/S

 FTOTH(X-Z) =    0.82352E+01    0.80813E+01   -0.15458E+01
 TTOTH(X-Z) =   -0.13002E+04   -0.40287E+03   -0.96416E+04

 I,J,Ktt,Ktr,Krt,Krr=    1    1  0.1494E+02 -0.1859E+01 -0.1854E+01  0.8382E+04
 I,J,Ktt,Ktr,Krt,Krr=    1    2  0.3384E-01  0.8327E+00  0.2436E+01 -0.3642E+03
 I,J,Ktt,Ktr,Krt,Krr=    1    3  0.5756E+00  0.4168E+01 -0.8235E+01  0.1300E+04
 I,J,Ktt,Ktr,Krt,Krr=    2    1  0.3370E-01  0.2517E+01  0.9481E+00 -0.3639E+03
 I,J,Ktt,Ktr,Krt,Krr=    2    2  0.1531E+02  0.3971E+00  0.4321E+00  0.9652E+04
 I,J,Ktt,Ktr,Krt,Krr=    2    3  0.2467E+00  0.4625E+01 -0.8081E+01  0.4029E+03
 I,J,Ktt,Ktr,Krt,Krr=    3    1  0.5757E+00 -0.8184E+01  0.4155E+01  0.1299E+04
 I,J,Ktt,Ktr,Krt,Krr=    3    2  0.2465E+00 -0.8022E+01  0.4619E+01  0.4016E+03
 I,J,Ktt,Ktr,Krt,Krr=    3    3  0.1547E+02  0.1537E+01  0.1546E+01  0.9642E+04
  
  Friction Tensors in Center of Resistance
  
  Ktt Tensor (A)
    0.14937E+02    0.33840E-01    0.57557E+00
    0.33696E-01    0.15306E+02    0.24666E+00
    0.57570E+00    0.24654E+00    0.15467E+02
  
  Symmetric Krt Tensor (A^2)
   -0.18567E+01    0.24767E+01   -0.82094E+01
    0.89042E+00    0.41459E+00   -0.80515E+01
    0.41613E+01    0.46219E+01    0.15416E+01
  
  Krr Tensor (A^3)
    0.83825E+04   -0.36421E+03    0.13002E+04
   -0.36388E+03    0.96519E+04    0.40287E+03
    0.12991E+04    0.40163E+03    0.96416E+04
  
 Raw Dtt tensor (no rot/trans coupling correction)
    0.67045E-01   -0.10807E-03   -0.24932E-02
   -0.10741E-03    0.65349E-01   -0.10382E-02
   -0.24938E-02   -0.10376E-02    0.64763E-01
  
 Raw Drr tensor (no rot/trans coupling correction)
    0.12211E-03    0.53024E-05   -0.16689E-04
    0.52996E-05    0.10402E-03   -0.50609E-05
   -0.16675E-04   -0.50474E-05    0.10618E-03
  
 Raw Dtt tensor, before CD transformation
    0.67045E-01   -0.10821E-03   -0.24845E-02
   -0.10713E-03    0.65349E-01   -0.10454E-02
   -0.24965E-02   -0.10387E-02    0.64832E-01
  
 Program finished at:                
 Elapsed time CPU_TIME:   95.703999999999994     
