 BEST ver.3.90 SFSU/ARAGON
  
 control gtensor value=   1.0000000000000000     
 true area (A^2)=    9517.4689999999991     
 total area (A^2) =    9098.2898532875770     
 centroid coords =    37.257697366597313        14.992443589743639       -13.662705474705467     
  
 first few rows of gr matrix
   5.6525843710022272      -0.11393149459037866        1.0561652972667503        2.4094469609029430      -0.56382669705531729     
 -0.11393149459037821        6.4778589797860029       0.27610137226572429      -0.56382669705531729        2.9375949140477160     
   1.0561652972667495       0.27610137226572407        5.2711585793816269        4.3689689400437090E-002  0.19241831919275723     
   2.1462564890740086      -0.51535741803645441       -1.1377038407162605E-002   7.2513694238884545      -0.35307667142622134     
 -0.51535741803645441        2.2194614220144708       0.17731680973369748      -0.35307667142622101        6.2069175031465349     
  -1.1377038407162605E-002  0.17731680973369748        1.6161729036471051       0.38978552825212165        1.1356257820882418     
   1.3960436713584661      -0.33169221016504014       0.25357243778193456        2.3871130270613117      -0.20559576393944209     
 -0.33169221016504014        1.1890897923384038      -0.15673310529097634      -0.20559576393944209        2.0053104836153941     
  0.25357243778193456      -0.15673310529097634        1.0434827860859059       0.58140175700392205       -9.8891462125459115E-002
 first few columns of gr matrix
   5.6525843710022272      -0.11393149459037821        1.0561652972667495        2.1462564890740086      -0.51535741803645441     
 -0.11393149459037866        6.4778589797860029       0.27610137226572407      -0.51535741803645441        2.2194614220144708     
   1.0561652972667503       0.27610137226572429        5.2711585793816269       -1.1377038407162605E-002  0.17731680973369748     
   2.4094469609029430      -0.56382669705531729        4.3689689400437090E-002   7.2513694238884545      -0.35307667142622101     
 -0.56382669705531729        2.9375949140477160       0.19241831919275723      -0.35307667142622134        6.2069175031465349     
   4.3689689400437090E-002  0.19241831919275723        1.9774381188188515       0.38978552825212165        1.1356257820882423     
   1.7380482589280180      -0.43405654079612510       0.29034047854083361        2.6300294440532936      -0.16803531725412185     
 -0.43405654079612510        1.4618989315292312      -0.20015879054372326      -0.16803531725412185        2.0058559256405069     
  0.29034047854083361      -0.20015879054372326        1.3364153425177956       0.63435700985557786       -1.1035993419396848E-002
  
 about to enter dgetrf
 Just out of dgetrf:                 
  
  **** TRANSLATION/ROTATION FLOWS ****
     U(X-Z) =     1.000     0.000     0.000 A/SEC
  OMGA(X-Z) =     0.000     0.000     0.000 RAD/S

 FTOTH(X-Z) =   -0.17877E+02   -0.42088E-01   -0.41876E+00
 TTOTH(X-Z) =   -0.17591E+01   -0.11612E+01   -0.43187E+01

     U(X-Z) =     0.000     1.000     0.000 A/SEC
  OMGA(X-Z) =     0.000     0.000     0.000 RAD/S

 FTOTH(X-Z) =   -0.42182E-01   -0.18239E+02    0.14772E-01
 TTOTH(X-Z) =    0.30546E+01    0.16359E+01    0.69467E+01

     U(X-Z) =     0.000     0.000     1.000 A/SEC
  OMGA(X-Z) =     0.000     0.000     0.000 RAD/S

 FTOTH(X-Z) =   -0.41872E+00    0.14759E-01   -0.18202E+02
 TTOTH(X-Z) =    0.38242E+01   -0.35534E+01    0.10718E+00

     U(X-Z) =     0.000     0.000     0.000 A/SEC
  OMGA(X-Z) =     1.000     0.000     0.000 RAD/S

 FTOTH(X-Z) =   -0.17605E+01    0.31144E+01    0.37590E+01
 TTOTH(X-Z) =   -0.13856E+05   -0.35847E+02   -0.10136E+04

     U(X-Z) =     0.000     0.000     0.000 A/SEC
  OMGA(X-Z) =     0.000     1.000     0.000 RAD/S

 FTOTH(X-Z) =   -0.12612E+01    0.16417E+01   -0.35817E+01
 TTOTH(X-Z) =   -0.35907E+02   -0.15108E+05   -0.36644E+02

     U(X-Z) =     0.000     0.000     0.000 A/SEC
  OMGA(X-Z) =     0.000     0.000     1.000 RAD/S

 FTOTH(X-Z) =   -0.42742E+01    0.69504E+01    0.10993E+00
 TTOTH(X-Z) =   -0.10132E+04   -0.37020E+02   -0.14557E+05

 I,J,Ktt,Ktr,Krt,Krr=    1    1  0.1788E+02  0.1759E+01  0.1760E+01  0.1386E+05
 I,J,Ktt,Ktr,Krt,Krr=    1    2  0.4218E-01 -0.3055E+01  0.1261E+01  0.3591E+02
 I,J,Ktt,Ktr,Krt,Krr=    1    3  0.4187E+00 -0.3824E+01  0.4274E+01  0.1013E+04
 I,J,Ktt,Ktr,Krt,Krr=    2    1  0.4209E-01  0.1161E+01 -0.3114E+01  0.3585E+02
 I,J,Ktt,Ktr,Krt,Krr=    2    2  0.1824E+02 -0.1636E+01 -0.1642E+01  0.1511E+05
 I,J,Ktt,Ktr,Krt,Krr=    2    3 -0.1476E-01  0.3553E+01 -0.6950E+01  0.3702E+02
 I,J,Ktt,Ktr,Krt,Krr=    3    1  0.4188E+00  0.4319E+01 -0.3759E+01  0.1014E+04
 I,J,Ktt,Ktr,Krt,Krr=    3    2 -0.1477E-01 -0.6947E+01  0.3582E+01  0.3664E+02
 I,J,Ktt,Ktr,Krt,Krr=    3    3  0.1820E+02 -0.1072E+00 -0.1099E+00  0.1456E+05
  
  Friction Tensors in Center of Resistance
  
  Ktt Tensor (A)
    0.17877E+02    0.42182E-01    0.41872E+00
    0.42088E-01    0.18239E+02   -0.14759E-01
    0.41876E+00   -0.14772E-01    0.18202E+02
  
  Symmetric Krt Tensor (A^2)
    0.17598E+01    0.12112E+01    0.42964E+01
   -0.30845E+01   -0.16388E+01   -0.69486E+01
   -0.37916E+01    0.35676E+01   -0.10855E+00
  
  Krr Tensor (A^3)
    0.13856E+05    0.35907E+02    0.10132E+04
    0.35847E+02    0.15108E+05    0.37020E+02
    0.10136E+04    0.36644E+02    0.14557E+05
  
 Raw Dtt tensor (no rot/trans coupling correction)
    0.55968E-01   -0.13048E-03   -0.12876E-02
   -0.13019E-03    0.54827E-01    0.47451E-04
   -0.12877E-02    0.47497E-04    0.54968E-01
  
 Raw Drr tensor (no rot/trans coupling correction)
    0.72541E-04   -0.16016E-06   -0.50488E-05
   -0.15975E-06    0.66191E-04   -0.15721E-06
   -0.50505E-05   -0.15547E-06    0.69049E-04
  
 Raw Dtt tensor, before CD transformation
    0.55967E-01   -0.13047E-03   -0.12815E-02
   -0.13026E-03    0.54827E-01    0.50566E-04
   -0.12880E-02    0.47509E-04    0.54982E-01
  
 Program finished at:                
 Elapsed time CPU_TIME:   303.47600000000000     
