 BEST ver.3.90 SFSU/ARAGON
  
 control gtensor value=   1.0000000000000000     
 true area (A^2)=    9517.4689999999991     
 total area (A^2) =    8980.5889263436038     
 centroid coords =    37.145102832635210        14.837775683223638       -13.769942250149596     
  
 first few rows of gr matrix
   5.6895055945158370      -0.11467566573421684        1.0630638966415331        2.4410255291957998      -0.57121629315235056     
 -0.11467566573421684        6.5201706842356124       0.27790479523277117      -0.57121629315235056        2.9760954675420503     
   1.0630638966415331       0.27790479523277134        5.3055884279803340        4.4262292932622078E-002  0.19494018214804226     
   2.1743856441099894      -0.52211176859273134       -1.1526147555502773E-002   7.2987334990984758      -0.35538287719822936     
 -0.52211176859273134        2.2485500117305861       0.17964075007208483      -0.35538287719822947        6.2474594877367764     
  -1.1526147555502773E-002  0.17964075007208483        1.6373547047985857       0.39233150681102547        1.1430433968598837     
  0.94705016280638021      -0.27282880821291566      -0.13914388860849633        2.0122095906640345      -0.37347708442556693     
 -0.27282880821291566        1.0432309746811994       0.18289530427236839      -0.37347708442556693        2.2132331512241610     
 -0.13914388860849633       0.18289530427236839       0.80256618714273342      -0.28397307245563097       0.57655808921562424     
 first few columns of gr matrix
   5.6895055945158370      -0.11467566573421684        1.0630638966415331        2.1743856441099894      -0.52211176859273134     
 -0.11467566573421684        6.5201706842356124       0.27790479523277134      -0.52211176859273134        2.2485500117305861     
   1.0630638966415331       0.27790479523277117        5.3055884279803340       -1.1526147555502773E-002  0.17964075007208483     
   2.4410255291957998      -0.57121629315235056        4.4262292932622078E-002   7.2987334990984758      -0.35538287719822947     
 -0.57121629315235056        2.9760954675420503       0.19494018214804226      -0.35538287719822936        6.2474594877367764     
   4.4262292932622078E-002  0.19494018214804226        2.0033547153214024       0.39233150681102547        1.1430433968598841     
   1.2276436430283901      -0.29556271204001666      -0.15403899394721851        2.1511133855208224      -0.23669794651740617     
 -0.29556271204001666        1.6361967170253708       0.33951342711752119      -0.23669794651740617        2.4478607559225414     
 -0.15403899394721851       0.33951342711752119        1.2090293935138632      -0.13449540504193175       0.66384742788610784     
  
 about to enter dgetrf
 Just out of dgetrf:                 
  
  **** TRANSLATION/ROTATION FLOWS ****
     U(X-Z) =     1.000     0.000     0.000 A/SEC
  OMGA(X-Z) =     0.000     0.000     0.000 RAD/S

 FTOTH(X-Z) =   -0.17823E+02   -0.42395E-01   -0.41630E+00
 TTOTH(X-Z) =   -0.18315E+01   -0.30107E+01   -0.17149E+01

     U(X-Z) =     0.000     1.000     0.000 A/SEC
  OMGA(X-Z) =     0.000     0.000     0.000 RAD/S

 FTOTH(X-Z) =   -0.42350E-01   -0.18177E+02    0.15447E-01
 TTOTH(X-Z) =    0.49749E+01    0.16879E+01    0.44769E+01

     U(X-Z) =     0.000     0.000     1.000 A/SEC
  OMGA(X-Z) =     0.000     0.000     0.000 RAD/S

 FTOTH(X-Z) =   -0.41628E+00    0.15426E-01   -0.18148E+02
 TTOTH(X-Z) =    0.11939E+01   -0.11623E+01    0.11794E+00

     U(X-Z) =     0.000     0.000     0.000 A/SEC
  OMGA(X-Z) =     1.000     0.000     0.000 RAD/S

 FTOTH(X-Z) =   -0.18366E+01    0.49548E+01    0.11977E+01
 TTOTH(X-Z) =   -0.13739E+05   -0.41118E+02   -0.99541E+03

     U(X-Z) =     0.000     0.000     0.000 A/SEC
  OMGA(X-Z) =     0.000     1.000     0.000 RAD/S

 FTOTH(X-Z) =   -0.30337E+01    0.16858E+01   -0.12320E+01
 TTOTH(X-Z) =   -0.42123E+02   -0.14959E+05   -0.33856E+02

     U(X-Z) =     0.000     0.000     0.000 A/SEC
  OMGA(X-Z) =     0.000     0.000     1.000 RAD/S

 FTOTH(X-Z) =   -0.17393E+01    0.44908E+01    0.14829E+00
 TTOTH(X-Z) =   -0.99050E+03   -0.35068E+02   -0.14414E+05

 I,J,Ktt,Ktr,Krt,Krr=    1    1  0.1782E+02  0.1832E+01  0.1837E+01  0.1374E+05
 I,J,Ktt,Ktr,Krt,Krr=    1    2  0.4235E-01 -0.4975E+01  0.3034E+01  0.4212E+02
 I,J,Ktt,Ktr,Krt,Krr=    1    3  0.4163E+00 -0.1194E+01  0.1739E+01  0.9905E+03
 I,J,Ktt,Ktr,Krt,Krr=    2    1  0.4240E-01  0.3011E+01 -0.4955E+01  0.4112E+02
 I,J,Ktt,Ktr,Krt,Krr=    2    2  0.1818E+02 -0.1688E+01 -0.1686E+01  0.1496E+05
 I,J,Ktt,Ktr,Krt,Krr=    2    3 -0.1543E-01  0.1162E+01 -0.4491E+01  0.3507E+02
 I,J,Ktt,Ktr,Krt,Krr=    3    1  0.4163E+00  0.1715E+01 -0.1198E+01  0.9954E+03
 I,J,Ktt,Ktr,Krt,Krr=    3    2 -0.1545E-01 -0.4477E+01  0.1232E+01  0.3386E+02
 I,J,Ktt,Ktr,Krt,Krr=    3    3  0.1815E+02 -0.1179E+00 -0.1483E+00  0.1441E+05
  
  Friction Tensors in Center of Resistance
  
  Ktt Tensor (A)
    0.17823E+02    0.42350E-01    0.41628E+00
    0.42395E-01    0.18177E+02   -0.15426E-01
    0.41630E+00   -0.15447E-01    0.18148E+02
  
  Symmetric Krt Tensor (A^2)
    0.18341E+01    0.30222E+01    0.17271E+01
   -0.49649E+01   -0.16868E+01   -0.44838E+01
   -0.11958E+01    0.11972E+01   -0.13312E+00
  
  Krr Tensor (A^3)
    0.13739E+05    0.42123E+02    0.99050E+03
    0.41118E+02    0.14959E+05    0.35068E+02
    0.99541E+03    0.33856E+02    0.14414E+05
  
 Raw Dtt tensor (no rot/trans coupling correction)
    0.56138E-01   -0.13188E-03   -0.12878E-02
   -0.13202E-03    0.55014E-01    0.49791E-04
   -0.12879E-02    0.49852E-04    0.55133E-01
  
 Raw Drr tensor (no rot/trans coupling correction)
    0.73152E-04   -0.19461E-06   -0.50262E-05
   -0.18923E-06    0.66850E-04   -0.14963E-06
   -0.50511E-05   -0.14358E-06    0.69722E-04
  
 Raw Dtt tensor, before CD transformation
    0.56138E-01   -0.13188E-03   -0.12825E-02
   -0.13208E-03    0.55014E-01    0.52427E-04
   -0.12880E-02    0.49857E-04    0.55138E-01
  
 Program finished at:                
 Elapsed time CPU_TIME:   122.42000000000000     
