 BEST ver.3.90 SFSU/ARAGON
  
 control gtensor value=   1.0000000000000000     
 true area (A^2)=    9517.4689999999991     
 total area (A^2) =    8853.8698336625239     
 centroid coords =    37.204971474359027        14.751742147435912       -13.994940064102563     
  
 first few rows of gr matrix
   9.5809981647897935      -0.48553396172848073       0.16217575960493735        2.9877849714462177        2.1558671522038948E-002
 -0.48553396172848073        8.2808371566032140        1.7015920373773423        2.1558671522038948E-002   3.2808705929505662     
  0.16217575960493735        1.7015920373773423        8.3943167316568026       0.18301370221235624       0.98444252388013587     
   2.6672284814543299        1.0042306471865600E-002  0.30313600523852885        10.545044237853366       -1.1713602548950468     
   1.0042306471865600E-002   2.6685926536343270       0.70454010961649671       -1.1713602548950481        8.3620332367859760     
  0.30313600523852885       0.70454010961649671        3.6248845346605014       0.39149942131696081        1.1871507415889329     
  0.66395790023970302       -3.4158185972502156E-002 -0.11009939329846626        1.0955932552870473       -5.9309263162243941E-002
  -3.4158185972502156E-002  0.68481251929334541       0.15884689727231882       -5.9309263162243941E-002   1.0243556044577611     
 -0.11009939329846626       0.15884689727231882        1.1978241163193275      -0.27278084112045481       0.16650375130859404     
 first few columns of gr matrix
   9.5809981647897935      -0.48553396172848073       0.16217575960493735        2.6672284814543299        1.0042306471865600E-002
 -0.48553396172848073        8.2808371566032140        1.7015920373773423        1.0042306471865600E-002   2.6685926536343270     
  0.16217575960493735        1.7015920373773423        8.3943167316568026       0.30313600523852885       0.70454010961649671     
   2.9877849714462177        2.1558671522038948E-002  0.18301370221235624        10.545044237853366       -1.1713602548950481     
   2.1558671522038948E-002   3.2808705929505662       0.98444252388013587       -1.1713602548950468        8.3620332367859760     
  0.18301370221235624       0.98444252388013587        4.0795316068590184       0.39149942131696125        1.1871507415889329     
  0.80841843207234410       -5.5515542272847412E-002 -0.15880805452018512        1.1769246127534565       -6.7581412039873279E-002
  -5.5515542272847412E-002  0.83798031518857030       0.20973584316111232       -6.7581412039873279E-002   1.1175773452493876     
 -0.15880805452018512       0.20973584316111232        1.4160654435613755      -0.29189538206717131       0.17445623175067382     
  
 about to enter dgetrf
 Just out of dgetrf:                 
  
  **** TRANSLATION/ROTATION FLOWS ****
     U(X-Z) =     1.000     0.000     0.000 A/SEC
  OMGA(X-Z) =     0.000     0.000     0.000 RAD/S

 FTOTH(X-Z) =   -0.17758E+02   -0.38522E-01   -0.42200E+00
 TTOTH(X-Z) =   -0.17741E+01   -0.77032E+01   -0.43086E+00

     U(X-Z) =     0.000     1.000     0.000 A/SEC
  OMGA(X-Z) =     0.000     0.000     0.000 RAD/S

 FTOTH(X-Z) =   -0.38595E-01   -0.18095E+02    0.19445E-01
 TTOTH(X-Z) =    0.96437E+01    0.16743E+01    0.59641E+01

     U(X-Z) =     0.000     0.000     1.000 A/SEC
  OMGA(X-Z) =     0.000     0.000     0.000 RAD/S

 FTOTH(X-Z) =   -0.42228E+00    0.19730E-01   -0.18086E+02
 TTOTH(X-Z) =   -0.83440E-01   -0.27530E+01    0.12005E+00

     U(X-Z) =     0.000     0.000     0.000 A/SEC
  OMGA(X-Z) =     1.000     0.000     0.000 RAD/S

 FTOTH(X-Z) =   -0.18572E+01    0.95520E+01   -0.68981E-01
 TTOTH(X-Z) =   -0.13584E+05   -0.45580E+02   -0.99945E+03

     U(X-Z) =     0.000     0.000     0.000 A/SEC
  OMGA(X-Z) =     0.000     1.000     0.000 RAD/S

 FTOTH(X-Z) =   -0.75276E+01    0.16869E+01   -0.27832E+01
 TTOTH(X-Z) =   -0.47460E+02   -0.14778E+05   -0.24505E+02

     U(X-Z) =     0.000     0.000     0.000 A/SEC
  OMGA(X-Z) =     0.000     0.000     1.000 RAD/S

 FTOTH(X-Z) =   -0.32617E+00    0.60011E+01    0.15350E+00
 TTOTH(X-Z) =   -0.99733E+03   -0.20637E+02   -0.14278E+05

 I,J,Ktt,Ktr,Krt,Krr=    1    1  0.1776E+02  0.1774E+01  0.1857E+01  0.1358E+05
 I,J,Ktt,Ktr,Krt,Krr=    1    2  0.3859E-01 -0.9644E+01  0.7528E+01  0.4746E+02
 I,J,Ktt,Ktr,Krt,Krr=    1    3  0.4223E+00  0.8344E-01  0.3262E+00  0.9973E+03
 I,J,Ktt,Ktr,Krt,Krr=    2    1  0.3852E-01  0.7703E+01 -0.9552E+01  0.4558E+02
 I,J,Ktt,Ktr,Krt,Krr=    2    2  0.1810E+02 -0.1674E+01 -0.1687E+01  0.1478E+05
 I,J,Ktt,Ktr,Krt,Krr=    2    3 -0.1973E-01  0.2753E+01 -0.6001E+01  0.2064E+02
 I,J,Ktt,Ktr,Krt,Krr=    3    1  0.4220E+00  0.4309E+00  0.6898E-01  0.9994E+03
 I,J,Ktt,Ktr,Krt,Krr=    3    2 -0.1945E-01 -0.5964E+01  0.2783E+01  0.2450E+02
 I,J,Ktt,Ktr,Krt,Krr=    3    3  0.1809E+02 -0.1200E+00 -0.1535E+00  0.1428E+05
  
  Friction Tensors in Center of Resistance
  
  Ktt Tensor (A)
    0.17758E+02    0.38595E-01    0.42228E+00
    0.38522E-01    0.18095E+02   -0.19730E-01
    0.42200E+00   -0.19445E-01    0.18086E+02
  
  Symmetric Krt Tensor (A^2)
    0.18157E+01    0.76154E+01    0.37851E+00
   -0.95979E+01   -0.16806E+01   -0.59826E+01
    0.76211E-01    0.27681E+01   -0.13677E+00
  
  Krr Tensor (A^3)
    0.13584E+05    0.47460E+02    0.99733E+03
    0.45580E+02    0.14778E+05    0.20637E+02
    0.99945E+03    0.24505E+02    0.14278E+05
  
 Raw Dtt tensor (no rot/trans coupling correction)
    0.56346E-01   -0.12159E-03   -0.13157E-02
   -0.12139E-03    0.55264E-01    0.63122E-04
   -0.13149E-02    0.62256E-04    0.55323E-01
  
 Raw Drr tensor (no rot/trans coupling correction)
    0.73995E-04   -0.22907E-06   -0.51684E-05
   -0.22099E-06    0.67670E-04   -0.82372E-07
   -0.51793E-05   -0.10010E-06    0.70401E-04
  
 Raw Dtt tensor, before CD transformation
    0.56345E-01   -0.12158E-03   -0.13036E-02
   -0.12145E-03    0.55264E-01    0.65792E-04
   -0.13150E-02    0.62264E-04    0.55330E-01
  
 Program finished at:                
 Elapsed time CPU_TIME:   35.359999999999999     
