 BEST ver.3.90 SFSU/ARAGON
  
 control gtensor value=   1.0000000000000000     
 true area (A^2)=    9517.4689999999991     
 total area (A^2) =    9055.8940901350124     
 centroid coords =    37.196334523242932        15.016380295097600       -13.590860225289511     
  
 first few rows of gr matrix
   5.6658003936968573      -0.11419787207708448        1.0586346641300843        2.4207269451503723      -0.56646628878083116     
 -0.11419787207708404        6.4930045354593791       0.27674691097198428      -0.56646628878083116        2.9513474576369587     
   1.0586346641300843       0.27674691097198378        5.2834828096522042        4.3894225551765080E-002  0.19331913819588553     
   2.1563043298360332      -0.51777009764782400       -1.1430300759933839E-002   7.2683234853554337      -0.35390218220080605     
 -0.51777009764782400        2.2298519764795994       0.17814693002812843      -0.35390218220080594        6.2214295842056160     
  -1.1430300759933839E-002  0.17814693002812843        1.6237391232776170       0.39069686615516031        1.1382809315072722     
   1.4025793415255925      -0.33324504903900914       0.25475955380904586        2.3982884535301281      -0.20655827401590626     
 -0.33324504903900914        1.1946565943240883      -0.15746686162071530      -0.20655827401590626        2.0146984763927529     
  0.25475955380904586      -0.15746686162071530        1.0483679193054816       0.58412362752726155       -9.9354429002539643E-002
 first few columns of gr matrix
   5.6658003936968573      -0.11419787207708404        1.0586346641300843        2.1563043298360332      -0.51777009764782400     
 -0.11419787207708448        6.4930045354593791       0.27674691097198378      -0.51777009764782400        2.2298519764795994     
   1.0586346641300843       0.27674691097198428        5.2834828096522042       -1.1430300759933839E-002  0.17814693002812843     
   2.4207269451503723      -0.56646628878083116        4.3894225551765080E-002   7.2683234853554337      -0.35390218220080594     
 -0.56646628878083116        2.9513474576369587       0.19331913819588553      -0.35390218220080605        6.2214295842056160     
   4.3894225551765080E-002  0.19331913819588553        1.9866956252892090       0.39069686615516019        1.1382809315072722     
   1.7461850460414523      -0.43608860500925012       0.29169972656640714        2.6423420996877955      -0.16882198563171827     
 -0.43608860500925012        1.4687429074235179      -0.20109584707202774      -0.16882198563171827        2.0152464719405412     
  0.29169972656640714      -0.20109584707202774        1.3426718587458901       0.63732679387428692       -1.1087659147651299E-002
  
 about to enter dgetrf
 Just out of dgetrf:                 
  
  **** TRANSLATION/ROTATION FLOWS ****
     U(X-Z) =     1.000     0.000     0.000 A/SEC
  OMGA(X-Z) =     0.000     0.000     0.000 RAD/S

 FTOTH(X-Z) =   -0.17863E+02   -0.43256E-01   -0.41637E+00
 TTOTH(X-Z) =   -0.17077E+01    0.16707E+00   -0.48929E+01

     U(X-Z) =     0.000     1.000     0.000 A/SEC
  OMGA(X-Z) =     0.000     0.000     0.000 RAD/S

 FTOTH(X-Z) =   -0.43240E-01   -0.18214E+02    0.13987E-01
 TTOTH(X-Z) =    0.18279E+01    0.16309E+01    0.56701E+01

     U(X-Z) =     0.000     0.000     1.000 A/SEC
  OMGA(X-Z) =     0.000     0.000     0.000 RAD/S

 FTOTH(X-Z) =   -0.41631E+00    0.13916E-01   -0.18182E+02
 TTOTH(X-Z) =    0.44365E+01   -0.21894E+01    0.60795E-01

     U(X-Z) =     0.000     0.000     0.000 A/SEC
  OMGA(X-Z) =     1.000     0.000     0.000 RAD/S

 FTOTH(X-Z) =   -0.17114E+01    0.18924E+01    0.44480E+01
 TTOTH(X-Z) =   -0.13818E+05   -0.37284E+02   -0.10007E+04

     U(X-Z) =     0.000     0.000     0.000 A/SEC
  OMGA(X-Z) =     0.000     1.000     0.000 RAD/S

 FTOTH(X-Z) =    0.48136E-01    0.16336E+01   -0.22523E+01
 TTOTH(X-Z) =   -0.35667E+02   -0.15051E+05   -0.38994E+02

     U(X-Z) =     0.000     0.000     0.000 A/SEC
  OMGA(X-Z) =     0.000     0.000     1.000 RAD/S

 FTOTH(X-Z) =   -0.49063E+01    0.57142E+01    0.70015E-01
 TTOTH(X-Z) =   -0.99910E+03   -0.40035E+02   -0.14503E+05

 I,J,Ktt,Ktr,Krt,Krr=    1    1  0.1786E+02  0.1708E+01  0.1711E+01  0.1382E+05
 I,J,Ktt,Ktr,Krt,Krr=    1    2  0.4324E-01 -0.1828E+01 -0.4814E-01  0.3567E+02
 I,J,Ktt,Ktr,Krt,Krr=    1    3  0.4163E+00 -0.4437E+01  0.4906E+01  0.9991E+03
 I,J,Ktt,Ktr,Krt,Krr=    2    1  0.4326E-01 -0.1671E+00 -0.1892E+01  0.3728E+02
 I,J,Ktt,Ktr,Krt,Krr=    2    2  0.1821E+02 -0.1631E+01 -0.1634E+01  0.1505E+05
 I,J,Ktt,Ktr,Krt,Krr=    2    3 -0.1392E-01  0.2189E+01 -0.5714E+01  0.4004E+02
 I,J,Ktt,Ktr,Krt,Krr=    3    1  0.4164E+00  0.4893E+01 -0.4448E+01  0.1001E+04
 I,J,Ktt,Ktr,Krt,Krr=    3    2 -0.1399E-01 -0.5670E+01  0.2252E+01  0.3899E+02
 I,J,Ktt,Ktr,Krt,Krr=    3    3  0.1818E+02 -0.6079E-01 -0.7001E-01  0.1450E+05
  
  Friction Tensors in Center of Resistance
  
  Ktt Tensor (A)
    0.17863E+02    0.43240E-01    0.41631E+00
    0.43256E-01    0.18214E+02   -0.13916E-01
    0.41637E+00   -0.13987E-01    0.18182E+02
  
  Symmetric Krt Tensor (A^2)
    0.17095E+01   -0.10760E+00    0.48996E+01
   -0.18602E+01   -0.16323E+01   -0.56921E+01
   -0.44423E+01    0.22209E+01   -0.65405E-01
  
  Krr Tensor (A^3)
    0.13818E+05    0.35667E+02    0.99910E+03
    0.37284E+02    0.15051E+05    0.40035E+02
    0.10007E+04    0.38994E+02    0.14503E+05
  
 Raw Dtt tensor (no rot/trans coupling correction)
    0.56012E-01   -0.13396E-03   -0.12826E-02
   -0.13400E-03    0.54903E-01    0.45089E-04
   -0.12828E-02    0.45306E-04    0.55030E-01
  
 Raw Drr tensor (no rot/trans coupling correction)
    0.72732E-04   -0.15938E-06   -0.50101E-05
   -0.16683E-06    0.66443E-04   -0.17192E-06
   -0.50182E-05   -0.16765E-06    0.69298E-04
  
 Raw Dtt tensor, before CD transformation
    0.56012E-01   -0.13395E-03   -0.12785E-02
   -0.13404E-03    0.54903E-01    0.46652E-04
   -0.12831E-02    0.45315E-04    0.55042E-01
  
 Program finished at:                
 Elapsed time CPU_TIME:   209.87600000000000     
