 BEST ver.3.90 SFSU/ARAGON
  
 control gtensor value=   1.0000000000000000     
 true area (A^2)=    37620.586000000003     
 total area (A^2) =    33553.522539067111     
 centroid coords =    53.283095808383386        36.455518837325386        44.266515593812407     
  
 first few rows of gr matrix
   14.061387817081700      -0.45832851325306123        1.9267748201789603        4.1332536466649712        5.4820773273042037E-002
 -0.45832851325306034        15.048792188187543        1.1011742686247503        5.4820773273042037E-002   4.9429125497168744     
   1.9267748201789607        1.1011742686247494        11.448683700650783       0.40095102290243645        1.2147530695606308     
   4.5796940886897053      -0.20868979162467521       0.13014117641962869        12.064657590642732       -2.3294056237318896     
 -0.20868979162467521        5.3515755841133572        1.2067973125604110       -2.3294056237318896        11.625590186009115     
  0.13014117641962869        1.2067973125604110        6.6325778338146089      -0.48813071000319608      -0.43990522625378103     
   2.9584402095846181      -0.58699271860710789      -0.53747816777342416        5.5140939088963492       -1.5117078601963534     
 -0.58699271860710789        3.6160947146188724       0.96030044736588660       -1.5117078601963534        5.3280679656238510     
 -0.53747816777342416       0.96030044736588660        3.5446780920713321      -0.41427548679735288       0.24539993939178256     
 first few columns of gr matrix
   14.061387817081700      -0.45832851325306034        1.9267748201789607        4.5796940886897053      -0.20868979162467521     
 -0.45832851325306123        15.048792188187543        1.1011742686247494      -0.20868979162467521        5.3515755841133572     
   1.9267748201789603        1.1011742686247503        11.448683700650783       0.13014117641962869        1.2067973125604110     
   4.1332536466649712        5.4820773273042037E-002  0.40095102290243645        12.064657590642732       -2.3294056237318896     
   5.4820773273042037E-002   4.9429125497168744        1.2147530695606308       -2.3294056237318896        11.625590186009115     
  0.40095102290243645        1.2147530695606308        5.4329236857091985      -0.48813071000319597      -0.43990522625378092     
   1.2965416881956848      -0.30033265439377504      -0.22492902352748026        3.0014692437892325      -0.82524256321029799     
 -0.30033265439377504        1.7307924358911049       0.43244361571309192      -0.82524256321029799        2.8333114016076446     
 -0.22492902352748026       0.43244361571309192        1.5367888733508015      -0.27526231135937657       0.18385138896715400     
  
 about to enter dgetrf
 Just out of dgetrf:                 
  
  **** TRANSLATION/ROTATION FLOWS ****
     U(X-Z) =     1.000     0.000     0.000 A/SEC
  OMGA(X-Z) =     0.000     0.000     0.000 RAD/S

 FTOTH(X-Z) =   -0.32382E+02   -0.22012E-01    0.13633E+00
 TTOTH(X-Z) =    0.10649E+02    0.56399E+00    0.46121E+01

     U(X-Z) =     0.000     1.000     0.000 A/SEC
  OMGA(X-Z) =     0.000     0.000     0.000 RAD/S

 FTOTH(X-Z) =   -0.21729E-01   -0.32343E+02    0.35358E-01
 TTOTH(X-Z) =   -0.12960E+01   -0.20299E+02   -0.52483E+01

     U(X-Z) =     0.000     0.000     1.000 A/SEC
  OMGA(X-Z) =     0.000     0.000     0.000 RAD/S

 FTOTH(X-Z) =    0.13647E+00    0.35450E-01   -0.32449E+02
 TTOTH(X-Z) =   -0.10743E+02   -0.10238E+02    0.95715E+01

     U(X-Z) =     0.000     0.000     0.000 A/SEC
  OMGA(X-Z) =     1.000     0.000     0.000 RAD/S

 FTOTH(X-Z) =    0.10616E+02   -0.12371E+01   -0.10694E+02
 TTOTH(X-Z) =   -0.85146E+05    0.41120E+03   -0.12371E+04

     U(X-Z) =     0.000     0.000     0.000 A/SEC
  OMGA(X-Z) =     0.000     1.000     0.000 RAD/S

 FTOTH(X-Z) =    0.53240E+00   -0.20377E+02   -0.10368E+02
 TTOTH(X-Z) =    0.42966E+03   -0.82292E+05    0.64270E+03

     U(X-Z) =     0.000     0.000     0.000 A/SEC
  OMGA(X-Z) =     0.000     0.000     1.000 RAD/S

 FTOTH(X-Z) =    0.46267E+01   -0.51597E+01    0.95876E+01
 TTOTH(X-Z) =   -0.12484E+04    0.64842E+03   -0.83997E+05

 I,J,Ktt,Ktr,Krt,Krr=    1    1  0.3238E+02 -0.1065E+02 -0.1062E+02  0.8515E+05
 I,J,Ktt,Ktr,Krt,Krr=    1    2  0.2173E-01  0.1296E+01 -0.5324E+00 -0.4297E+03
 I,J,Ktt,Ktr,Krt,Krr=    1    3 -0.1365E+00  0.1074E+02 -0.4627E+01  0.1248E+04
 I,J,Ktt,Ktr,Krt,Krr=    2    1  0.2201E-01 -0.5640E+00  0.1237E+01 -0.4112E+03
 I,J,Ktt,Ktr,Krt,Krr=    2    2  0.3234E+02  0.2030E+02  0.2038E+02  0.8229E+05
 I,J,Ktt,Ktr,Krt,Krr=    2    3 -0.3545E-01  0.1024E+02  0.5160E+01 -0.6484E+03
 I,J,Ktt,Ktr,Krt,Krr=    3    1 -0.1363E+00 -0.4612E+01  0.1069E+02  0.1237E+04
 I,J,Ktt,Ktr,Krt,Krr=    3    2 -0.3536E-01  0.5248E+01  0.1037E+02 -0.6427E+03
 I,J,Ktt,Ktr,Krt,Krr=    3    3  0.3245E+02 -0.9572E+01 -0.9588E+01  0.8400E+05
  
  Friction Tensors in Center of Resistance
  
  Ktt Tensor (A)
    0.32382E+02    0.21729E-01   -0.13647E+00
    0.22012E-01    0.32343E+02   -0.35450E-01
   -0.13633E+00   -0.35358E-01    0.32449E+02
  
  Symmetric Krt Tensor (A^2)
   -0.10633E+02   -0.54819E+00   -0.46194E+01
    0.12666E+01    0.20338E+02    0.52040E+01
    0.10719E+02    0.10303E+02   -0.95796E+01
  
  Krr Tensor (A^3)
    0.85146E+05   -0.42966E+03    0.12484E+04
   -0.41120E+03    0.82292E+05   -0.64842E+03
    0.12371E+04   -0.64270E+03    0.83997E+05
  
 Raw Dtt tensor (no rot/trans coupling correction)
    0.30882E-01   -0.20605E-04    0.12986E-03
   -0.20875E-04    0.30918E-01    0.33691E-04
    0.12973E-03    0.33604E-04    0.30819E-01
  
 Raw Drr tensor (no rot/trans coupling correction)
    0.11747E-04    0.59975E-07   -0.17413E-06
    0.57339E-07    0.12153E-04    0.92962E-07
   -0.17257E-06    0.92103E-07    0.11908E-04
  
 Raw Dtt tensor, before CD transformation
    0.30882E-01   -0.20606E-04    0.12932E-03
   -0.20875E-04    0.30918E-01    0.33816E-04
    0.12973E-03    0.33605E-04    0.30820E-01
  
 Program finished at:                
 Elapsed time CPU_TIME:   566.60399999999993     
