 BEST ver.3.90 SFSU/ARAGON
  
 control gtensor value=   1.0000000000000000     
 true area (A^2)=    37620.586000000003     
 total area (A^2) =    33790.271138729317     
 centroid coords =    53.419259352317141        36.571669849246192        44.377991568955970     
  
 first few rows of gr matrix
   9.2914871262006553       0.56657965960400059        1.7607603064886095        4.9319118603072640      -0.33258123774332021     
  0.56657965960400114        9.9660103781482174      -0.28999769410641107      -0.33258123774332021        7.5964418075367570     
   1.7607603064886099      -0.28999769410641107        8.3848487738393729       0.41510413637238569      -0.11511024825848794     
   2.5156839168379181      -0.31530900717974347       0.15507644579415711        14.012041283423672      -0.45672007149041849     
 -0.31530900717974347        3.8674968361508348        3.6487922542417631E-002 -0.45672007149041849        14.995980492792521     
  0.15507644579415711        3.6487922542417631E-002   2.2620109294141777        1.9200130652403846        1.0973098468609130     
   1.2982321606434368      -0.13095951976306247       -5.4056342871443654E-002   4.5476068598560770      -0.20722762472674724     
 -0.13095951976306247        2.1133985025589159       0.45983096889593700      -0.20722762472674724        5.3140802346287828     
  -5.4056342871443654E-002  0.45983096889593700        1.4706935558428269       0.12922935357129756        1.1983419920140983     
 first few columns of gr matrix
   9.2914871262006553       0.56657965960400114        1.7607603064886099        2.5156839168379181      -0.31530900717974347     
  0.56657965960400059        9.9660103781482174      -0.28999769410641107      -0.31530900717974347        3.8674968361508348     
   1.7607603064886095      -0.28999769410641107        8.3848487738393729       0.15507644579415711        3.6487922542417631E-002
   4.9319118603072640      -0.33258123774332021       0.41510413637238569        14.012041283423672      -0.45672007149041849     
 -0.33258123774332021        7.5964418075367570      -0.11511024825848794      -0.45672007149041849        14.995980492792521     
  0.41510413637238569      -0.11511024825848794        4.5925161489498922        1.9200130652403842        1.0973098468609130     
   2.0771812234014417        7.7002385516161481E-002   4.8773113489498067E-002   4.1042943640099345        5.4436676286917673E-002
   7.7002385516161481E-002   3.4748471129182641       0.72209780985441929        5.4436676286917673E-002   4.9082804622857346     
   4.8773113489498067E-002  0.72209780985441929        2.4139668806259147       0.39814179438765135        1.2062420076939417     
  
 about to enter dgetrf
 Just out of dgetrf:                 
  
  **** TRANSLATION/ROTATION FLOWS ****
     U(X-Z) =     1.000     0.000     0.000 A/SEC
  OMGA(X-Z) =     0.000     0.000     0.000 RAD/S

 FTOTH(X-Z) =   -0.32413E+02   -0.14356E-01    0.13009E+00
 TTOTH(X-Z) =    0.10863E+02    0.31373E+01    0.68920E+00

     U(X-Z) =     0.000     1.000     0.000 A/SEC
  OMGA(X-Z) =     0.000     0.000     0.000 RAD/S

 FTOTH(X-Z) =   -0.13958E-01   -0.32384E+02    0.30086E-01
 TTOTH(X-Z) =   -0.42852E+01   -0.20351E+02    0.29383E-01

     U(X-Z) =     0.000     0.000     1.000 A/SEC
  OMGA(X-Z) =     0.000     0.000     0.000 RAD/S

 FTOTH(X-Z) =    0.13007E+00    0.30175E-01   -0.32495E+02
 TTOTH(X-Z) =   -0.65813E+01   -0.15222E+02    0.94580E+01

     U(X-Z) =     0.000     0.000     0.000 A/SEC
  OMGA(X-Z) =     1.000     0.000     0.000 RAD/S

 FTOTH(X-Z) =    0.10842E+02   -0.41989E+01   -0.64738E+01
 TTOTH(X-Z) =   -0.85396E+05    0.51868E+03   -0.12983E+04

     U(X-Z) =     0.000     0.000     0.000 A/SEC
  OMGA(X-Z) =     0.000     1.000     0.000 RAD/S

 FTOTH(X-Z) =    0.30765E+01   -0.20410E+02   -0.15276E+02
 TTOTH(X-Z) =    0.52479E+03   -0.82628E+05    0.63949E+03

     U(X-Z) =     0.000     0.000     0.000 A/SEC
  OMGA(X-Z) =     0.000     0.000     1.000 RAD/S

 FTOTH(X-Z) =    0.71764E+00    0.30671E-01    0.94205E+01
 TTOTH(X-Z) =   -0.13107E+04    0.64115E+03   -0.84373E+05

 I,J,Ktt,Ktr,Krt,Krr=    1    1  0.3241E+02 -0.1086E+02 -0.1084E+02  0.8540E+05
 I,J,Ktt,Ktr,Krt,Krr=    1    2  0.1396E-01  0.4285E+01 -0.3077E+01 -0.5248E+03
 I,J,Ktt,Ktr,Krt,Krr=    1    3 -0.1301E+00  0.6581E+01 -0.7176E+00  0.1311E+04
 I,J,Ktt,Ktr,Krt,Krr=    2    1  0.1436E-01 -0.3137E+01  0.4199E+01 -0.5187E+03
 I,J,Ktt,Ktr,Krt,Krr=    2    2  0.3238E+02  0.2035E+02  0.2041E+02  0.8263E+05
 I,J,Ktt,Ktr,Krt,Krr=    2    3 -0.3018E-01  0.1522E+02 -0.3067E-01 -0.6412E+03
 I,J,Ktt,Ktr,Krt,Krr=    3    1 -0.1301E+00 -0.6892E+00  0.6474E+01  0.1298E+04
 I,J,Ktt,Ktr,Krt,Krr=    3    2 -0.3009E-01 -0.2938E-01  0.1528E+02 -0.6395E+03
 I,J,Ktt,Ktr,Krt,Krr=    3    3  0.3249E+02 -0.9458E+01 -0.9421E+01  0.8437E+05
  
  Friction Tensors in Center of Resistance
  
  Ktt Tensor (A)
    0.32413E+02    0.13958E-01   -0.13007E+00
    0.14356E-01    0.32384E+02   -0.30175E-01
   -0.13009E+00   -0.30086E-01    0.32495E+02
  
  Symmetric Krt Tensor (A^2)
   -0.10852E+02   -0.31069E+01   -0.70342E+00
    0.42420E+01    0.20381E+02   -0.30027E-01
    0.65276E+01    0.15249E+02   -0.94393E+01
  
  Krr Tensor (A^3)
    0.85396E+05   -0.52479E+03    0.13107E+04
   -0.51868E+03    0.82628E+05   -0.64115E+03
    0.12983E+04   -0.63949E+03    0.84373E+05
  
 Raw Dtt tensor (no rot/trans coupling correction)
    0.30853E-01   -0.13183E-04    0.12348E-03
   -0.13562E-04    0.30879E-01    0.28621E-04
    0.12350E-03    0.28537E-04    0.30775E-01
  
 Raw Drr tensor (no rot/trans coupling correction)
    0.11713E-04    0.72991E-07   -0.18141E-06
    0.72135E-07    0.12104E-04    0.90855E-07
   -0.17970E-06    0.90613E-07    0.11856E-04
  
 Raw Dtt tensor, before CD transformation
    0.30853E-01   -0.13184E-04    0.12286E-03
   -0.13569E-04    0.30879E-01    0.26996E-04
    0.12351E-03    0.28538E-04    0.30776E-01
  
 Program finished at:                
 Elapsed time CPU_TIME:   809.83600000000001     
