 BEST ver.3.90 SFSU/ARAGON
  
 control gtensor value=   1.0000000000000000     
 true area (A^2)=    37620.586000000003     
 total area (A^2) =    32800.314848861482     
 centroid coords =    53.366653263403265        36.383961455211491        44.314628538128581     
  
 first few rows of gr matrix
   7.8798329675100298       0.98105506354386707        1.5817944313344228        8.0666920759303107      -0.47802228103051664     
  0.98105506354386596        8.7005465751963555       -7.3160454496088212E-002 -0.47802228103051664        10.974683756638621     
   1.5817944313344223       -7.3160454496088212E-002   8.1714995451041901        1.0542492503116874      -0.29499287949431252     
   2.0406778501625906      -0.21916541346024743       0.12968607907745205        16.980238333350048      -0.36491388094841914     
 -0.21916541346024743        3.1383746878170662        4.7070279615781904E-002 -0.36491388094842003        18.693911855121662     
  0.12968607907745205        4.7070279615781904E-002   1.8398461649855795        2.2048841369814509        1.3793508221731812     
   1.0453723785908362       -8.0706175838093197E-002  -3.0390428332839003E-002   6.0192851239444130      -0.13005141650817326     
  -8.0706175838093197E-002   1.7492442686866261       0.35779156255064654      -0.13005141650817326        7.4203954660264344     
  -3.0390428332839003E-002  0.35779156255064654        1.1630260378058717       0.25967295463693940        1.7315701314826366     
 first few columns of gr matrix
   7.8798329675100298       0.98105506354386596        1.5817944313344223        2.0406778501625906      -0.21916541346024743     
  0.98105506354386707        8.7005465751963555       -7.3160454496088212E-002 -0.21916541346024743        3.1383746878170662     
   1.5817944313344228       -7.3160454496088212E-002   8.1714995451041901       0.12968607907745205        4.7070279615781904E-002
   8.0666920759303107      -0.47802228103051664        1.0542492503116874        16.980238333350048      -0.36491388094842003     
 -0.47802228103051664        10.974683756638621      -0.29499287949431252      -0.36491388094841914        18.693911855121662     
   1.0542492503116874      -0.29499287949431252        7.5748209127900274        2.2048841369814491        1.3793508221731812     
   1.8507277075919988        6.9847748377267982E-002   3.5161276059027233E-002   3.8409347490637002       0.11998381523674939     
   6.9847748377267982E-002   3.2074387992192817       0.61897833253216306       0.11998381523674939        4.8507558513717433     
   3.5161276059027233E-002  0.61897833253216306        2.1123743738095206       0.34607717064193338        1.2359070736195505     
  
 about to enter dgetrf
 Just out of dgetrf:                 
  
  **** TRANSLATION/ROTATION FLOWS ****
     U(X-Z) =     1.000     0.000     0.000 A/SEC
  OMGA(X-Z) =     0.000     0.000     0.000 RAD/S

 FTOTH(X-Z) =   -0.32263E+02   -0.22614E-01    0.14875E+00
 TTOTH(X-Z) =    0.11004E+02    0.20823E+01    0.57835E+01

     U(X-Z) =     0.000     1.000     0.000 A/SEC
  OMGA(X-Z) =     0.000     0.000     0.000 RAD/S

 FTOTH(X-Z) =   -0.21841E-01   -0.32227E+02    0.28569E-01
 TTOTH(X-Z) =   -0.34603E+01   -0.20372E+02   -0.21850E+01

     U(X-Z) =     0.000     0.000     1.000 A/SEC
  OMGA(X-Z) =     0.000     0.000     0.000 RAD/S

 FTOTH(X-Z) =    0.14807E+00    0.28000E-01   -0.32328E+02
 TTOTH(X-Z) =   -0.12178E+02   -0.14163E+02    0.92314E+01

     U(X-Z) =     0.000     0.000     0.000 A/SEC
  OMGA(X-Z) =     1.000     0.000     0.000 RAD/S

 FTOTH(X-Z) =    0.10975E+02   -0.33348E+01   -0.12334E+02
 TTOTH(X-Z) =   -0.84144E+05    0.50682E+03   -0.12013E+04

     U(X-Z) =     0.000     0.000     0.000 A/SEC
  OMGA(X-Z) =     0.000     1.000     0.000 RAD/S

 FTOTH(X-Z) =    0.21574E+01   -0.20386E+02   -0.13983E+02
 TTOTH(X-Z) =    0.50453E+03   -0.81369E+05    0.56089E+03

     U(X-Z) =     0.000     0.000     0.000 A/SEC
  OMGA(X-Z) =     0.000     0.000     1.000 RAD/S

 FTOTH(X-Z) =    0.62459E+01   -0.21403E+01    0.92129E+01
 TTOTH(X-Z) =   -0.12231E+04    0.60702E+03   -0.83009E+05

 I,J,Ktt,Ktr,Krt,Krr=    1    1  0.3226E+02 -0.1100E+02 -0.1098E+02  0.8414E+05
 I,J,Ktt,Ktr,Krt,Krr=    1    2  0.2184E-01  0.3460E+01 -0.2157E+01 -0.5045E+03
 I,J,Ktt,Ktr,Krt,Krr=    1    3 -0.1481E+00  0.1218E+02 -0.6246E+01  0.1223E+04
 I,J,Ktt,Ktr,Krt,Krr=    2    1  0.2261E-01 -0.2082E+01  0.3335E+01 -0.5068E+03
 I,J,Ktt,Ktr,Krt,Krr=    2    2  0.3223E+02  0.2037E+02  0.2039E+02  0.8137E+05
 I,J,Ktt,Ktr,Krt,Krr=    2    3 -0.2800E-01  0.1416E+02  0.2140E+01 -0.6070E+03
 I,J,Ktt,Ktr,Krt,Krr=    3    1 -0.1488E+00 -0.5784E+01  0.1233E+02  0.1201E+04
 I,J,Ktt,Ktr,Krt,Krr=    3    2 -0.2857E-01  0.2185E+01  0.1398E+02 -0.5609E+03
 I,J,Ktt,Ktr,Krt,Krr=    3    3  0.3233E+02 -0.9231E+01 -0.9213E+01  0.8301E+05
  
  Friction Tensors in Center of Resistance
  
  Ktt Tensor (A)
    0.32263E+02    0.21841E-01   -0.14807E+00
    0.22614E-01    0.32227E+02   -0.28000E-01
   -0.14875E+00   -0.28569E-01    0.32328E+02
  
  Symmetric Krt Tensor (A^2)
   -0.10990E+02   -0.21199E+01   -0.60147E+01
    0.33976E+01    0.20379E+02    0.21627E+01
    0.12256E+02    0.14073E+02   -0.92222E+01
  
  Krr Tensor (A^3)
    0.84144E+05   -0.50453E+03    0.12231E+04
   -0.50682E+03    0.81369E+05   -0.60702E+03
    0.12013E+04   -0.56089E+03    0.83009E+05
  
 Raw Dtt tensor (no rot/trans coupling correction)
    0.30996E-01   -0.20881E-04    0.14195E-03
   -0.21626E-04    0.31030E-01    0.26777E-04
    0.14260E-03    0.27326E-04    0.30934E-01
  
 Raw Drr tensor (no rot/trans coupling correction)
    0.11887E-04    0.72504E-07   -0.17463E-06
    0.72763E-07    0.12291E-04    0.88807E-07
   -0.17154E-06    0.81999E-07    0.12050E-04
  
 Raw Dtt tensor, before CD transformation
    0.30996E-01   -0.20882E-04    0.14148E-03
   -0.21630E-04    0.31030E-01    0.25932E-04
    0.14261E-03    0.27327E-04    0.30935E-01
  
 Program finished at:                
 Elapsed time CPU_TIME:   278.49200000000002     
