 BEST ver.3.90 SFSU/ARAGON
  
 control gtensor value=   1.0000000000000000     
 true area (A^2)=    37620.586000000003     
 total area (A^2) =    33218.405140437579     
 centroid coords =    53.273528923253266        36.411499498854482        44.253801403207376     
  
 first few rows of gr matrix
   14.132137612136145      -0.46063459063333467        1.9364693770333092        4.1749511695921058        5.5373821947490243E-002
 -0.46063459063333467        15.124510102875725        1.1067148208688007        5.5373821947490243E-002   4.9927781585054731     
   1.9364693770333092        1.1067148208688002        11.506287689389380       0.40499593906276687        1.2270078688782768     
   4.6258954389060145      -0.21079511786758223       0.13145408028458233        12.125360848603020       -2.3411260152481130     
 -0.21079511786758223        5.4055639101854709        1.2189718517759036       -2.3411260152481148        11.684084278750660     
  0.13145408028458233        1.2189718517759036        6.6994893011315533      -0.49058673697164357      -0.44211860696738892     
   1.6494076667582256      -0.12275972572754495      -0.29244525170003238        2.3648672551969905      -0.21228700023077074     
 -0.12275972572754495        1.7720334972593412       0.47951371894916001      -0.21228700023077074        2.2540188696127834     
 -0.29244525170003238       0.47951371894916001        2.7779951452703591      -0.62220998729164878       0.45427814374127112     
 first few columns of gr matrix
   14.132137612136145      -0.46063459063333467        1.9364693770333092        4.6258954389060145      -0.21079511786758223     
 -0.46063459063333467        15.124510102875725        1.1067148208688002      -0.21079511786758223        5.4055639101854709     
   1.9364693770333092        1.1067148208688007        11.506287689389380       0.13145408028458233        1.2189718517759036     
   4.1749511695921058        5.5373821947490243E-002  0.40499593906276687        12.125360848603020       -2.3411260152481148     
   5.5373821947490243E-002   4.9927781585054731        1.2270078688782768       -2.3411260152481130        11.684084278750660     
  0.40499593906276687        1.2270078688782768        5.4877326762314782      -0.49058673697164357      -0.44211860696738892     
   1.0398555388620441       -9.4619191690819657E-002 -0.19687607881872041        1.6405780536901224      -0.14016839886571314     
  -9.4619191690819657E-002   1.1330085128628413       0.32855164583348284      -0.14016839886571314        1.5519728071352707     
 -0.19687607881872041       0.32855164583348284        1.7485148363084202      -0.43316599700492242       0.29304678147584645     
  
 about to enter dgetrf
 Just out of dgetrf:                 
  
  **** TRANSLATION/ROTATION FLOWS ****
     U(X-Z) =     1.000     0.000     0.000 A/SEC
  OMGA(X-Z) =     0.000     0.000     0.000 RAD/S

 FTOTH(X-Z) =   -0.32324E+02   -0.17253E-01    0.14143E+00
 TTOTH(X-Z) =    0.10870E+02   -0.11545E+01    0.55728E+01

     U(X-Z) =     0.000     1.000     0.000 A/SEC
  OMGA(X-Z) =     0.000     0.000     0.000 RAD/S

 FTOTH(X-Z) =   -0.16801E-01   -0.32294E+02    0.39563E-01
 TTOTH(X-Z) =    0.30211E+00   -0.20078E+02   -0.45664E+01

     U(X-Z) =     0.000     0.000     1.000 A/SEC
  OMGA(X-Z) =     0.000     0.000     0.000 RAD/S

 FTOTH(X-Z) =    0.14148E+00    0.39348E-01   -0.32401E+02
 TTOTH(X-Z) =   -0.12679E+02   -0.11264E+02    0.91459E+01

     U(X-Z) =     0.000     0.000     0.000 A/SEC
  OMGA(X-Z) =     1.000     0.000     0.000 RAD/S

 FTOTH(X-Z) =    0.10841E+02    0.31712E+00   -0.12695E+02
 TTOTH(X-Z) =   -0.84721E+05    0.46505E+03   -0.11763E+04

     U(X-Z) =     0.000     0.000     0.000 A/SEC
  OMGA(X-Z) =     0.000     1.000     0.000 RAD/S

 FTOTH(X-Z) =   -0.11964E+01   -0.20115E+02   -0.11503E+02
 TTOTH(X-Z) =    0.48430E+03   -0.81871E+05    0.69215E+03

     U(X-Z) =     0.000     0.000     0.000 A/SEC
  OMGA(X-Z) =     0.000     0.000     1.000 RAD/S

 FTOTH(X-Z) =    0.56037E+01   -0.43617E+01    0.91069E+01
 TTOTH(X-Z) =   -0.11886E+04    0.69240E+03   -0.83600E+05

 I,J,Ktt,Ktr,Krt,Krr=    1    1  0.3232E+02 -0.1087E+02 -0.1084E+02  0.8472E+05
 I,J,Ktt,Ktr,Krt,Krr=    1    2  0.1680E-01 -0.3021E+00  0.1196E+01 -0.4843E+03
 I,J,Ktt,Ktr,Krt,Krr=    1    3 -0.1415E+00  0.1268E+02 -0.5604E+01  0.1189E+04
 I,J,Ktt,Ktr,Krt,Krr=    2    1  0.1725E-01  0.1155E+01 -0.3171E+00 -0.4651E+03
 I,J,Ktt,Ktr,Krt,Krr=    2    2  0.3229E+02  0.2008E+02  0.2012E+02  0.8187E+05
 I,J,Ktt,Ktr,Krt,Krr=    2    3 -0.3935E-01  0.1126E+02  0.4362E+01 -0.6924E+03
 I,J,Ktt,Ktr,Krt,Krr=    3    1 -0.1414E+00 -0.5573E+01  0.1270E+02  0.1176E+04
 I,J,Ktt,Ktr,Krt,Krr=    3    2 -0.3956E-01  0.4566E+01  0.1150E+02 -0.6921E+03
 I,J,Ktt,Ktr,Krt,Krr=    3    3  0.3240E+02 -0.9146E+01 -0.9107E+01  0.8360E+05
  
  Friction Tensors in Center of Resistance
  
  Ktt Tensor (A)
    0.32324E+02    0.16801E-01   -0.14148E+00
    0.17253E-01    0.32294E+02   -0.39348E-01
   -0.14143E+00   -0.39563E-01    0.32401E+02
  
  Symmetric Krt Tensor (A^2)
   -0.10856E+02    0.11754E+01   -0.55883E+01
   -0.30962E+00    0.20097E+02    0.44641E+01
    0.12687E+02    0.11384E+02   -0.91264E+01
  
  Krr Tensor (A^3)
    0.84721E+05   -0.48430E+03    0.11886E+04
   -0.46505E+03    0.81871E+05   -0.69240E+03
    0.11763E+04   -0.69215E+03    0.83600E+05
  
 Raw Dtt tensor (no rot/trans coupling correction)
    0.30937E-01   -0.15929E-04    0.13507E-03
   -0.16364E-04    0.30965E-01    0.37534E-04
    0.13503E-03    0.37741E-04    0.30864E-01
  
 Raw Drr tensor (no rot/trans coupling correction)
    0.11806E-04    0.68424E-07   -0.16728E-06
    0.65662E-07    0.12216E-04    0.10024E-06
   -0.16557E-06    0.10017E-06    0.11965E-04
  
 Raw Dtt tensor, before CD transformation
    0.30937E-01   -0.15930E-04    0.13442E-03
   -0.16365E-04    0.30965E-01    0.37313E-04
    0.13503E-03    0.37743E-04    0.30866E-01
  
 Program finished at:                
 Elapsed time CPU_TIME:   391.12799999999999     
