 BEST ver.3.90 SFSU/ARAGON
  
 control gtensor value=   1.0000000000000000     
 true area (A^2)=    37620.586000000003     
 total area (A^2) =    32278.195152120228     
 centroid coords =    53.174885557515083        36.680654223006130        44.270420536939078     
  
 first few rows of gr matrix
   13.460608541182140        4.6114779951364815E-002   2.0728155817383485        7.4406006604335735        1.1492666318546276     
   4.6114779951364815E-002   15.649930262798105      -0.74592100364382619        1.1492666318546276        7.2621928548435202     
   2.0728155817383476      -0.74592100364382685        11.594039807515614        1.1680867723901329       0.31042010541495385     
   4.5096127382591904        1.1508213244679402       0.44268450648280999        15.720793797232902       0.51752016956862235     
   1.1508213244679402        5.3832164868813290       0.30412808918098211       0.51752016956862323        18.894380028947346     
  0.44268450648280999       0.30412808918098211        3.5568873621565316        1.8320720562033541      -0.95967697708562261     
   4.7248686094436545      -0.52176262356532876       -9.1376606041049191E-002   3.8811291370946828       0.66908215681427952     
 -0.52176262356532876        6.1137874286278659        1.1317714255825357       0.66908215681427952        5.4108471451370965     
  -9.1376606041049191E-002   1.1317714255825357        6.2810729783296617       0.64684593028402870        1.0237338980305564     
 first few columns of gr matrix
   13.460608541182140        4.6114779951364815E-002   2.0728155817383476        4.5096127382591904        1.1508213244679402     
   4.6114779951364815E-002   15.649930262798105      -0.74592100364382685        1.1508213244679402        5.3832164868813290     
   2.0728155817383485      -0.74592100364382619        11.594039807515614       0.44268450648280999       0.30412808918098211     
   7.4406006604335735        1.1492666318546276        1.1680867723901329        15.720793797232902       0.51752016956862323     
   1.1492666318546276        7.2621928548435202       0.31042010541495385       0.51752016956862235        18.894380028947346     
   1.1680867723901329       0.31042010541495385        5.7439443704142352        1.8320720562033550      -0.95967697708562327     
   5.6967692027971877      -0.52207667458740215        3.2983865076368087E-002   2.6781237162903198       0.49088699976733563     
 -0.52207667458740215        8.2025197264138363        1.2797056703762510       0.49088699976733563        4.3755244215516917     
   3.2983865076368087E-002   1.2797056703762510        6.4509108433602282       0.19670263657944392       0.63236946905351177     
  
 about to enter dgetrf
 Just out of dgetrf:                 
  
  **** TRANSLATION/ROTATION FLOWS ****
     U(X-Z) =     1.000     0.000     0.000 A/SEC
  OMGA(X-Z) =     0.000     0.000     0.000 RAD/S

 FTOTH(X-Z) =   -0.32179E+02   -0.28673E-01    0.15499E+00
 TTOTH(X-Z) =    0.10905E+02   -0.15502E+00   -0.31133E+01

     U(X-Z) =     0.000     1.000     0.000 A/SEC
  OMGA(X-Z) =     0.000     0.000     0.000 RAD/S

 FTOTH(X-Z) =   -0.26742E-01   -0.32165E+02    0.36710E-01
 TTOTH(X-Z) =   -0.11562E+01   -0.20433E+02   -0.79998E+01

     U(X-Z) =     0.000     0.000     1.000 A/SEC
  OMGA(X-Z) =     0.000     0.000     0.000 RAD/S

 FTOTH(X-Z) =    0.15307E+00    0.35607E-01   -0.32247E+02
 TTOTH(X-Z) =   -0.48308E+01   -0.77431E+01    0.96288E+01

     U(X-Z) =     0.000     0.000     0.000 A/SEC
  OMGA(X-Z) =     1.000     0.000     0.000 RAD/S

 FTOTH(X-Z) =    0.10841E+02   -0.11642E+01   -0.46478E+01
 TTOTH(X-Z) =   -0.83524E+05    0.45943E+03   -0.11112E+04

     U(X-Z) =     0.000     0.000     0.000 A/SEC
  OMGA(X-Z) =     0.000     1.000     0.000 RAD/S

 FTOTH(X-Z) =   -0.61424E-01   -0.20613E+02   -0.77347E+01
 TTOTH(X-Z) =    0.47215E+03   -0.80847E+05    0.53282E+03

     U(X-Z) =     0.000     0.000     0.000 A/SEC
  OMGA(X-Z) =     0.000     0.000     1.000 RAD/S

 FTOTH(X-Z) =   -0.22643E+01   -0.76790E+01    0.94718E+01
 TTOTH(X-Z) =   -0.11497E+04    0.60313E+03   -0.82292E+05

 I,J,Ktt,Ktr,Krt,Krr=    1    1  0.3218E+02 -0.1090E+02 -0.1084E+02  0.8352E+05
 I,J,Ktt,Ktr,Krt,Krr=    1    2  0.2674E-01  0.1156E+01  0.6142E-01 -0.4722E+03
 I,J,Ktt,Ktr,Krt,Krr=    1    3 -0.1531E+00  0.4831E+01  0.2264E+01  0.1150E+04
 I,J,Ktt,Ktr,Krt,Krr=    2    1  0.2867E-01  0.1550E+00  0.1164E+01 -0.4594E+03
 I,J,Ktt,Ktr,Krt,Krr=    2    2  0.3216E+02  0.2043E+02  0.2061E+02  0.8085E+05
 I,J,Ktt,Ktr,Krt,Krr=    2    3 -0.3561E-01  0.7743E+01  0.7679E+01 -0.6031E+03
 I,J,Ktt,Ktr,Krt,Krr=    3    1 -0.1550E+00  0.3113E+01  0.4648E+01  0.1111E+04
 I,J,Ktt,Ktr,Krt,Krr=    3    2 -0.3671E-01  0.8000E+01  0.7735E+01 -0.5328E+03
 I,J,Ktt,Ktr,Krt,Krr=    3    3  0.3225E+02 -0.9629E+01 -0.9472E+01  0.8229E+05
  
  Friction Tensors in Center of Resistance
  
  Ktt Tensor (A)
    0.32179E+02    0.26742E-01   -0.15307E+00
    0.28673E-01    0.32165E+02   -0.35607E-01
   -0.15499E+00   -0.36710E-01    0.32247E+02
  
  Symmetric Krt Tensor (A^2)
   -0.10873E+02    0.10822E+00    0.26888E+01
    0.11602E+01    0.20523E+02    0.78394E+01
    0.47393E+01    0.77389E+01   -0.95503E+01
  
  Krr Tensor (A^3)
    0.83524E+05   -0.47215E+03    0.11497E+04
   -0.45943E+03    0.80847E+05   -0.60313E+03
    0.11112E+04   -0.53282E+03    0.82292E+05
  
 Raw Dtt tensor (no rot/trans coupling correction)
    0.31077E-01   -0.25669E-04    0.14749E-03
   -0.27538E-04    0.31090E-01    0.34199E-04
    0.14934E-03    0.35270E-04    0.31012E-01
  
 Raw Drr tensor (no rot/trans coupling correction)
    0.11975E-04    0.68836E-07   -0.16680E-06
    0.66848E-07    0.12370E-04    0.89727E-07
   -0.16127E-06    0.79164E-07    0.12155E-04
  
 Raw Dtt tensor, before CD transformation
    0.31077E-01   -0.25670E-04    0.14672E-03
   -0.27533E-04    0.31090E-01    0.35249E-04
    0.14935E-03    0.35272E-04    0.31014E-01
  
 Program finished at:                
 Elapsed time CPU_TIME:   177.50000000000000     
