 BEST ver.3.90 SFSU/ARAGON
  
 control gtensor value=   1.0000000000000000     
 true area (A^2)=    4042.9910000000000     
 total area (A^2) =    3867.6132785717473     
 centroid coords =    1.5374626506024065       -1.2506975903614455       -2.8287801874163274     
  
 first few rows of gr matrix
   5.2409887587176556       0.42765729448678580      -0.47782776030487317        1.3033393364721033       0.33432252266978701     
  0.42765729448678580        4.8303364474543091       0.69675503732536037       0.33432252266978701        1.1438031340811654     
 -0.47782776030487306       0.69675503732536059        4.3525922315984822        8.4017713060426297E-002  0.10979681878604124     
   1.3386122121104946       0.34900655335440328       0.11382193660839512        5.8562927143416958        2.0309566767648279E-002
  0.34900655335440328        1.1029957923891081       0.10846084656288545        2.0309566767648252E-002   4.5525028844877422     
  0.11382193660839512       0.10846084656288545       0.89329259876573253      -0.18211948726713220       0.85377428633533614     
  0.85584052523498955       0.16342948481676556        9.7320103886551615E-002   2.3885437638101235        8.4502145678173199E-002
  0.16342948481676556       0.55395911054292879        4.4800482958993353E-002   8.4502145678173199E-002   1.3741633739781287     
   9.7320103886551615E-002   4.4800482958993353E-002  0.51068748432910016       0.32427575143908938        7.6324447951325633E-002
 first few columns of gr matrix
   5.2409887587176556       0.42765729448678580      -0.47782776030487306        1.3386122121104946       0.34900655335440328     
  0.42765729448678580        4.8303364474543091       0.69675503732536059       0.34900655335440328        1.1029957923891081     
 -0.47782776030487317       0.69675503732536037        4.3525922315984822       0.11382193660839512       0.10846084656288545     
   1.3033393364721033       0.33432252266978701        8.4017713060426297E-002   5.8562927143416958        2.0309566767648252E-002
  0.33432252266978701        1.1438031340811654       0.10979681878604124        2.0309566767648279E-002   4.5525028844877422     
   8.4017713060426297E-002  0.10979681878604124       0.88533821297610482      -0.18211948726713245       0.85377428633533570     
  0.63281900761096466       0.13881610653059925        7.6630554541375934E-002   1.5099686112456414        8.1348705438008331E-002
  0.13881610653059925       0.49250380959527484        6.0547904244189439E-002   8.1348705438008331E-002   1.1342000756801123     
   7.6630554541375934E-002   6.0547904244189439E-002  0.42264274199959234       0.16327622568877756       0.21145332456330301     
  
 about to enter dgetrf
 Just out of dgetrf:                 
  
  **** TRANSLATION/ROTATION FLOWS ****
     U(X-Z) =     1.000     0.000     0.000 A/SEC
  OMGA(X-Z) =     0.000     0.000     0.000 RAD/S

 FTOTH(X-Z) =   -0.12315E+02    0.61493E-01    0.23764E+00
 TTOTH(X-Z) =   -0.92848E+00   -0.13135E+01    0.28325E+00

     U(X-Z) =     0.000     1.000     0.000 A/SEC
  OMGA(X-Z) =     0.000     0.000     0.000 RAD/S

 FTOTH(X-Z) =    0.61409E-01   -0.12247E+02   -0.12196E-02
 TTOTH(X-Z) =    0.13104E+01    0.14383E+01   -0.82525E+00

     U(X-Z) =     0.000     0.000     1.000 A/SEC
  OMGA(X-Z) =     0.000     0.000     0.000 RAD/S

 FTOTH(X-Z) =    0.23761E+00   -0.12816E-02   -0.12409E+02
 TTOTH(X-Z) =   -0.11809E+01    0.26678E+01   -0.54197E+00

     U(X-Z) =     0.000     0.000     0.000 A/SEC
  OMGA(X-Z) =     1.000     0.000     0.000 RAD/S

 FTOTH(X-Z) =   -0.92952E+00    0.13142E+01   -0.12122E+01
 TTOTH(X-Z) =   -0.45878E+04    0.97396E+02    0.30872E+03

     U(X-Z) =     0.000     0.000     0.000 A/SEC
  OMGA(X-Z) =     0.000     1.000     0.000 RAD/S

 FTOTH(X-Z) =   -0.13017E+01    0.14279E+01    0.26412E+01
 TTOTH(X-Z) =    0.97408E+02   -0.45188E+04   -0.71883E+02

     U(X-Z) =     0.000     0.000     0.000 A/SEC
  OMGA(X-Z) =     0.000     0.000     1.000 RAD/S

 FTOTH(X-Z) =    0.33137E+00   -0.82028E+00   -0.51750E+00
 TTOTH(X-Z) =    0.30783E+03   -0.72756E+02   -0.46985E+04

 I,J,Ktt,Ktr,Krt,Krr=    1    1  0.1231E+02  0.9285E+00  0.9295E+00  0.4588E+04
 I,J,Ktt,Ktr,Krt,Krr=    1    2 -0.6141E-01 -0.1310E+01  0.1302E+01 -0.9741E+02
 I,J,Ktt,Ktr,Krt,Krr=    1    3 -0.2376E+00  0.1181E+01 -0.3314E+00 -0.3078E+03
 I,J,Ktt,Ktr,Krt,Krr=    2    1 -0.6149E-01  0.1313E+01 -0.1314E+01 -0.9740E+02
 I,J,Ktt,Ktr,Krt,Krr=    2    2  0.1225E+02 -0.1438E+01 -0.1428E+01  0.4519E+04
 I,J,Ktt,Ktr,Krt,Krr=    2    3  0.1282E-02 -0.2668E+01  0.8203E+00  0.7276E+02
 I,J,Ktt,Ktr,Krt,Krr=    3    1 -0.2376E+00 -0.2833E+00  0.1212E+01 -0.3087E+03
 I,J,Ktt,Ktr,Krt,Krr=    3    2  0.1220E-02  0.8252E+00 -0.2641E+01  0.7188E+02
 I,J,Ktt,Ktr,Krt,Krr=    3    3  0.1241E+02  0.5420E+00  0.5175E+00  0.4698E+04
  
  Friction Tensors in Center of Resistance
  
  Ktt Tensor (A)
    0.12315E+02   -0.61409E-01   -0.23761E+00
   -0.61493E-01    0.12247E+02    0.12816E-02
   -0.23764E+00    0.12196E-02    0.12409E+02
  
  Symmetric Krt Tensor (A^2)
    0.92900E+00    0.13076E+01   -0.30731E+00
   -0.13123E+01   -0.14331E+01    0.82277E+00
    0.11966E+01   -0.26545E+01    0.52974E+00
  
  Krr Tensor (A^3)
    0.45878E+04   -0.97408E+02   -0.30783E+03
   -0.97396E+02    0.45188E+04    0.72756E+02
   -0.30872E+03    0.71883E+02    0.46985E+04
  
 Raw Dtt tensor (no rot/trans coupling correction)
    0.81235E-01    0.40719E-03    0.15555E-02
    0.40774E-03    0.81658E-01   -0.62630E-06
    0.15556E-02   -0.22752E-06    0.80617E-01
  
 Raw Drr tensor (no rot/trans coupling correction)
    0.21903E-03    0.44942E-05    0.14281E-04
    0.44902E-05    0.22145E-03   -0.31349E-05
    0.14323E-04   -0.30927E-05    0.21382E-03
  
 Raw Dtt tensor, before CD transformation
    0.81235E-01    0.40719E-03    0.15544E-02
    0.40766E-03    0.81658E-01   -0.46626E-05
    0.15557E-02   -0.22753E-06    0.80618E-01
  
 Program finished at:                
 Elapsed time CPU_TIME:   114.81999999999999     
