 BEST ver.3.90 SFSU/ARAGON
  
 control gtensor value=   1.0000000000000000     
 true area (A^2)=    4042.9910000000000     
 total area (A^2) =    3866.2062437568907     
 centroid coords =    1.5739894247038888       -1.2552123519458531       -2.7775988437676222     
  
 first few rows of gr matrix
   7.0051641905986912       0.52907862206598477      -0.58565486110021903        1.9432681213618090       0.38961477398769129     
  0.52907862206598433        6.7944225052027933        1.0641517706093850       0.38961477398769129        1.5875125132140506     
 -0.58565486110021880        1.0641517706093846        5.9662969672373229        7.9067534607993900E-002  0.16761563113795408     
   3.1920700001575582       0.49439162314039836        6.1874783461752091E-002   5.8573582625370175        2.0313262078533123E-002
  0.49439162314039836        2.2174309136380512       0.17436230762669505        2.0313262078533789E-002   4.5533312090728320     
   6.1874783461752091E-002  0.17436230762669505        1.9956869552834595      -0.18215262377523750       0.85392962994508892     
   1.7255494396779327       0.22645999601694358       0.27533053040495337        1.8578518594629789        6.7021480508257167E-002
  0.22645999601694358        1.0790069346294213       0.10771146540000018        6.7021480508257167E-002   1.2293652082855251     
  0.27533053040495337       0.10771146540000018        1.1116982023615849       0.41476231435438615       0.10691208745780706     
 first few columns of gr matrix
   7.0051641905986912       0.52907862206598433      -0.58565486110021880        3.1920700001575582       0.49439162314039836     
  0.52907862206598477        6.7944225052027933        1.0641517706093846       0.49439162314039836        2.2174309136380512     
 -0.58565486110021903        1.0641517706093850        5.9662969672373229        6.1874783461752091E-002  0.17436230762669505     
   1.9432681213618090       0.38961477398769129        7.9067534607993900E-002   5.8573582625370175        2.0313262078533789E-002
  0.38961477398769129        1.5875125132140506       0.16761563113795408        2.0313262078533123E-002   4.5533312090728320     
   7.9067534607993900E-002  0.16761563113795408        1.3235793907451228      -0.18215262377523750       0.85392962994508914     
   1.9129060468754226       0.31839565778816242       0.35228788143362333        3.0103392212447910       0.12515425407566128     
  0.31839565778816242        1.4422250008165831       0.23184155589982261       0.12515425407566128        2.3569681787990526     
  0.35228788143362333       0.23184155589982261        1.4521898983318229       0.47028324059461629       0.43700713170651040     
  
 about to enter dgetrf
 Just out of dgetrf:                 
  
  **** TRANSLATION/ROTATION FLOWS ****
     U(X-Z) =     1.000     0.000     0.000 A/SEC
  OMGA(X-Z) =     0.000     0.000     0.000 RAD/S

 FTOTH(X-Z) =   -0.12309E+02    0.60971E-01    0.23743E+00
 TTOTH(X-Z) =   -0.92028E+00   -0.71495E+00    0.45954E+00

     U(X-Z) =     0.000     1.000     0.000 A/SEC
  OMGA(X-Z) =     0.000     0.000     0.000 RAD/S

 FTOTH(X-Z) =    0.60938E-01   -0.12242E+02   -0.17437E-02
 TTOTH(X-Z) =    0.70888E+00    0.14009E+01   -0.38886E+00

     U(X-Z) =     0.000     0.000     1.000 A/SEC
  OMGA(X-Z) =     0.000     0.000     0.000 RAD/S

 FTOTH(X-Z) =    0.23743E+00   -0.18209E-02   -0.12405E+02
 TTOTH(X-Z) =   -0.13568E+01    0.22300E+01   -0.50768E+00

     U(X-Z) =     0.000     0.000     0.000 A/SEC
  OMGA(X-Z) =     1.000     0.000     0.000 RAD/S

 FTOTH(X-Z) =   -0.92148E+00    0.72123E+00   -0.13769E+01
 TTOTH(X-Z) =   -0.45815E+04    0.95398E+02    0.30814E+03

     U(X-Z) =     0.000     0.000     0.000 A/SEC
  OMGA(X-Z) =     0.000     1.000     0.000 RAD/S

 FTOTH(X-Z) =   -0.70744E+00    0.14019E+01    0.22093E+01
 TTOTH(X-Z) =    0.95236E+02   -0.45138E+04   -0.71058E+02

     U(X-Z) =     0.000     0.000     0.000 A/SEC
  OMGA(X-Z) =     0.000     0.000     1.000 RAD/S

 FTOTH(X-Z) =    0.48986E+00   -0.39443E+00   -0.50147E+00
 TTOTH(X-Z) =    0.30715E+03   -0.72344E+02   -0.46945E+04

 I,J,Ktt,Ktr,Krt,Krr=    1    1  0.1231E+02  0.9203E+00  0.9215E+00  0.4582E+04
 I,J,Ktt,Ktr,Krt,Krr=    1    2 -0.6094E-01 -0.7089E+00  0.7074E+00 -0.9524E+02
 I,J,Ktt,Ktr,Krt,Krr=    1    3 -0.2374E+00  0.1357E+01 -0.4899E+00 -0.3072E+03
 I,J,Ktt,Ktr,Krt,Krr=    2    1 -0.6097E-01  0.7149E+00 -0.7212E+00 -0.9540E+02
 I,J,Ktt,Ktr,Krt,Krr=    2    2  0.1224E+02 -0.1401E+01 -0.1402E+01  0.4514E+04
 I,J,Ktt,Ktr,Krt,Krr=    2    3  0.1821E-02 -0.2230E+01  0.3944E+00  0.7234E+02
 I,J,Ktt,Ktr,Krt,Krr=    3    1 -0.2374E+00 -0.4595E+00  0.1377E+01 -0.3081E+03
 I,J,Ktt,Ktr,Krt,Krr=    3    2  0.1744E-02  0.3889E+00 -0.2209E+01  0.7106E+02
 I,J,Ktt,Ktr,Krt,Krr=    3    3  0.1240E+02  0.5077E+00  0.5015E+00  0.4694E+04
  
  Friction Tensors in Center of Resistance
  
  Ktt Tensor (A)
    0.12309E+02   -0.60938E-01   -0.23743E+00
   -0.60971E-01    0.12242E+02    0.18209E-02
   -0.23743E+00    0.17437E-02    0.12405E+02
  
  Symmetric Krt Tensor (A^2)
    0.92088E+00    0.71119E+00   -0.47470E+00
   -0.71505E+00   -0.14014E+01    0.39164E+00
    0.13668E+01   -0.22197E+01    0.50457E+00
  
  Krr Tensor (A^3)
    0.45815E+04   -0.95236E+02   -0.30715E+03
   -0.95398E+02    0.45138E+04    0.72344E+02
   -0.30814E+03    0.71058E+02    0.46945E+04
  
 Raw Dtt tensor (no rot/trans coupling correction)
    0.81273E-01    0.40433E-03    0.15555E-02
    0.40454E-03    0.81686E-01   -0.42481E-05
    0.15555E-02   -0.37432E-05    0.80643E-01
  
 Raw Drr tensor (no rot/trans coupling correction)
    0.21932E-03    0.44025E-05    0.14282E-04
    0.44056E-05    0.22168E-03   -0.31280E-05
    0.14329E-04   -0.30665E-05    0.21400E-03
  
 Raw Dtt tensor, before CD transformation
    0.81273E-01    0.40433E-03    0.15554E-02
    0.40448E-03    0.81686E-01   -0.69244E-05
    0.15556E-02   -0.37433E-05    0.80644E-01
  
 Program finished at:                
 Elapsed time CPU_TIME:   87.463999999999999     
