 BEST ver.3.90 SFSU/ARAGON
  
 control gtensor value=   1.0000000000000000     
 true area (A^2)=    4042.9910000000000     
 total area (A^2) =    3855.6861224125332     
 centroid coords =    1.5767330928764622       -1.3549890291553943       -2.7823237150586055     
  
 first few rows of gr matrix
   5.2490887209438872       0.42831823998592500      -0.47856624439390583        2.0348918124356032       0.43993398163651942     
  0.42831823998592533        4.8378017454287185       0.69783187410999981       0.43993398163651942        1.4712833911429626     
 -0.47856624439390549       0.69783187410999981        4.3593191746020308       0.17719862725100605       0.12460311578989364     
  0.95926147818890384       0.22479863305972225       0.12687067505548741        8.3709553881816277      -0.37253162859129008     
  0.22479863305972225       0.71345430522952380        8.1630176003319302E-002 -0.37253162859129019        6.8969150668086225     
  0.12687067505548741        8.1630176003319302E-002  0.62979491295952827       0.23789601365093260        1.2990048584218687     
  0.56420418833793007       0.14659218744706889       0.11769204261176232        3.0062978029820235       0.13831326123517923     
  0.14659218744706889       0.51120510257824470       0.10161036837554259       0.13831326123517923        3.0859299666765514     
  0.11769204261176232       0.10161036837554259       0.47199271908193180       0.31046829969916501       0.82624775620073565     
 first few columns of gr matrix
   5.2490887209438872       0.42831823998592533      -0.47856624439390549       0.95926147818890384       0.22479863305972225     
  0.42831823998592500        4.8378017454287185       0.69783187410999981       0.22479863305972225       0.71345430522952380     
 -0.47856624439390583       0.69783187410999981        4.3593191746020308       0.12687067505548741        8.1630176003319302E-002
   2.0348918124356032       0.43993398163651942       0.17719862725100605        8.3709553881816277      -0.37253162859129019     
  0.43993398163651942        1.4712833911429626       0.12460311578989364      -0.37253162859129008        6.8969150668086225     
  0.17719862725100605       0.12460311578989364        1.2595428133223652       0.23789601365093260        1.2990048584218692     
  0.72377340063590079       0.17318117303762040       0.12817888758264437        1.6556181086138002       0.15133640039274632     
  0.17318117303762040       0.59753757580626699        9.7499055340746280E-002  0.15133640039274632        1.6082068681816251     
  0.12817888758264437        9.7499055340746280E-002  0.53608317446515008       0.25421247171691003       0.41159946679931952     
  
 about to enter dgetrf
 Just out of dgetrf:                 
  
  **** TRANSLATION/ROTATION FLOWS ****
     U(X-Z) =     1.000     0.000     0.000 A/SEC
  OMGA(X-Z) =     0.000     0.000     0.000 RAD/S

 FTOTH(X-Z) =   -0.12299E+02    0.61080E-01    0.23844E+00
 TTOTH(X-Z) =   -0.90248E+00   -0.83914E+00    0.16584E+01

     U(X-Z) =     0.000     1.000     0.000 A/SEC
  OMGA(X-Z) =     0.000     0.000     0.000 RAD/S

 FTOTH(X-Z) =    0.61074E-01   -0.12233E+02   -0.34647E-03
 TTOTH(X-Z) =    0.77760E+00    0.14194E+01   -0.25533E+00

     U(X-Z) =     0.000     0.000     1.000 A/SEC
  OMGA(X-Z) =     0.000     0.000     0.000 RAD/S

 FTOTH(X-Z) =    0.23843E+00   -0.41029E-03   -0.12396E+02
 TTOTH(X-Z) =   -0.25895E+01    0.21291E+01   -0.53873E+00

     U(X-Z) =     0.000     0.000     0.000 A/SEC
  OMGA(X-Z) =     1.000     0.000     0.000 RAD/S

 FTOTH(X-Z) =   -0.90643E+00    0.81642E+00   -0.26083E+01
 TTOTH(X-Z) =   -0.45735E+04    0.96467E+02    0.30843E+03

     U(X-Z) =     0.000     0.000     0.000 A/SEC
  OMGA(X-Z) =     0.000     1.000     0.000 RAD/S

 FTOTH(X-Z) =   -0.85872E+00    0.14273E+01    0.20992E+01
 TTOTH(X-Z) =    0.96747E+02   -0.45027E+04   -0.71884E+02

     U(X-Z) =     0.000     0.000     0.000 A/SEC
  OMGA(X-Z) =     0.000     0.000     1.000 RAD/S

 FTOTH(X-Z) =    0.16930E+01   -0.24287E+00   -0.54019E+00
 TTOTH(X-Z) =    0.30746E+03   -0.72281E+02   -0.46841E+04

 I,J,Ktt,Ktr,Krt,Krr=    1    1  0.1230E+02  0.9025E+00  0.9064E+00  0.4573E+04
 I,J,Ktt,Ktr,Krt,Krr=    1    2 -0.6107E-01 -0.7776E+00  0.8587E+00 -0.9675E+02
 I,J,Ktt,Ktr,Krt,Krr=    1    3 -0.2384E+00  0.2590E+01 -0.1693E+01 -0.3075E+03
 I,J,Ktt,Ktr,Krt,Krr=    2    1 -0.6108E-01  0.8391E+00 -0.8164E+00 -0.9647E+02
 I,J,Ktt,Ktr,Krt,Krr=    2    2  0.1223E+02 -0.1419E+01 -0.1427E+01  0.4503E+04
 I,J,Ktt,Ktr,Krt,Krr=    2    3  0.4103E-03 -0.2129E+01  0.2429E+00  0.7228E+02
 I,J,Ktt,Ktr,Krt,Krr=    3    1 -0.2384E+00 -0.1658E+01  0.2608E+01 -0.3084E+03
 I,J,Ktt,Ktr,Krt,Krr=    3    2  0.3465E-03  0.2553E+00 -0.2099E+01  0.7188E+02
 I,J,Ktt,Ktr,Krt,Krr=    3    3  0.1240E+02  0.5387E+00  0.5402E+00  0.4684E+04
  
  Friction Tensors in Center of Resistance
  
  Ktt Tensor (A)
    0.12299E+02   -0.61074E-01   -0.23843E+00
   -0.61080E-01    0.12233E+02    0.41029E-03
   -0.23844E+00    0.34647E-03    0.12396E+02
  
  Symmetric Krt Tensor (A^2)
    0.90445E+00    0.84893E+00   -0.16757E+01
   -0.79701E+00   -0.14233E+01    0.24910E+00
    0.25989E+01   -0.21142E+01    0.53946E+00
  
  Krr Tensor (A^3)
    0.45735E+04   -0.96747E+02   -0.30746E+03
   -0.96467E+02    0.45027E+04    0.72281E+02
   -0.30843E+03    0.71884E+02    0.46841E+04
  
 Raw Dtt tensor (no rot/trans coupling correction)
    0.81340E-01    0.40606E-03    0.15645E-02
    0.40610E-03    0.81750E-01    0.51052E-05
    0.15646E-02    0.55257E-05    0.80700E-01
  
 Raw Drr tensor (no rot/trans coupling correction)
    0.21971E-03    0.44917E-05    0.14353E-04
    0.44761E-05    0.22223E-03   -0.31355E-05
    0.14399E-04   -0.31147E-05    0.21448E-03
  
 Raw Dtt tensor, before CD transformation
    0.81340E-01    0.40606E-03    0.15637E-02
    0.40602E-03    0.81750E-01    0.13877E-05
    0.15647E-02    0.55260E-05    0.80704E-01
  
 Program finished at:                
 Elapsed time CPU_TIME:   50.503999999999998     
