 BEST ver.3.90 SFSU/ARAGON
  
 control gtensor value=   1.0000000000000000     
 true area (A^2)=    13234.841000000000     
 total area (A^2) =    12118.066602508410     
 centroid coords =    16.526567610062880        31.950834905660461        23.916725843339098     
  
 first few rows of gr matrix
   16.996662305787734       -2.4301477676173686        2.4987950663378644        3.3575437109895554      -0.83451879803020224     
  -2.4301477676173695        20.815147596604685        1.1674155726258379      -0.83451879803020224        3.7957175658184052     
   2.4987950663378644        1.1674155726258366        19.859854383089811      -0.17153233513511734       0.47892229147274867     
   10.831863517459038       -2.0461608254175032      -0.72948969322654300        11.927050568209918       -4.5453920620269761E-004
  -2.0461608254175032        9.9028997238002727       0.51549548629893827       -4.5453920620275312E-004   8.9548876081697948     
 -0.72948969322654300       0.51549548629893827        10.089120207234316       0.42503048770617757       -1.7106177960090170     
   5.8248093987598253      -0.39019565289389097      -0.32232115290915103        2.9113481253484488      -0.14992740635247712     
 -0.39019565289389097        6.1936748956583179        1.1591397008858950      -0.14992740635247712        2.5371813857381418     
 -0.32232115290915103        1.1591397008858950        9.5244859854586483       0.49445189729499800      -0.21139573830681610     
 first few columns of gr matrix
   16.996662305787734       -2.4301477676173695        2.4987950663378644        10.831863517459038       -2.0461608254175032     
  -2.4301477676173686        20.815147596604685        1.1674155726258366       -2.0461608254175032        9.9028997238002727     
   2.4987950663378644        1.1674155726258379        19.859854383089811      -0.72948969322654300       0.51549548629893827     
   3.3575437109895554      -0.83451879803020224      -0.17153233513511734        11.927050568209918       -4.5453920620275312E-004
 -0.83451879803020224        3.7957175658184052       0.47892229147274867       -4.5453920620269761E-004   8.9548876081697948     
 -0.17153233513511734       0.47892229147274867        3.1952621789499820       0.42503048770617669       -1.7106177960090165     
   2.3979397852630298      -0.19628721310859853      -0.26343291857656631        3.2000978346933193      -0.15395578175983021     
 -0.19628721310859853        2.4757653110843791       0.67249708918813023      -0.15395578175983021        2.8777420365515742     
 -0.26343291857656631       0.67249708918813023        3.7313512773864925       0.63201330950981738      -0.53842217794603209     
  
 about to enter dgetrf
 Just out of dgetrf:                 
  
  **** TRANSLATION/ROTATION FLOWS ****
     U(X-Z) =     1.000     0.000     0.000 A/SEC
  OMGA(X-Z) =     0.000     0.000     0.000 RAD/S

 FTOTH(X-Z) =   -0.20990E+02    0.81832E+00    0.42105E+00
 TTOTH(X-Z) =   -0.25318E+00    0.21946E+01    0.12625E+02

     U(X-Z) =     0.000     1.000     0.000 A/SEC
  OMGA(X-Z) =     0.000     0.000     0.000 RAD/S

 FTOTH(X-Z) =    0.81830E+00   -0.21143E+02    0.40451E+00
 TTOTH(X-Z) =   -0.16569E+01    0.32446E+01    0.51648E+00

     U(X-Z) =     0.000     0.000     1.000 A/SEC
  OMGA(X-Z) =     0.000     0.000     0.000 RAD/S

 FTOTH(X-Z) =    0.42160E+00    0.40460E+00   -0.21975E+02
 TTOTH(X-Z) =   -0.54606E+00   -0.86807E+01   -0.27661E+01

     U(X-Z) =     0.000     0.000     0.000 A/SEC
  OMGA(X-Z) =     1.000     0.000     0.000 RAD/S

 FTOTH(X-Z) =   -0.27563E+00   -0.16682E+01   -0.77543E+00
 TTOTH(X-Z) =   -0.23467E+05    0.47343E+04    0.21948E+04

     U(X-Z) =     0.000     0.000     0.000 A/SEC
  OMGA(X-Z) =     0.000     1.000     0.000 RAD/S

 FTOTH(X-Z) =    0.21572E+01    0.32208E+01   -0.86209E+01
 TTOTH(X-Z) =    0.47368E+04   -0.23788E+05    0.17446E+04

     U(X-Z) =     0.000     0.000     0.000 A/SEC
  OMGA(X-Z) =     0.000     0.000     1.000 RAD/S

 FTOTH(X-Z) =    0.12873E+02    0.44514E+00   -0.27419E+01
 TTOTH(X-Z) =    0.21868E+04    0.17380E+04   -0.28327E+05

 I,J,Ktt,Ktr,Krt,Krr=    1    1  0.2099E+02  0.2532E+00  0.2756E+00  0.2347E+05
 I,J,Ktt,Ktr,Krt,Krr=    1    2 -0.8183E+00  0.1657E+01 -0.2157E+01 -0.4737E+04
 I,J,Ktt,Ktr,Krt,Krr=    1    3 -0.4216E+00  0.5461E+00 -0.1287E+02 -0.2187E+04
 I,J,Ktt,Ktr,Krt,Krr=    2    1 -0.8183E+00 -0.2195E+01  0.1668E+01 -0.4734E+04
 I,J,Ktt,Ktr,Krt,Krr=    2    2  0.2114E+02 -0.3245E+01 -0.3221E+01  0.2379E+05
 I,J,Ktt,Ktr,Krt,Krr=    2    3 -0.4046E+00  0.8681E+01 -0.4451E+00 -0.1738E+04
 I,J,Ktt,Ktr,Krt,Krr=    3    1 -0.4210E+00 -0.1262E+02  0.7754E+00 -0.2195E+04
 I,J,Ktt,Ktr,Krt,Krr=    3    2 -0.4045E+00 -0.5165E+00  0.8621E+01 -0.1745E+04
 I,J,Ktt,Ktr,Krt,Krr=    3    3  0.2197E+02  0.2766E+01  0.2742E+01  0.2833E+05
  
  Friction Tensors in Center of Resistance
  
  Ktt Tensor (A)
    0.20990E+02   -0.81830E+00   -0.42160E+00
   -0.81832E+00    0.21143E+02   -0.40460E+00
   -0.42105E+00   -0.40451E+00    0.21975E+02
  
  Symmetric Krt Tensor (A^2)
    0.26440E+00   -0.21759E+01   -0.12749E+02
    0.16625E+01   -0.32327E+01   -0.48081E+00
    0.66075E+00    0.86508E+01    0.27540E+01
  
  Krr Tensor (A^3)
    0.23467E+05   -0.47368E+04   -0.21868E+04
   -0.47343E+04    0.23788E+05   -0.17380E+04
   -0.21948E+04   -0.17446E+04    0.28327E+05
  
 Raw Dtt tensor (no rot/trans coupling correction)
    0.47735E-01    0.18656E-02    0.95018E-03
    0.18656E-02    0.47386E-01    0.90827E-03
    0.94897E-03    0.90801E-03    0.45542E-01
  
 Raw Drr tensor (no rot/trans coupling correction)
    0.44852E-04    0.92265E-05    0.40287E-05
    0.92217E-05    0.44124E-04    0.34192E-05
    0.40432E-05    0.34324E-05    0.35825E-04
  
 Raw Dtt tensor, before CD transformation
    0.47735E-01    0.18656E-02    0.94994E-03
    0.18657E-02    0.47386E-01    0.91296E-03
    0.94929E-03    0.90832E-03    0.45557E-01
  
 Program finished at:                
 Elapsed time CPU_TIME:   46.004000000000005     
