 BEST ver.3.90 SFSU/ARAGON
  
 control gtensor value=   1.0000000000000000     
 true area (A^2)=    13234.841000000000     
 total area (A^2) =    12511.195921889097     
 centroid coords =    16.204543207395492        32.019534230975260        23.430896905144674     
  
 first few rows of gr matrix
   8.3726396246945178       -1.4503753247662123       0.67386381554515529        3.4269881011856542      -0.72473404141856501     
  -1.4503753247662123        8.4407715038570661       0.40140949358643130      -0.72473404141856501        3.0019630940064914     
  0.67386381554515551       0.40140949358643097        10.355555623316359      -0.33626922226947203       0.38302546320076580     
   4.4094842237389971      -0.77224428439518900      -0.20513281901761762        9.1800219656656825      -0.58878078635374131     
 -0.77224428439518900        3.2756386383317131       0.23076145250761865      -0.58878078635374131        6.4676152672887373     
 -0.20513281901761762       0.23076145250761865        3.6790818984229259       0.20061612818992761       0.17373893593347201     
   1.4644850737657669       -5.6985817367366895E-002 -0.13868613948840536        1.5516358979814586        1.1314516385643235E-002
  -5.6985817367366895E-002   1.5414260576260479       0.36334711522919705        1.1314516385643235E-002   1.4859782551138578     
 -0.13868613948840536       0.36334711522919705        2.6888501644042386       0.23965065689143075       0.17684869897084435     
 first few columns of gr matrix
   8.3726396246945178       -1.4503753247662123       0.67386381554515551        4.4094842237389971      -0.77224428439518900     
  -1.4503753247662123        8.4407715038570661       0.40140949358643097      -0.77224428439518900        3.2756386383317131     
  0.67386381554515529       0.40140949358643130        10.355555623316359      -0.20513281901761762       0.23076145250761865     
   3.4269881011856542      -0.72473404141856501      -0.33626922226947203        9.1800219656656825      -0.58878078635374131     
 -0.72473404141856501        3.0019630940064914       0.38302546320076580      -0.58878078635374131        6.4676152672887373     
 -0.33626922226947203       0.38302546320076580        3.2585377189689591       0.20061612818992672       0.17373893593347201     
  0.75970772618522642       -2.1839638360339596E-002  -5.0816487431457842E-002  0.97736426491376871        9.9977866519425224E-003
  -2.1839638360339596E-002  0.79582853309408375       0.18663089038052696        9.9977866519425224E-003  0.91698445477833046     
  -5.0816487431457842E-002  0.18663089038052696        1.4036486899198100       0.20185516841989892        8.5592649637636659E-002
  
 about to enter dgetrf
 Just out of dgetrf:                 
  
  **** TRANSLATION/ROTATION FLOWS ****
     U(X-Z) =     1.000     0.000     0.000 A/SEC
  OMGA(X-Z) =     0.000     0.000     0.000 RAD/S

 FTOTH(X-Z) =   -0.21132E+02    0.81994E+00    0.42019E+00
 TTOTH(X-Z) =   -0.95934E+00   -0.81429E+01    0.11370E+02

     U(X-Z) =     0.000     1.000     0.000 A/SEC
  OMGA(X-Z) =     0.000     0.000     0.000 RAD/S

 FTOTH(X-Z) =    0.81987E+00   -0.21295E+02    0.40729E+00
 TTOTH(X-Z) =    0.86305E+01    0.37305E+01   -0.67682E+01

     U(X-Z) =     0.000     0.000     1.000 A/SEC
  OMGA(X-Z) =     0.000     0.000     0.000 RAD/S

 FTOTH(X-Z) =    0.42024E+00    0.40711E+00   -0.22108E+02
 TTOTH(X-Z) =    0.43132E+00   -0.84561E+00   -0.26256E+01

     U(X-Z) =     0.000     0.000     0.000 A/SEC
  OMGA(X-Z) =     1.000     0.000     0.000 RAD/S

 FTOTH(X-Z) =   -0.92144E+00    0.86605E+01    0.39397E+00
 TTOTH(X-Z) =   -0.23933E+05    0.47888E+04    0.22332E+04

     U(X-Z) =     0.000     0.000     0.000 A/SEC
  OMGA(X-Z) =     0.000     1.000     0.000 RAD/S

 FTOTH(X-Z) =   -0.81782E+01    0.37602E+01   -0.76629E+00
 TTOTH(X-Z) =    0.47867E+04   -0.24264E+05    0.17795E+04

     U(X-Z) =     0.000     0.000     0.000 A/SEC
  OMGA(X-Z) =     0.000     0.000     1.000 RAD/S

 FTOTH(X-Z) =    0.11436E+02   -0.68464E+01   -0.26464E+01
 TTOTH(X-Z) =    0.22321E+04    0.17807E+04   -0.28837E+05

 I,J,Ktt,Ktr,Krt,Krr=    1    1  0.2113E+02  0.9593E+00  0.9214E+00  0.2393E+05
 I,J,Ktt,Ktr,Krt,Krr=    1    2 -0.8199E+00 -0.8630E+01  0.8178E+01 -0.4787E+04
 I,J,Ktt,Ktr,Krt,Krr=    1    3 -0.4202E+00 -0.4313E+00 -0.1144E+02 -0.2232E+04
 I,J,Ktt,Ktr,Krt,Krr=    2    1 -0.8199E+00  0.8143E+01 -0.8660E+01 -0.4789E+04
 I,J,Ktt,Ktr,Krt,Krr=    2    2  0.2130E+02 -0.3730E+01 -0.3760E+01  0.2426E+05
 I,J,Ktt,Ktr,Krt,Krr=    2    3 -0.4071E+00  0.8456E+00  0.6846E+01 -0.1781E+04
 I,J,Ktt,Ktr,Krt,Krr=    3    1 -0.4202E+00 -0.1137E+02 -0.3940E+00 -0.2233E+04
 I,J,Ktt,Ktr,Krt,Krr=    3    2 -0.4073E+00  0.6768E+01  0.7663E+00 -0.1780E+04
 I,J,Ktt,Ktr,Krt,Krr=    3    3  0.2211E+02  0.2626E+01  0.2646E+01  0.2884E+05
  
  Friction Tensors in Center of Resistance
  
  Ktt Tensor (A)
    0.21132E+02   -0.81987E+00   -0.42024E+00
   -0.81994E+00    0.21295E+02   -0.40711E+00
   -0.42019E+00   -0.40729E+00    0.22108E+02
  
  Symmetric Krt Tensor (A^2)
    0.94039E+00    0.81606E+01   -0.11403E+02
   -0.86455E+01   -0.37453E+01    0.68073E+01
   -0.41264E+00    0.80595E+00    0.26360E+01
  
  Krr Tensor (A^3)
    0.23933E+05   -0.47867E+04   -0.22321E+04
   -0.47888E+04    0.24264E+05   -0.17807E+04
   -0.22332E+04   -0.17795E+04    0.28837E+05
  
 Raw Dtt tensor (no rot/trans coupling correction)
    0.47411E-01    0.18432E-02    0.93516E-03
    0.18434E-02    0.47047E-01    0.90139E-03
    0.93507E-03    0.90177E-03    0.45267E-01
  
 Raw Drr tensor (no rot/trans coupling correction)
    0.43944E-04    0.89593E-05    0.39546E-05
    0.89635E-05    0.43229E-04    0.33631E-05
    0.39563E-05    0.33614E-05    0.35191E-04
  
 Raw Dtt tensor, before CD transformation
    0.47411E-01    0.18431E-02    0.93043E-03
    0.18432E-02    0.47047E-01    0.89252E-03
    0.93534E-03    0.90203E-03    0.45280E-01
  
 Program finished at:                
 Elapsed time CPU_TIME:   343.19200000000001     
