 BEST ver.3.90 SFSU/ARAGON
  
 control gtensor value=   1.0000000000000000     
 true area (A^2)=    13234.841000000000     
 total area (A^2) =    12216.017084787829     
 centroid coords =    16.215630132219886        32.366844699605615        23.696767803293945     
  
 first few rows of gr matrix
   13.590503586409458       -2.1113996009871832        1.7735084103799066        3.3571709831360916      -0.86523136811914358     
  -2.1113996009871823        14.987279545653003        1.2663262605406276      -0.86523136811914358        3.3873374293588627     
   1.7735084103799079        1.2663262605406267        15.282551654897006      -0.14652385486281719       0.38364517415269828     
   7.0450785029521370       -1.5888432032247077      -0.27833536578247464        11.085715529669146      -0.80032128983685991     
  -1.5888432032247077        5.8732862141304532       0.42621229659041698      -0.80032128983685991        7.6615721122436389     
 -0.27833536578247464       0.42621229659041698        5.5490798627555762       0.29750621694857515       0.14129072124299102     
   2.9486107881176271      -0.27351693374427488      -0.43957811089323207        1.9240741025987493       -1.2346327122856354E-002
 -0.27351693374427488        3.2057143951976470       0.89133517568088205       -1.2346327122856354E-002   1.7914359049888511     
 -0.43957811089323207       0.89133517568088205        4.7449643683766087       0.22897775604460860       0.20483517314808877     
 first few columns of gr matrix
   13.590503586409458       -2.1113996009871823        1.7735084103799079        7.0450785029521370       -1.5888432032247077     
  -2.1113996009871832        14.987279545653003        1.2663262605406267       -1.5888432032247077        5.8732862141304532     
   1.7735084103799066        1.2663262605406276        15.282551654897006      -0.27833536578247464       0.42621229659041698     
   3.3571709831360916      -0.86523136811914358      -0.14652385486281719        11.085715529669146      -0.80032128983685991     
 -0.86523136811914358        3.3873374293588627       0.38364517415269828      -0.80032128983685991        7.6615721122436389     
 -0.14652385486281719       0.38364517415269828        2.8717043423300033       0.29750621694857515       0.14129072124299136     
   1.5093440033407817      -0.12279448392910249      -0.20126740268677612        1.7879222142650064        3.1400668302192670E-003
 -0.12279448392910249        1.6858819015544710       0.52246707715624141        3.1400668302192670E-003   1.6051283669761789     
 -0.20126740268677612       0.52246707715624141        2.4562934101517100       0.39677038227463279       0.12254993730791272     
  
 about to enter dgetrf
 Just out of dgetrf:                 
  
  **** TRANSLATION/ROTATION FLOWS ****
     U(X-Z) =     1.000     0.000     0.000 A/SEC
  OMGA(X-Z) =     0.000     0.000     0.000 RAD/S

 FTOTH(X-Z) =   -0.21030E+02    0.81968E+00    0.41701E+00
 TTOTH(X-Z) =   -0.70256E+00   -0.21811E+01    0.47049E+01

     U(X-Z) =     0.000     1.000     0.000 A/SEC
  OMGA(X-Z) =     0.000     0.000     0.000 RAD/S

 FTOTH(X-Z) =    0.81966E+00   -0.21189E+02    0.40317E+00
 TTOTH(X-Z) =    0.26178E+01    0.34586E+01   -0.57770E+01

     U(X-Z) =     0.000     0.000     1.000 A/SEC
  OMGA(X-Z) =     0.000     0.000     0.000 RAD/S

 FTOTH(X-Z) =    0.41707E+00    0.40285E+00   -0.22006E+02
 TTOTH(X-Z) =    0.79279E+01   -0.15845E+01   -0.25568E+01

     U(X-Z) =     0.000     0.000     0.000 A/SEC
  OMGA(X-Z) =     1.000     0.000     0.000 RAD/S

 FTOTH(X-Z) =   -0.73512E+00    0.26128E+01    0.76540E+01
 TTOTH(X-Z) =   -0.23581E+05    0.47594E+04    0.21983E+04

     U(X-Z) =     0.000     0.000     0.000 A/SEC
  OMGA(X-Z) =     0.000     1.000     0.000 RAD/S

 FTOTH(X-Z) =   -0.22198E+01    0.34940E+01   -0.15988E+01
 TTOTH(X-Z) =    0.47531E+04   -0.23926E+05    0.17404E+04

     U(X-Z) =     0.000     0.000     0.000 A/SEC
  OMGA(X-Z) =     0.000     0.000     1.000 RAD/S

 FTOTH(X-Z) =    0.49737E+01   -0.57193E+01   -0.25409E+01
 TTOTH(X-Z) =    0.21931E+04    0.17359E+04   -0.28440E+05

 I,J,Ktt,Ktr,Krt,Krr=    1    1  0.2103E+02  0.7026E+00  0.7351E+00  0.2358E+05
 I,J,Ktt,Ktr,Krt,Krr=    1    2 -0.8197E+00 -0.2618E+01  0.2220E+01 -0.4753E+04
 I,J,Ktt,Ktr,Krt,Krr=    1    3 -0.4171E+00 -0.7928E+01 -0.4974E+01 -0.2193E+04
 I,J,Ktt,Ktr,Krt,Krr=    2    1 -0.8197E+00  0.2181E+01 -0.2613E+01 -0.4759E+04
 I,J,Ktt,Ktr,Krt,Krr=    2    2  0.2119E+02 -0.3459E+01 -0.3494E+01  0.2393E+05
 I,J,Ktt,Ktr,Krt,Krr=    2    3 -0.4029E+00  0.1584E+01  0.5719E+01 -0.1736E+04
 I,J,Ktt,Ktr,Krt,Krr=    3    1 -0.4170E+00 -0.4705E+01 -0.7654E+01 -0.2198E+04
 I,J,Ktt,Ktr,Krt,Krr=    3    2 -0.4032E+00  0.5777E+01  0.1599E+01 -0.1740E+04
 I,J,Ktt,Ktr,Krt,Krr=    3    3  0.2201E+02  0.2557E+01  0.2541E+01  0.2844E+05
  
  Friction Tensors in Center of Resistance
  
  Ktt Tensor (A)
    0.21030E+02   -0.81966E+00   -0.41707E+00
   -0.81968E+00    0.21189E+02   -0.40285E+00
   -0.41701E+00   -0.40317E+00    0.22006E+02
  
  Symmetric Krt Tensor (A^2)
    0.71884E+00    0.22004E+01   -0.48393E+01
   -0.26153E+01   -0.34763E+01    0.57482E+01
   -0.77909E+01    0.15916E+01    0.25489E+01
  
  Krr Tensor (A^3)
    0.23581E+05   -0.47531E+04   -0.21931E+04
   -0.47594E+04    0.23926E+05   -0.17359E+04
   -0.21983E+04   -0.17404E+04    0.28440E+05
  
 Raw Dtt tensor (no rot/trans coupling correction)
    0.47643E-01    0.18608E-02    0.93701E-03
    0.18609E-02    0.47284E-01    0.90085E-03
    0.93691E-03    0.90153E-03    0.45475E-01
  
 Raw Drr tensor (no rot/trans coupling correction)
    0.44629E-04    0.91571E-05    0.40003E-05
    0.91688E-05    0.43864E-04    0.33844E-05
    0.40107E-05    0.33919E-05    0.35678E-04
  
 Raw Dtt tensor, before CD transformation
    0.47643E-01    0.18608E-02    0.93402E-03
    0.18608E-02    0.47284E-01    0.89880E-03
    0.93700E-03    0.90162E-03    0.45480E-01
  
 Program finished at:                
 Elapsed time CPU_TIME:   79.079999999999998     
