 BEST ver.3.90 SFSU/ARAGON
  
 control gtensor value=   1.0000000000000000     
 true area (A^2)=    13234.841000000000     
 total area (A^2) =    12403.760692923897     
 centroid coords =    16.160184882954205        31.932995796241265        23.708852868447124     
  
 first few rows of gr matrix
   13.487258328142147       -2.0953595774719842        1.7600353015502979        3.3063567656493533      -0.85213520616111216     
  -2.0953595774719833        14.873423165160768        1.2567061474234835      -0.85213520616111216        3.3360666118458329     
   1.7600353015502970        1.2567061474234844        15.166452131243506      -0.14430606641373461       0.37783831194190859     
   6.9384440321258296       -1.5647944358290220      -0.27412247526180494        11.001498814985872      -0.79424135484838310     
  -1.5647944358290220        5.7843880184335834       0.41976113743192928      -0.79424135484838265        7.6033681622256832     
 -0.27412247526180494       0.41976113743192928        5.4650888618760396       0.29524610156656028       0.14021735432080484     
   2.9039805471725306      -0.26937697512214226      -0.43292464646095352        1.8949512725727169       -1.2159452830556153E-002
 -0.26937697512214226        3.1571926281216394       0.87784390588908445       -1.2159452830556153E-002   1.7643206897832779     
 -0.43292464646095352       0.87784390588908445        4.6731444781795206       0.22551194344407260       0.20173478323958072     
 first few columns of gr matrix
   13.487258328142147       -2.0953595774719833        1.7600353015502970        6.9384440321258296       -1.5647944358290220     
  -2.0953595774719842        14.873423165160768        1.2567061474234844       -1.5647944358290220        5.7843880184335834     
   1.7600353015502979        1.2567061474234835        15.166452131243506      -0.27412247526180494       0.41976113743192928     
   3.3063567656493533      -0.85213520616111216      -0.14430606641373461        11.001498814985872      -0.79424135484838265     
 -0.85213520616111216        3.3360666118458329       0.37783831194190859      -0.79424135484838310        7.6033681622256832     
 -0.14430606641373461       0.37783831194190859        2.8282381591234356       0.29524610156656028       0.14021735432080479     
   1.4864985376694424      -0.12093586378616428      -0.19822101463430866        1.7608601823633203        3.0925387062049371E-003
 -0.12093586378616428        1.6603643541811444       0.51455900341747862        3.0925387062049371E-003   1.5808331069660797     
 -0.19822101463430866       0.51455900341747862        2.4191148964025895       0.39076485661077109       0.12069501862827693     
  
 about to enter dgetrf
 Just out of dgetrf:                 
  
  **** TRANSLATION/ROTATION FLOWS ****
     U(X-Z) =     1.000     0.000     0.000 A/SEC
  OMGA(X-Z) =     0.000     0.000     0.000 RAD/S

 FTOTH(X-Z) =   -0.21088E+02    0.81611E+00    0.42460E+00
 TTOTH(X-Z) =   -0.65740E+00   -0.26426E+01    0.13577E+02

     U(X-Z) =     0.000     1.000     0.000 A/SEC
  OMGA(X-Z) =     0.000     0.000     0.000 RAD/S

 FTOTH(X-Z) =    0.81615E+00   -0.21250E+02    0.40338E+00
 TTOTH(X-Z) =    0.32324E+01    0.34263E+01   -0.82878E+01

     U(X-Z) =     0.000     0.000     1.000 A/SEC
  OMGA(X-Z) =     0.000     0.000     0.000 RAD/S

 FTOTH(X-Z) =    0.42454E+00    0.40318E+00   -0.22063E+02
 TTOTH(X-Z) =   -0.16614E+01    0.68712E+00   -0.26278E+01

     U(X-Z) =     0.000     0.000     0.000 A/SEC
  OMGA(X-Z) =     1.000     0.000     0.000 RAD/S

 FTOTH(X-Z) =   -0.63833E+00    0.32176E+01   -0.16881E+01
 TTOTH(X-Z) =   -0.23777E+05    0.47647E+04    0.22258E+04

     U(X-Z) =     0.000     0.000     0.000 A/SEC
  OMGA(X-Z) =     0.000     1.000     0.000 RAD/S

 FTOTH(X-Z) =   -0.26372E+01    0.34564E+01    0.67822E+00
 TTOTH(X-Z) =    0.47590E+04   -0.24109E+05    0.17580E+04

     U(X-Z) =     0.000     0.000     0.000 A/SEC
  OMGA(X-Z) =     0.000     0.000     1.000 RAD/S

 FTOTH(X-Z) =    0.13690E+02   -0.83262E+01   -0.26115E+01
 TTOTH(X-Z) =    0.22234E+04    0.17596E+04   -0.28654E+05

 I,J,Ktt,Ktr,Krt,Krr=    1    1  0.2109E+02  0.6574E+00  0.6383E+00  0.2378E+05
 I,J,Ktt,Ktr,Krt,Krr=    1    2 -0.8162E+00 -0.3232E+01  0.2637E+01 -0.4759E+04
 I,J,Ktt,Ktr,Krt,Krr=    1    3 -0.4245E+00  0.1661E+01 -0.1369E+02 -0.2223E+04
 I,J,Ktt,Ktr,Krt,Krr=    2    1 -0.8161E+00  0.2643E+01 -0.3218E+01 -0.4765E+04
 I,J,Ktt,Ktr,Krt,Krr=    2    2  0.2125E+02 -0.3426E+01 -0.3456E+01  0.2411E+05
 I,J,Ktt,Ktr,Krt,Krr=    2    3 -0.4032E+00 -0.6871E+00  0.8326E+01 -0.1760E+04
 I,J,Ktt,Ktr,Krt,Krr=    3    1 -0.4246E+00 -0.1358E+02  0.1688E+01 -0.2226E+04
 I,J,Ktt,Ktr,Krt,Krr=    3    2 -0.4034E+00  0.8288E+01 -0.6782E+00 -0.1758E+04
 I,J,Ktt,Ktr,Krt,Krr=    3    3  0.2206E+02  0.2628E+01  0.2611E+01  0.2865E+05
  
  Friction Tensors in Center of Resistance
  
  Ktt Tensor (A)
    0.21088E+02   -0.81615E+00   -0.42454E+00
   -0.81611E+00    0.21250E+02   -0.40318E+00
   -0.42460E+00   -0.40338E+00    0.22063E+02
  
  Symmetric Krt Tensor (A^2)
    0.64787E+00    0.26399E+01   -0.13634E+02
   -0.32250E+01   -0.34414E+01    0.83070E+01
    0.16748E+01   -0.68267E+00    0.26196E+01
  
  Krr Tensor (A^3)
    0.23777E+05   -0.47590E+04   -0.22234E+04
   -0.47647E+04    0.24109E+05   -0.17596E+04
   -0.22258E+04   -0.17580E+04    0.28654E+05
  
 Raw Dtt tensor (no rot/trans coupling correction)
    0.47510E-01    0.18428E-02    0.94788E-03
    0.18427E-02    0.47148E-01    0.89705E-03
    0.94802E-03    0.89749E-03    0.45360E-01
  
 Raw Drr tensor (no rot/trans coupling correction)
    0.44238E-04    0.90231E-05    0.39868E-05
    0.90340E-05    0.43507E-04    0.33728E-05
    0.39906E-05    0.33703E-05    0.35416E-04
  
 Raw Dtt tensor, before CD transformation
    0.47510E-01    0.18427E-02    0.94589E-03
    0.18426E-02    0.47148E-01    0.89250E-03
    0.94842E-03    0.89786E-03    0.45379E-01
  
 Program finished at:                
 Elapsed time CPU_TIME:   185.27199999999999     
