 BEST ver.3.90 SFSU/ARAGON
  
 control gtensor value=   1.0000000000000000     
 true area (A^2)=    13234.841000000000     
 total area (A^2) =    12304.669651824513     
 centroid coords =    16.258135686274521        32.194752254901921        23.676826176470620     
  
 first few rows of gr matrix
   13.541456718029572       -2.1037797554333730        1.7671079828297831        3.3329832695234831      -0.85899755737615868     
  -2.1037797554333721        14.933191842237566        1.2617562063824557      -0.85899755737615868        3.3629323728210321     
   1.7671079828297831        1.2617562063824530        15.227398341794167      -0.14546818118499741       0.38088109104585688     
   6.9943201882688113       -1.5773959208050798      -0.27633001778273764        11.045708209335245      -0.79743300444591214     
  -1.5773959208050798        5.8309704173998496       0.42314152628414231      -0.79743300444591236        7.6339222082807003     
 -0.27633001778273764       0.42314152628414231        5.5090999048660194       0.29643254457344181       0.14078081611960541     
   2.9273666651175190      -0.27154630153791470      -0.43641104269500752        1.9102115517793183       -1.2257374422461713E-002
 -0.27154630153791470        3.1826178945712336       0.88491329247309580       -1.2257374422461713E-002   1.7785289845957997     
 -0.43641104269500752       0.88491329247309580        4.7107778941633454       0.22732801928263896       0.20335937863814185     
 first few columns of gr matrix
   13.541456718029572       -2.1037797554333721        1.7671079828297831        6.9943201882688113       -1.5773959208050798     
  -2.1037797554333730        14.933191842237566        1.2617562063824530       -1.5773959208050798        5.8309704173998496     
   1.7671079828297831        1.2617562063824557        15.227398341794167      -0.27633001778273764       0.42314152628414231     
   3.3329832695234831      -0.85899755737615868      -0.14546818118499741        11.045708209335245      -0.79743300444591236     
 -0.85899755737615868        3.3629323728210321       0.38088109104585688      -0.79743300444591214        7.6339222082807003     
 -0.14546818118499741       0.38088109104585688        2.8510143141600723       0.29643254457344270       0.14078081611960536     
   1.4984694960013905      -0.12190977539760257      -0.19981731321555318        1.7750406092775008        3.1174433065484786E-003
 -0.12190977539760257        1.6737354756428018       0.51870281132118290        3.1174433065484786E-003   1.5935637533634348     
 -0.19981731321555318       0.51870281132118290        2.4385963307203338       0.39391173479297986       0.12166699068358620     
  
 about to enter dgetrf
 Just out of dgetrf:                 
  
  **** TRANSLATION/ROTATION FLOWS ****
     U(X-Z) =     1.000     0.000     0.000 A/SEC
  OMGA(X-Z) =     0.000     0.000     0.000 RAD/S

 FTOTH(X-Z) =   -0.21052E+02    0.81959E+00    0.42037E+00
 TTOTH(X-Z) =   -0.84790E+00   -0.28993E+01    0.79134E+01

     U(X-Z) =     0.000     1.000     0.000 A/SEC
  OMGA(X-Z) =     0.000     0.000     0.000 RAD/S

 FTOTH(X-Z) =    0.81948E+00   -0.21212E+02    0.40166E+00
 TTOTH(X-Z) =    0.33406E+01    0.34708E+01   -0.51962E+01

     U(X-Z) =     0.000     0.000     1.000 A/SEC
  OMGA(X-Z) =     0.000     0.000     0.000 RAD/S

 FTOTH(X-Z) =    0.42023E+00    0.40122E+00   -0.22029E+02
 TTOTH(X-Z) =    0.43171E+01   -0.22194E+01   -0.24596E+01

     U(X-Z) =     0.000     0.000     0.000 A/SEC
  OMGA(X-Z) =     1.000     0.000     0.000 RAD/S

 FTOTH(X-Z) =   -0.86721E+00    0.33402E+01    0.42013E+01
 TTOTH(X-Z) =   -0.23663E+05    0.47654E+04    0.22052E+04

     U(X-Z) =     0.000     0.000     0.000 A/SEC
  OMGA(X-Z) =     0.000     1.000     0.000 RAD/S

 FTOTH(X-Z) =   -0.28610E+01    0.35306E+01   -0.22280E+01
 TTOTH(X-Z) =    0.47577E+04   -0.23989E+05    0.17393E+04

     U(X-Z) =     0.000     0.000     0.000 A/SEC
  OMGA(X-Z) =     0.000     0.000     1.000 RAD/S

 FTOTH(X-Z) =    0.80599E+01   -0.52347E+01   -0.24595E+01
 TTOTH(X-Z) =    0.22029E+04    0.17349E+04   -0.28516E+05

 I,J,Ktt,Ktr,Krt,Krr=    1    1  0.2105E+02  0.8479E+00  0.8672E+00  0.2366E+05
 I,J,Ktt,Ktr,Krt,Krr=    1    2 -0.8195E+00 -0.3341E+01  0.2861E+01 -0.4758E+04
 I,J,Ktt,Ktr,Krt,Krr=    1    3 -0.4202E+00 -0.4317E+01 -0.8060E+01 -0.2203E+04
 I,J,Ktt,Ktr,Krt,Krr=    2    1 -0.8196E+00  0.2899E+01 -0.3340E+01 -0.4765E+04
 I,J,Ktt,Ktr,Krt,Krr=    2    2  0.2121E+02 -0.3471E+01 -0.3531E+01  0.2399E+05
 I,J,Ktt,Ktr,Krt,Krr=    2    3 -0.4012E+00  0.2219E+01  0.5235E+01 -0.1735E+04
 I,J,Ktt,Ktr,Krt,Krr=    3    1 -0.4204E+00 -0.7913E+01 -0.4201E+01 -0.2205E+04
 I,J,Ktt,Ktr,Krt,Krr=    3    2 -0.4017E+00  0.5196E+01  0.2228E+01 -0.1739E+04
 I,J,Ktt,Ktr,Krt,Krr=    3    3  0.2203E+02  0.2460E+01  0.2459E+01  0.2852E+05
  
  Friction Tensors in Center of Resistance
  
  Ktt Tensor (A)
    0.21052E+02   -0.81948E+00   -0.42023E+00
   -0.81959E+00    0.21212E+02   -0.40122E+00
   -0.42037E+00   -0.40166E+00    0.22029E+02
  
  Symmetric Krt Tensor (A^2)
    0.85755E+00    0.28802E+01   -0.79866E+01
   -0.33404E+01   -0.35007E+01    0.52155E+01
   -0.42592E+01    0.22237E+01    0.24596E+01
  
  Krr Tensor (A^3)
    0.23663E+05   -0.47577E+04   -0.22029E+04
   -0.47654E+04    0.23989E+05   -0.17349E+04
   -0.22052E+04   -0.17393E+04    0.28516E+05
  
 Raw Dtt tensor (no rot/trans coupling correction)
    0.47593E-01    0.18565E-02    0.94174E-03
    0.18567E-02    0.47232E-01    0.89569E-03
    0.94208E-03    0.89664E-03    0.45430E-01
  
 Raw Drr tensor (no rot/trans coupling correction)
    0.44467E-04    0.91084E-05    0.39892E-05
    0.91224E-05    0.43740E-04    0.33658E-05
    0.39952E-05    0.33723E-05    0.35582E-04
  
 Raw Dtt tensor, before CD transformation
    0.47593E-01    0.18564E-02    0.93937E-03
    0.18567E-02    0.47232E-01    0.89301E-03
    0.94223E-03    0.89677E-03    0.45437E-01
  
 Program finished at:                
 Elapsed time CPU_TIME:   117.25600000000000     
