 BEST ver.3.90 SFSU/ARAGON
  
 control gtensor value=   1.0000000000000000     
 true area (A^2)=    13081.817999999999     
 total area (A^2) =    12378.552923971463     
 centroid coords =   -8.7981180048661720        8.0987864963503728        6.1948603000810989     
  
 first few rows of gr matrix
   7.8539110927290672       0.35454249950839822      -0.72958520520675996        1.6306643829301337        1.1804988664999391E-002
  0.35454249950839789        7.6516856071576065        1.2521789105097563        1.1804988664999391E-002   1.8501236279514646     
 -0.72958520520675996        1.2521789105097563        6.6878045265230535       -7.8581669696485945E-002  0.53239529193520119     
   2.2442025094549627       0.10884834642613347        5.6169968993519233E-002   5.4816030236863638        1.0794737385625441     
  0.10884834642613347        2.6780759285640912       0.74154129564635485        1.0794737385625437        5.4624548492012082     
   5.6169968993519233E-002  0.74154129564635485        3.3718534910263265       0.37338858183590129       -4.9330195387815245E-002
  0.68587555729449035        6.1510547722135975E-002  0.14801891583621080       0.76887404521686709        6.2849387151792127E-002
   6.1510547722135975E-002  0.72465605747673101       0.20611007506186010        6.2849387151792127E-002  0.72550735141455702     
  0.14801891583621080       0.20611007506186010        1.1237227594376886       0.21232527375873944       0.14819595293736407     
 first few columns of gr matrix
   7.8539110927290672       0.35454249950839789      -0.72958520520675996        2.2442025094549627       0.10884834642613347     
  0.35454249950839822        7.6516856071576065        1.2521789105097563       0.10884834642613347        2.6780759285640912     
 -0.72958520520675996        1.2521789105097563        6.6878045265230535        5.6169968993519233E-002  0.74154129564635485     
   1.6306643829301337        1.1804988664999391E-002  -7.8581669696485945E-002   5.4816030236863638        1.0794737385625437     
   1.1804988664999391E-002   1.8501236279514646       0.53239529193520119        1.0794737385625441        5.4624548492012082     
  -7.8581669696485945E-002  0.53239529193520119        2.2267096934087265       0.37338858183590129       -4.9330195387815245E-002
  0.38595912889990197        3.9385490086205274E-002   9.2746088378452593E-002  0.56864454523979568        4.5292040446475307E-002
   3.9385490086205274E-002  0.40290168780600377       0.11210612926668793        4.5292040446475307E-002  0.53290403273576659     
   9.2746088378452593E-002  0.11210612926668793       0.62660204956461962       0.16289626744409888       0.10297373134842719     
  
 about to enter dgetrf
 Just out of dgetrf:                 
  
  **** TRANSLATION/ROTATION FLOWS ****
     U(X-Z) =     1.000     0.000     0.000 A/SEC
  OMGA(X-Z) =     0.000     0.000     0.000 RAD/S

 FTOTH(X-Z) =   -0.21421E+02   -0.26024E+00    0.55952E+00
 TTOTH(X-Z) =   -0.23561E+00    0.36626E+01    0.34164E+00

     U(X-Z) =     0.000     1.000     0.000 A/SEC
  OMGA(X-Z) =     0.000     0.000     0.000 RAD/S

 FTOTH(X-Z) =   -0.26025E+00   -0.21399E+02   -0.67479E+00
 TTOTH(X-Z) =   -0.11112E+02    0.61467E+00    0.35948E+01

     U(X-Z) =     0.000     0.000     1.000 A/SEC
  OMGA(X-Z) =     0.000     0.000     0.000 RAD/S

 FTOTH(X-Z) =    0.55960E+00   -0.67487E+00   -0.19808E+02
 TTOTH(X-Z) =   -0.88742E+01   -0.58827E+01   -0.44133E+00

     U(X-Z) =     0.000     0.000     0.000 A/SEC
  OMGA(X-Z) =     1.000     0.000     0.000 RAD/S

 FTOTH(X-Z) =   -0.20524E+00   -0.11040E+02   -0.88678E+01
 TTOTH(X-Z) =   -0.26535E+05   -0.14678E+04    0.28862E+04

     U(X-Z) =     0.000     0.000     0.000 A/SEC
  OMGA(X-Z) =     0.000     1.000     0.000 RAD/S

 FTOTH(X-Z) =    0.36315E+01    0.62123E+00   -0.57862E+01
 TTOTH(X-Z) =   -0.14659E+04   -0.26342E+05   -0.32051E+04

     U(X-Z) =     0.000     0.000     0.000 A/SEC
  OMGA(X-Z) =     0.000     0.000     1.000 RAD/S

 FTOTH(X-Z) =    0.33766E+00    0.35225E+01   -0.45800E+00
 TTOTH(X-Z) =    0.28862E+04   -0.32051E+04   -0.18371E+05

 I,J,Ktt,Ktr,Krt,Krr=    1    1  0.2142E+02  0.2356E+00  0.2052E+00  0.2654E+05
 I,J,Ktt,Ktr,Krt,Krr=    1    2  0.2602E+00  0.1111E+02 -0.3631E+01  0.1466E+04
 I,J,Ktt,Ktr,Krt,Krr=    1    3 -0.5596E+00  0.8874E+01 -0.3377E+00 -0.2886E+04
 I,J,Ktt,Ktr,Krt,Krr=    2    1  0.2602E+00 -0.3663E+01  0.1104E+02  0.1468E+04
 I,J,Ktt,Ktr,Krt,Krr=    2    2  0.2140E+02 -0.6147E+00 -0.6212E+00  0.2634E+05
 I,J,Ktt,Ktr,Krt,Krr=    2    3  0.6749E+00  0.5883E+01 -0.3523E+01  0.3205E+04
 I,J,Ktt,Ktr,Krt,Krr=    3    1 -0.5595E+00 -0.3416E+00  0.8868E+01 -0.2886E+04
 I,J,Ktt,Ktr,Krt,Krr=    3    2  0.6748E+00 -0.3595E+01  0.5786E+01  0.3205E+04
 I,J,Ktt,Ktr,Krt,Krr=    3    3  0.1981E+02  0.4413E+00  0.4580E+00  0.1837E+05
  
  Friction Tensors in Center of Resistance
  
  Ktt Tensor (A)
    0.21421E+02    0.26025E+00   -0.55960E+00
    0.26024E+00    0.21399E+02    0.67487E+00
   -0.55952E+00    0.67479E+00    0.19808E+02
  
  Symmetric Krt Tensor (A^2)
    0.22043E+00   -0.36471E+01   -0.33965E+00
    0.11076E+02   -0.61795E+00   -0.35586E+01
    0.88710E+01    0.58344E+01    0.44967E+00
  
  Krr Tensor (A^3)
    0.26535E+05    0.14659E+04   -0.28862E+04
    0.14678E+04    0.26342E+05    0.32051E+04
   -0.28862E+04    0.32051E+04    0.18371E+05
  
 Raw Dtt tensor (no rot/trans coupling correction)
    0.46725E-01   -0.61053E-03    0.13409E-02
   -0.61051E-03    0.46789E-01   -0.16114E-02
    0.13407E-02   -0.16112E-02    0.50578E-01
  
 Raw Drr tensor (no rot/trans coupling correction)
    0.38564E-04   -0.29459E-05    0.65728E-05
   -0.29486E-05    0.39011E-04   -0.72695E-05
    0.65732E-05   -0.72690E-05    0.56736E-04
  
 Raw Dtt tensor, before CD transformation
    0.46725E-01   -0.61045E-03    0.13382E-02
   -0.61049E-03    0.46789E-01   -0.16105E-02
    0.13407E-02   -0.16112E-02    0.50579E-01
  
 Program finished at:                
 Elapsed time CPU_TIME:   330.46400000000000     
