 BEST ver.3.90 SFSU/ARAGON
  
 control gtensor value=   1.0000000000000000     
 true area (A^2)=    13081.817999999999     
 total area (A^2) =    12279.576919991032     
 centroid coords =   -8.8347286549707569        8.1692466165413666        5.8579761069340037     
  
 first few rows of gr matrix
   7.8854996654743212       0.35596847586651559      -0.73251961012380318        1.6438078849829518        1.1900139386616430E-002
  0.35596847586651603        7.6824608253351165        1.2572151967800873        1.1900139386616430E-002   1.8650360182363692     
 -0.73251961012380340        1.2572151967800878        6.7147029975265902       -7.9215054682251262E-002  0.53668651132142831     
   2.2622912594140145       0.10972568726933386        5.6622710900742987E-002   5.5036501303864416        1.0838154015015031     
  0.10972568726933386        2.6996617906416254       0.74751827634428780        1.0838154015015027        5.4844249415965001     
   5.6622710900742987E-002  0.74751827634428780        3.3990313479446641       0.37489035747867522       -4.9528602327638171E-002
  0.57311804034866609       -1.5149302614731837E-002   7.8990373703761496E-002  0.48345759360947993       -2.6983555947652515E-002
  -1.5149302614731837E-002  0.57772336663796842       -8.6998787396158933E-002  -2.6983555947652515E-002  0.56471912692628501     
   7.8990373703761496E-002  -8.6998787396158933E-002   1.0747885496371727        6.6333294727422887E-002 -0.17547286851107452     
 first few columns of gr matrix
   7.8854996654743212       0.35596847586651603      -0.73251961012380340        2.2622912594140145       0.10972568726933386     
  0.35596847586651559        7.6824608253351165        1.2572151967800878       0.10972568726933386        2.6996617906416254     
 -0.73251961012380318        1.2572151967800873        6.7147029975265902        5.6622710900742987E-002  0.74751827634428780     
   1.6438078849829518        1.1900139386616430E-002  -7.9215054682251262E-002   5.5036501303864416        1.0838154015015027     
   1.1900139386616430E-002   1.8650360182363692       0.53668651132142831        1.0838154015015031        5.4844249415965001     
  -7.9215054682251262E-002  0.53668651132142831        2.2446574475466790       0.37489035747867494       -4.9528602327638671E-002
   1.3267401858112455       -1.6953617283193018E-002  0.13370788988686341        1.5483777762431308       -4.0429207351594221E-002
  -1.6953617283193018E-002   1.3483295848022216      -0.24803972377338007       -4.0429207351594221E-002   1.7720941959723604     
  0.13370788988686341      -0.24803972377338007        2.4111925559580909       0.12724035180973017      -0.53470238233880607     
  
 about to enter dgetrf
 Just out of dgetrf:                 
  
  **** TRANSLATION/ROTATION FLOWS ****
     U(X-Z) =     1.000     0.000     0.000 A/SEC
  OMGA(X-Z) =     0.000     0.000     0.000 RAD/S

 FTOTH(X-Z) =   -0.21372E+02   -0.26035E+00    0.55527E+00
 TTOTH(X-Z) =   -0.39209E+00   -0.37279E+01   -0.14510E+01

     U(X-Z) =     0.000     1.000     0.000 A/SEC
  OMGA(X-Z) =     0.000     0.000     0.000 RAD/S

 FTOTH(X-Z) =   -0.26021E+00   -0.21353E+02   -0.67360E+00
 TTOTH(X-Z) =   -0.36262E+01    0.72860E+00    0.25480E+01

     U(X-Z) =     0.000     0.000     1.000 A/SEC
  OMGA(X-Z) =     0.000     0.000     0.000 RAD/S

 FTOTH(X-Z) =    0.55536E+00   -0.67387E+00   -0.19769E+02
 TTOTH(X-Z) =   -0.68811E+01   -0.47719E+01   -0.43744E+00

     U(X-Z) =     0.000     0.000     0.000 A/SEC
  OMGA(X-Z) =     1.000     0.000     0.000 RAD/S

 FTOTH(X-Z) =   -0.34356E+00   -0.36878E+01   -0.68895E+01
 TTOTH(X-Z) =   -0.26350E+05   -0.14666E+04    0.28483E+04

     U(X-Z) =     0.000     0.000     0.000 A/SEC
  OMGA(X-Z) =     0.000     1.000     0.000 RAD/S

 FTOTH(X-Z) =   -0.36525E+01    0.76385E+00   -0.46436E+01
 TTOTH(X-Z) =   -0.14642E+04   -0.26155E+05   -0.31986E+04

     U(X-Z) =     0.000     0.000     0.000 A/SEC
  OMGA(X-Z) =     0.000     0.000     1.000 RAD/S

 FTOTH(X-Z) =   -0.14517E+01    0.25036E+01   -0.45069E+00
 TTOTH(X-Z) =    0.28524E+04   -0.31955E+04   -0.18261E+05

 I,J,Ktt,Ktr,Krt,Krr=    1    1  0.2137E+02  0.3921E+00  0.3436E+00  0.2635E+05
 I,J,Ktt,Ktr,Krt,Krr=    1    2  0.2602E+00  0.3626E+01  0.3653E+01  0.1464E+04
 I,J,Ktt,Ktr,Krt,Krr=    1    3 -0.5554E+00  0.6881E+01  0.1452E+01 -0.2852E+04
 I,J,Ktt,Ktr,Krt,Krr=    2    1  0.2603E+00  0.3728E+01  0.3688E+01  0.1467E+04
 I,J,Ktt,Ktr,Krt,Krr=    2    2  0.2135E+02 -0.7286E+00 -0.7639E+00  0.2615E+05
 I,J,Ktt,Ktr,Krt,Krr=    2    3  0.6739E+00  0.4772E+01 -0.2504E+01  0.3195E+04
 I,J,Ktt,Ktr,Krt,Krr=    3    1 -0.5553E+00  0.1451E+01  0.6890E+01 -0.2848E+04
 I,J,Ktt,Ktr,Krt,Krr=    3    2  0.6736E+00 -0.2548E+01  0.4644E+01  0.3199E+04
 I,J,Ktt,Ktr,Krt,Krr=    3    3  0.1977E+02  0.4374E+00  0.4507E+00  0.1826E+05
  
  Friction Tensors in Center of Resistance
  
  Ktt Tensor (A)
    0.21372E+02    0.26021E+00   -0.55536E+00
    0.26035E+00    0.21353E+02    0.67387E+00
   -0.55527E+00    0.67360E+00    0.19769E+02
  
  Symmetric Krt Tensor (A^2)
    0.36782E+00    0.36902E+01    0.14514E+01
    0.36570E+01   -0.74623E+00   -0.25258E+01
    0.68853E+01    0.47077E+01    0.44407E+00
  
  Krr Tensor (A^3)
    0.26350E+05    0.14642E+04   -0.28524E+04
    0.14666E+04    0.26155E+05    0.31955E+04
   -0.28483E+04    0.31986E+04    0.18261E+05
  
 Raw Dtt tensor (no rot/trans coupling correction)
    0.46832E-01   -0.61287E-03    0.13365E-02
   -0.61318E-03    0.46890E-01   -0.16156E-02
    0.13363E-02   -0.16149E-02    0.50677E-01
  
 Raw Drr tensor (no rot/trans coupling correction)
    0.38829E-04   -0.29794E-05    0.65865E-05
   -0.29811E-05    0.39299E-04   -0.73427E-05
    0.65787E-05   -0.73486E-05    0.57076E-04
  
 Raw Dtt tensor, before CD transformation
    0.46832E-01   -0.61287E-03    0.13365E-02
   -0.61314E-03    0.46890E-01   -0.16143E-02
    0.13364E-02   -0.16150E-02    0.50678E-01
  
 Program finished at:                
 Elapsed time CPU_TIME:   216.25600000000000     
