 BEST ver.3.90 SFSU/ARAGON
  
 control gtensor value=   1.0000000000000000     
 true area (A^2)=    13081.817999999999     
 total area (A^2) =    12114.982173844353     
 centroid coords =   -8.7314531140658005        8.1810270585491001        6.1869145089806397     
  
 first few rows of gr matrix
   12.690887246406801       0.22755436258038869       0.80184497881489047        3.3985138235613421       0.57959902026370602     
  0.22755436258038858        12.561595380113388      -0.33523920500139859       0.57959902026370602        3.1852514916787791     
  0.80184497881489092      -0.33523920500139825        8.6680458929160995       0.60416161602848095       0.44956754016762640     
   4.6010109992679187       0.71342398470374024       0.87182554437374027        7.8672614587556113       -1.1333486509011981     
  0.71342398470374024        4.8348566116701939       0.83205254248829341       -1.1333486509011985        9.7450761744411469     
  0.87182554437374027       0.83205254248829341        4.4434211768713840        1.0265196160509973       0.69358707735715619     
   1.8082053600294805      -0.21571281047209503        3.4180885462748535E-004  0.83824165217279045       0.12496085090095214     
 -0.21571281047209503        3.1722456695637300       0.12168407728190736       0.12496085090095214        1.5477972181045068     
   3.4180885462748535E-004  0.12168407728190736        1.6788662191438510        3.1695926241710762E-002  0.17124921457265763     
 first few columns of gr matrix
   12.690887246406801       0.22755436258038858       0.80184497881489092        4.6010109992679187       0.71342398470374024     
  0.22755436258038869        12.561595380113388      -0.33523920500139825       0.71342398470374024        4.8348566116701939     
  0.80184497881489047      -0.33523920500139859        8.6680458929160995       0.87182554437374027       0.83205254248829341     
   3.3985138235613421       0.57959902026370602       0.60416161602848095        7.8672614587556113       -1.1333486509011985     
  0.57959902026370602        3.1852514916787791       0.44956754016762640       -1.1333486509011981        9.7450761744411469     
  0.60416161602848095       0.44956754016762640        2.8155451254775814        1.0265196160509973       0.69358707735715597     
  0.79195089629106918       -5.5813148314552558E-002  -5.0294906660660829E-004  0.61107488170861213        7.0368672833478821E-002
  -5.5813148314552558E-002   1.5170082334609847        3.3040971298843841E-002   7.0368672833478821E-002   1.1428604273909508     
  -5.0294906660660829E-004   3.3040971298843841E-002  0.77982116548286373        1.6048519745598532E-002  0.11195635480798953     
  
 about to enter dgetrf
 Just out of dgetrf:                 
  
  **** TRANSLATION/ROTATION FLOWS ****
     U(X-Z) =     1.000     0.000     0.000 A/SEC
  OMGA(X-Z) =     0.000     0.000     0.000 RAD/S

 FTOTH(X-Z) =   -0.21298E+02   -0.26219E+00    0.55342E+00
 TTOTH(X-Z) =   -0.47423E+00    0.31987E+01   -0.19814E+01

     U(X-Z) =     0.000     1.000     0.000 A/SEC
  OMGA(X-Z) =     0.000     0.000     0.000 RAD/S

 FTOTH(X-Z) =   -0.26228E+00   -0.21275E+02   -0.67376E+00
 TTOTH(X-Z) =   -0.10648E+02    0.63439E+00    0.51999E+01

     U(X-Z) =     0.000     0.000     1.000 A/SEC
  OMGA(X-Z) =     0.000     0.000     0.000 RAD/S

 FTOTH(X-Z) =    0.55335E+00   -0.67393E+00   -0.19688E+02
 TTOTH(X-Z) =   -0.66870E+01   -0.68835E+01   -0.25810E+00

     U(X-Z) =     0.000     0.000     0.000 A/SEC
  OMGA(X-Z) =     1.000     0.000     0.000 RAD/S

 FTOTH(X-Z) =   -0.42743E+00   -0.10580E+02   -0.65772E+01
 TTOTH(X-Z) =   -0.26067E+05   -0.14146E+04    0.28240E+04

     U(X-Z) =     0.000     0.000     0.000 A/SEC
  OMGA(X-Z) =     0.000     1.000     0.000 RAD/S

 FTOTH(X-Z) =    0.31738E+01    0.67321E+00   -0.67128E+01
 TTOTH(X-Z) =   -0.14158E+04   -0.25862E+05   -0.31777E+04

     U(X-Z) =     0.000     0.000     0.000 A/SEC
  OMGA(X-Z) =     0.000     0.000     1.000 RAD/S

 FTOTH(X-Z) =   -0.20684E+01    0.50620E+01   -0.28995E+00
 TTOTH(X-Z) =    0.28296E+04   -0.31791E+04   -0.18063E+05

 I,J,Ktt,Ktr,Krt,Krr=    1    1  0.2130E+02  0.4742E+00  0.4274E+00  0.2607E+05
 I,J,Ktt,Ktr,Krt,Krr=    1    2  0.2623E+00  0.1065E+02 -0.3174E+01  0.1416E+04
 I,J,Ktt,Ktr,Krt,Krr=    1    3 -0.5534E+00  0.6687E+01  0.2068E+01 -0.2830E+04
 I,J,Ktt,Ktr,Krt,Krr=    2    1  0.2622E+00 -0.3199E+01  0.1058E+02  0.1415E+04
 I,J,Ktt,Ktr,Krt,Krr=    2    2  0.2128E+02 -0.6344E+00 -0.6732E+00  0.2586E+05
 I,J,Ktt,Ktr,Krt,Krr=    2    3  0.6739E+00  0.6884E+01 -0.5062E+01  0.3179E+04
 I,J,Ktt,Ktr,Krt,Krr=    3    1 -0.5534E+00  0.1981E+01  0.6577E+01 -0.2824E+04
 I,J,Ktt,Ktr,Krt,Krr=    3    2  0.6738E+00 -0.5200E+01  0.6713E+01  0.3178E+04
 I,J,Ktt,Ktr,Krt,Krr=    3    3  0.1969E+02  0.2581E+00  0.2900E+00  0.1806E+05
  
  Friction Tensors in Center of Resistance
  
  Ktt Tensor (A)
    0.21298E+02    0.26228E+00   -0.55335E+00
    0.26219E+00    0.21275E+02    0.67393E+00
   -0.55342E+00    0.67376E+00    0.19688E+02
  
  Symmetric Krt Tensor (A^2)
    0.45083E+00   -0.31863E+01    0.20249E+01
    0.10614E+02   -0.65380E+00   -0.51309E+01
    0.66321E+01    0.67982E+01    0.27403E+00
  
  Krr Tensor (A^3)
    0.26067E+05    0.14158E+04   -0.28296E+04
    0.14146E+04    0.25862E+05    0.31791E+04
   -0.28240E+04    0.31777E+04    0.18063E+05
  
 Raw Dtt tensor (no rot/trans coupling correction)
    0.46995E-01   -0.62184E-03    0.13421E-02
   -0.62165E-03    0.47062E-01   -0.16284E-02
    0.13423E-02   -0.16280E-02    0.50886E-01
  
 Raw Drr tensor (no rot/trans coupling correction)
    0.39246E-04   -0.29680E-05    0.66703E-05
   -0.29650E-05    0.39746E-04   -0.74595E-05
    0.66573E-05   -0.74560E-05    0.57715E-04
  
 Raw Dtt tensor, before CD transformation
    0.46994E-01   -0.62171E-03    0.13380E-02
   -0.62164E-03    0.47062E-01   -0.16278E-02
    0.13424E-02   -0.16281E-02    0.50889E-01
  
 Program finished at:                
 Elapsed time CPU_TIME:   83.207999999999998     
