 BEST ver.3.90 SFSU/ARAGON
  
 control gtensor value=   1.0000000000000000     
 true area (A^2)=    13081.817999999999     
 total area (A^2) =    11910.811447220551     
 centroid coords =   -8.8345966842722987        8.2181715082159439        6.3541185446009294     
  
 first few rows of gr matrix
   12.799196318881826       0.22949640189333773       0.80868824235021042        4.9206236384392099       0.82743163271627262     
  0.22949640189333773        12.668801024447818      -0.33810026953108652       0.82743163271627262        4.2431411591627652     
  0.80868824235021020      -0.33810026953108641        8.7420224394415200       0.95118113652499925       0.57138518677522221     
   4.4117321632218314       0.72322086136362185       0.94267923591828540        10.882937096532430      -0.91208410909027027     
  0.72322086136362185        3.9902544291953332       0.63754060948646729      -0.91208410909027027        12.847968030527129     
  0.94267923591828540       0.63754060948646729        3.8630412479189942        1.9623377436845901       0.98685362754249129     
   1.8392009478513687      -0.21941047972421202        3.4766801565316245E-004   1.4163308586040646       0.28474280739067143     
 -0.21941047972421202        3.2266231321114374       0.12376994075034398       0.28474280739067143        2.4674593889322112     
   3.4766801565316245E-004  0.12376994075034398        1.7076447232269416        9.2915086329342922E-002  0.32389167440108235     
 first few columns of gr matrix
   12.799196318881826       0.22949640189333773       0.80868824235021020        4.4117321632218314       0.72322086136362185     
  0.22949640189333773        12.668801024447818      -0.33810026953108641       0.72322086136362185        3.9902544291953332     
  0.80868824235021042      -0.33810026953108652        8.7420224394415200       0.94267923591828540       0.63754060948646729     
   4.9206236384392099       0.82743163271627262       0.95118113652499925        10.882937096532430      -0.91208410909027027     
  0.82743163271627262        4.2431411591627652       0.57138518677522221      -0.91208410909027027        12.847968030527129     
  0.95118113652499925       0.57138518677522221        3.9540622517058206        1.9623377436845897       0.98685362754249151     
  0.80552622578584110       -5.6769876669882494E-002  -5.1157043357550594E-004  0.63940950882159120       0.11610379799284917     
  -5.6769876669882494E-002   1.5430122277893725        3.3607347414218863E-002  0.11610379799284917        1.1400760249654538     
  -5.1157043357550594E-004   3.3607347414218863E-002  0.79318857161625622        2.9656386409107345E-002  0.12785232900313145     
  
 about to enter dgetrf
 Just out of dgetrf:                 
  
  **** TRANSLATION/ROTATION FLOWS ****
     U(X-Z) =     1.000     0.000     0.000 A/SEC
  OMGA(X-Z) =     0.000     0.000     0.000 RAD/S

 FTOTH(X-Z) =   -0.21216E+02   -0.26145E+00    0.55472E+00
 TTOTH(X-Z) =   -0.39507E-01    0.56671E+01   -0.30179E+01

     U(X-Z) =     0.000     1.000     0.000 A/SEC
  OMGA(X-Z) =     0.000     0.000     0.000 RAD/S

 FTOTH(X-Z) =   -0.26181E+00   -0.21194E+02   -0.68080E+00
 TTOTH(X-Z) =   -0.13372E+02    0.36777E+00    0.26311E+01

     U(X-Z) =     0.000     0.000     1.000 A/SEC
  OMGA(X-Z) =     0.000     0.000     0.000 RAD/S

 FTOTH(X-Z) =    0.55508E+00   -0.68102E+00   -0.19610E+02
 TTOTH(X-Z) =   -0.61616E+01   -0.49800E+01   -0.40446E+00

     U(X-Z) =     0.000     0.000     0.000 A/SEC
  OMGA(X-Z) =     1.000     0.000     0.000 RAD/S

 FTOTH(X-Z) =   -0.52828E-01   -0.13421E+02   -0.60754E+01
 TTOTH(X-Z) =   -0.25795E+05   -0.13940E+04    0.28223E+04

     U(X-Z) =     0.000     0.000     0.000 A/SEC
  OMGA(X-Z) =     0.000     1.000     0.000 RAD/S

 FTOTH(X-Z) =    0.56968E+01    0.42516E+00   -0.48828E+01
 TTOTH(X-Z) =   -0.13954E+04   -0.25539E+05   -0.31623E+04

     U(X-Z) =     0.000     0.000     0.000 A/SEC
  OMGA(X-Z) =     0.000     0.000     1.000 RAD/S

 FTOTH(X-Z) =   -0.30507E+01    0.26790E+01   -0.42375E+00
 TTOTH(X-Z) =    0.28280E+04   -0.31656E+04   -0.17845E+05

 I,J,Ktt,Ktr,Krt,Krr=    1    1  0.2122E+02  0.3951E-01  0.5283E-01  0.2580E+05
 I,J,Ktt,Ktr,Krt,Krr=    1    2  0.2618E+00  0.1337E+02 -0.5697E+01  0.1395E+04
 I,J,Ktt,Ktr,Krt,Krr=    1    3 -0.5551E+00  0.6162E+01  0.3051E+01 -0.2828E+04
 I,J,Ktt,Ktr,Krt,Krr=    2    1  0.2614E+00 -0.5667E+01  0.1342E+02  0.1394E+04
 I,J,Ktt,Ktr,Krt,Krr=    2    2  0.2119E+02 -0.3678E+00 -0.4252E+00  0.2554E+05
 I,J,Ktt,Ktr,Krt,Krr=    2    3  0.6810E+00  0.4980E+01 -0.2679E+01  0.3166E+04
 I,J,Ktt,Ktr,Krt,Krr=    3    1 -0.5547E+00  0.3018E+01  0.6075E+01 -0.2822E+04
 I,J,Ktt,Ktr,Krt,Krr=    3    2  0.6808E+00 -0.2631E+01  0.4883E+01  0.3162E+04
 I,J,Ktt,Ktr,Krt,Krr=    3    3  0.1961E+02  0.4045E+00  0.4238E+00  0.1785E+05
  
  Friction Tensors in Center of Resistance
  
  Ktt Tensor (A)
    0.21216E+02    0.26181E+00   -0.55508E+00
    0.26145E+00    0.21194E+02    0.68102E+00
   -0.55472E+00    0.68080E+00    0.19610E+02
  
  Symmetric Krt Tensor (A^2)
    0.46168E-01   -0.56819E+01    0.30343E+01
    0.13397E+02   -0.39647E+00   -0.26551E+01
    0.61185E+01    0.49314E+01    0.41411E+00
  
  Krr Tensor (A^3)
    0.25795E+05    0.13954E+04   -0.28280E+04
    0.13940E+04    0.25539E+05    0.31656E+04
   -0.28223E+04    0.31623E+04    0.17845E+05
  
 Raw Dtt tensor (no rot/trans coupling correction)
    0.47176E-01   -0.62638E-03    0.13571E-02
   -0.62555E-03    0.47244E-01   -0.16584E-02
    0.13562E-02   -0.16579E-02    0.51091E-01
  
 Raw Drr tensor (no rot/trans coupling correction)
    0.39676E-04   -0.30126E-05    0.68221E-05
   -0.30096E-05    0.40264E-04   -0.76193E-05
    0.68082E-05   -0.76114E-05    0.58466E-04
  
 Raw Dtt tensor, before CD transformation
    0.47176E-01   -0.62629E-03    0.13543E-02
   -0.62558E-03    0.47244E-01   -0.16594E-02
    0.13563E-02   -0.16580E-02    0.51093E-01
  
 Program finished at:                
 Elapsed time CPU_TIME:   43.712000000000003     
