 BEST ver.3.90 SFSU/ARAGON
  
 control gtensor value=   1.0000000000000000     
 true area (A^2)=    4031.9220000000000     
 total area (A^2) =    3858.4389098753513     
 centroid coords =  -0.31795571357285640      -0.39238123752494991      -0.64200673652694462     
  
 first few rows of gr matrix
   4.3489037780806097       0.29223956222746461       0.60803745208742477       0.58498838755497828        8.2610795319365757E-003
  0.29223956222746450        6.1961953216034900      -0.20134122728516837        8.2610795319365757E-003  0.41512813378705815     
  0.60803745208742499      -0.20134122728516793        5.6873529422298263      -0.20030482830715901       -9.7004712224724038E-003
  0.32271903956427450        1.1067096136208373E-002 -0.11107328918335103        8.1660865034556718       0.64189908046075583     
   1.1067096136208373E-002  0.23201040689433100       -1.3424747547642321E-002  0.64189908046075650        7.9301612054318165     
 -0.11107328918335103       -1.3424747547642321E-002  0.36108035487915757       0.96659118198119875       -1.0571166662506921     
  0.26119720182924255        2.8556892892533599E-002  -7.2518464708942187E-002   1.5435464857094863      -0.45350729406889667     
   2.8556892892533599E-002  0.25840344600193155       -6.7516399945843089E-002 -0.45350729406889667        1.4783464491846667     
  -7.2518464708942187E-002  -6.7516399945843089E-002  0.40185409686147894       0.15392429823949028      -0.14670843808489265     
 first few columns of gr matrix
   4.3489037780806097       0.29223956222746450       0.60803745208742499       0.32271903956427450        1.1067096136208373E-002
  0.29223956222746461        6.1961953216034900      -0.20134122728516793        1.1067096136208373E-002  0.23201040689433100     
  0.60803745208742477      -0.20134122728516837        5.6873529422298263      -0.11107328918335103       -1.3424747547642321E-002
  0.58498838755497828        8.2610795319365757E-003 -0.20030482830715901        8.1660865034556718       0.64189908046075650     
   8.2610795319365757E-003  0.41512813378705815       -9.7004712224724038E-003  0.64189908046075583        7.9301612054318165     
 -0.20030482830715901       -9.7004712224724038E-003  0.65293205062375081       0.96659118198119875       -1.0571166662506921     
  0.27362955160799873        2.5101005643676174E-002  -7.8680361666284809E-002  0.95050051807513092      -0.28423834002755582     
   2.5101005643676174E-002  0.25870224617441678       -5.9765239611912213E-002 -0.28423834002755582       0.94681425921840989     
  -7.8680361666284809E-002  -5.9765239611912213E-002  0.42261692660364930       0.12619223966036150      -0.13483782814570022     
  
 about to enter dgetrf
 Just out of dgetrf:                 
  
  **** TRANSLATION/ROTATION FLOWS ****
     U(X-Z) =     1.000     0.000     0.000 A/SEC
  OMGA(X-Z) =     0.000     0.000     0.000 RAD/S

 FTOTH(X-Z) =   -0.12073E+02    0.12498E-01    0.83101E-01
 TTOTH(X-Z) =    0.64146E+00   -0.93484E+00    0.67950E+00

     U(X-Z) =     0.000     1.000     0.000 A/SEC
  OMGA(X-Z) =     0.000     0.000     0.000 RAD/S

 FTOTH(X-Z) =    0.12503E-01   -0.12205E+02    0.19286E+00
 TTOTH(X-Z) =    0.14739E+01   -0.66646E+00   -0.28124E+00

     U(X-Z) =     0.000     0.000     1.000 A/SEC
  OMGA(X-Z) =     0.000     0.000     0.000 RAD/S

 FTOTH(X-Z) =    0.83031E-01    0.19297E+00   -0.12473E+02
 TTOTH(X-Z) =   -0.16821E+01   -0.36068E+00    0.40945E-02

     U(X-Z) =     0.000     0.000     0.000 A/SEC
  OMGA(X-Z) =     1.000     0.000     0.000 RAD/S

 FTOTH(X-Z) =    0.63339E+00    0.15174E+01   -0.16583E+01
 TTOTH(X-Z) =   -0.42284E+04   -0.15964E+02    0.68675E+02

     U(X-Z) =     0.000     0.000     0.000 A/SEC
  OMGA(X-Z) =     0.000     1.000     0.000 RAD/S

 FTOTH(X-Z) =   -0.97399E+00   -0.65093E+00   -0.29527E+00
 TTOTH(X-Z) =   -0.15459E+02   -0.45411E+04    0.24377E+03

     U(X-Z) =     0.000     0.000     0.000 A/SEC
  OMGA(X-Z) =     0.000     0.000     1.000 RAD/S

 FTOTH(X-Z) =    0.67651E+00   -0.32333E+00    0.47410E-02
 TTOTH(X-Z) =    0.68013E+02    0.24224E+03   -0.47031E+04

 I,J,Ktt,Ktr,Krt,Krr=    1    1  0.1207E+02 -0.6415E+00 -0.6334E+00  0.4228E+04
 I,J,Ktt,Ktr,Krt,Krr=    1    2 -0.1250E-01 -0.1474E+01  0.9740E+00  0.1546E+02
 I,J,Ktt,Ktr,Krt,Krr=    1    3 -0.8303E-01  0.1682E+01 -0.6765E+00 -0.6801E+02
 I,J,Ktt,Ktr,Krt,Krr=    2    1 -0.1250E-01  0.9348E+00 -0.1517E+01  0.1596E+02
 I,J,Ktt,Ktr,Krt,Krr=    2    2  0.1220E+02  0.6665E+00  0.6509E+00  0.4541E+04
 I,J,Ktt,Ktr,Krt,Krr=    2    3 -0.1930E+00  0.3607E+00  0.3233E+00 -0.2422E+03
 I,J,Ktt,Ktr,Krt,Krr=    3    1 -0.8310E-01 -0.6795E+00  0.1658E+01 -0.6868E+02
 I,J,Ktt,Ktr,Krt,Krr=    3    2 -0.1929E+00  0.2812E+00  0.2953E+00 -0.2438E+03
 I,J,Ktt,Ktr,Krt,Krr=    3    3  0.1247E+02 -0.4094E-02 -0.4741E-02  0.4703E+04
  
  Friction Tensors in Center of Resistance
  
  Ktt Tensor (A)
    0.12073E+02   -0.12503E-01   -0.83031E-01
   -0.12498E-01    0.12205E+02   -0.19297E+00
   -0.83101E-01   -0.19286E+00    0.12473E+02
  
  Symmetric Krt Tensor (A^2)
   -0.63743E+00    0.95441E+00   -0.67801E+00
   -0.14957E+01    0.65870E+00    0.30229E+00
    0.16702E+01    0.32797E+00   -0.44177E-02
  
  Krr Tensor (A^3)
    0.42284E+04    0.15459E+02   -0.68013E+02
    0.15964E+02    0.45411E+04   -0.24224E+03
   -0.68675E+02   -0.24377E+03    0.47031E+04
  
 Raw Dtt tensor (no rot/trans coupling correction)
    0.82836E-01    0.93597E-04    0.55287E-03
    0.93573E-04    0.81956E-01    0.12686E-02
    0.55333E-03    0.12679E-02    0.80196E-01
  
 Raw Drr tensor (no rot/trans coupling correction)
    0.23655E-03   -0.62336E-06    0.33888E-05
   -0.64913E-06    0.22082E-03    0.11364E-04
    0.34205E-05    0.11437E-04    0.21326E-03
  
 Raw Dtt tensor, before CD transformation
    0.82836E-01    0.93597E-04    0.55289E-03
    0.93568E-04    0.81956E-01    0.12678E-02
    0.55334E-03    0.12679E-02    0.80197E-01
  
 Program finished at:                
 Elapsed time CPU_TIME:   91.867999999999995     
