 BEST ver.3.90 SFSU/ARAGON
  
 control gtensor value=   1.0000000000000000     
 true area (A^2)=    4031.9220000000000     
 total area (A^2) =    3833.3355919534961     
 centroid coords =  -0.45277564732874931      -0.17519682071451978      -0.56495378564405085     
  
 first few rows of gr matrix
   4.3631203475920559       0.29319489356207373       0.61002512694625510       0.58881929385606269        8.3151787624612047E-003
  0.29319489356207373        6.2164506884708963      -0.20199941189887330        8.3151787624612047E-003  0.41784667832112848     
  0.61002512694625510      -0.20199941189887330        5.7059449030009217      -0.20161656208722045       -9.7639965797617877E-003
  0.32483242579286919        1.1139571093361120E-002 -0.11180067347416252        8.1927814459830302       0.64399744900657274     
   1.1139571093361120E-002  0.23352977060923036       -1.3512662027766752E-002  0.64399744900657274        7.9560849079938807     
 -0.11180067347416252       -1.3512662027766752E-002  0.36344495738432125       0.96975096923541559       -1.0605723813767005     
  0.26290770075127329        2.8743903067861433E-002  -7.2993365492117782E-002   1.5536546897079218      -0.45647717174065328     
   2.8743903067861433E-002  0.26009564948933450       -6.7958543768663462E-002 -0.45647717174065328        1.4880276785010957     
  -7.2993365492117782E-002  -6.7958543768663462E-002  0.40448571387223309       0.15493230040938000      -0.14766918583961422     
 first few columns of gr matrix
   4.3631203475920559       0.29319489356207373       0.61002512694625510       0.32483242579286919        1.1139571093361120E-002
  0.29319489356207373        6.2164506884708963      -0.20199941189887330        1.1139571093361120E-002  0.23352977060923036     
  0.61002512694625510      -0.20199941189887330        5.7059449030009217      -0.11180067347416252       -1.3512662027766752E-002
  0.58881929385606269        8.3151787624612047E-003 -0.20161656208722045        8.1927814459830302       0.64399744900657274     
   8.3151787624612047E-003  0.41784667832112848       -9.7639965797617877E-003  0.64399744900657274        7.9560849079938807     
 -0.20161656208722045       -9.7639965797617877E-003  0.65720789876044439       0.96975096923541515       -1.0605723813767010     
  0.27542146610701818        2.5265384292431615E-002  -7.9195614788724972E-002  0.95672504919633361      -0.28609972816958806     
   2.5265384292431615E-002  0.26039640641085560       -6.0156623505825138E-002 -0.28609972816958806       0.95301465018130860     
  -7.9195614788724972E-002  -6.0156623505825138E-002  0.42538451290367391       0.12701863323730650      -0.13572083898225187     
  
 about to enter dgetrf
 Just out of dgetrf:                 
  
  **** TRANSLATION/ROTATION FLOWS ****
     U(X-Z) =     1.000     0.000     0.000 A/SEC
  OMGA(X-Z) =     0.000     0.000     0.000 RAD/S

 FTOTH(X-Z) =   -0.12041E+02    0.11226E-01    0.82915E-01
 TTOTH(X-Z) =    0.56787E+00   -0.46832E-02   -0.15583E+01

     U(X-Z) =     0.000     1.000     0.000 A/SEC
  OMGA(X-Z) =     0.000     0.000     0.000 RAD/S

 FTOTH(X-Z) =    0.11313E-01   -0.12174E+02    0.19200E+00
 TTOTH(X-Z) =    0.58774E+00   -0.70741E+00   -0.19744E+01

     U(X-Z) =     0.000     0.000     1.000 A/SEC
  OMGA(X-Z) =     0.000     0.000     0.000 RAD/S

 FTOTH(X-Z) =    0.82901E-01    0.19201E+00   -0.12439E+02
 TTOTH(X-Z) =    0.66505E+00    0.14130E+01    0.10046E+00

     U(X-Z) =     0.000     0.000     0.000 A/SEC
  OMGA(X-Z) =     1.000     0.000     0.000 RAD/S

 FTOTH(X-Z) =    0.58093E+00    0.58254E+00    0.74742E+00
 TTOTH(X-Z) =   -0.41988E+04   -0.17666E+02    0.67593E+02

     U(X-Z) =     0.000     0.000     0.000 A/SEC
  OMGA(X-Z) =     0.000     1.000     0.000 RAD/S

 FTOTH(X-Z) =   -0.22316E-01   -0.68319E+00    0.14322E+01
 TTOTH(X-Z) =   -0.18643E+02   -0.45053E+04    0.24379E+03

     U(X-Z) =     0.000     0.000     0.000 A/SEC
  OMGA(X-Z) =     0.000     0.000     1.000 RAD/S

 FTOTH(X-Z) =   -0.16210E+01   -0.19772E+01    0.89733E-01
 TTOTH(X-Z) =    0.66580E+02    0.24333E+03   -0.46621E+04

 I,J,Ktt,Ktr,Krt,Krr=    1    1  0.1204E+02 -0.5679E+00 -0.5809E+00  0.4199E+04
 I,J,Ktt,Ktr,Krt,Krr=    1    2 -0.1131E-01 -0.5877E+00  0.2232E-01  0.1864E+02
 I,J,Ktt,Ktr,Krt,Krr=    1    3 -0.8290E-01 -0.6650E+00  0.1621E+01 -0.6658E+02
 I,J,Ktt,Ktr,Krt,Krr=    2    1 -0.1123E-01  0.4683E-02 -0.5825E+00  0.1767E+02
 I,J,Ktt,Ktr,Krt,Krr=    2    2  0.1217E+02  0.7074E+00  0.6832E+00  0.4505E+04
 I,J,Ktt,Ktr,Krt,Krr=    2    3 -0.1920E+00 -0.1413E+01  0.1977E+01 -0.2433E+03
 I,J,Ktt,Ktr,Krt,Krr=    3    1 -0.8292E-01  0.1558E+01 -0.7474E+00 -0.6759E+02
 I,J,Ktt,Ktr,Krt,Krr=    3    2 -0.1920E+00  0.1974E+01 -0.1432E+01 -0.2438E+03
 I,J,Ktt,Ktr,Krt,Krr=    3    3  0.1244E+02 -0.1005E+00 -0.8973E-01  0.4662E+04
  
  Friction Tensors in Center of Resistance
  
  Ktt Tensor (A)
    0.12041E+02   -0.11313E-01   -0.82901E-01
   -0.11226E-01    0.12174E+02   -0.19201E+00
   -0.82915E-01   -0.19200E+00    0.12439E+02
  
  Symmetric Krt Tensor (A^2)
   -0.57440E+00    0.13500E-01    0.15896E+01
   -0.58514E+00    0.69530E+00    0.19758E+01
   -0.70623E+00   -0.14226E+01   -0.95099E-01
  
  Krr Tensor (A^3)
    0.41988E+04    0.18643E+02   -0.66580E+02
    0.17666E+02    0.45053E+04   -0.24333E+03
   -0.67593E+02   -0.24379E+03    0.46621E+04
  
 Raw Dtt tensor (no rot/trans coupling correction)
    0.83055E-01    0.85933E-04    0.55485E-03
    0.85341E-04    0.82166E-01    0.12689E-02
    0.55494E-03    0.12688E-02    0.80416E-01
  
 Raw Drr tensor (no rot/trans coupling correction)
    0.23822E-03   -0.80397E-06    0.33601E-05
   -0.74967E-06    0.22259E-03    0.11607E-04
    0.34146E-05    0.11628E-04    0.21515E-03
  
 Raw Dtt tensor, before CD transformation
    0.83055E-01    0.85884E-04    0.55173E-03
    0.85356E-04    0.82166E-01    0.12710E-02
    0.55501E-03    0.12690E-02    0.80425E-01
  
 Program finished at:                
 Elapsed time CPU_TIME:   47.711999999999996     
