 BEST ver.3.90 SFSU/ARAGON
  
 control gtensor value=   1.0000000000000000     
 true area (A^2)=    4031.9220000000000     
 total area (A^2) =    3842.3175707291516     
 centroid coords =  -0.29332691131498873      -0.20800229357798139      -0.66571727828746097     
  
 first few rows of gr matrix
   4.3580176480866983       0.29285200010070556       0.60931169832968224       0.58744284271615621        8.2957408170583127E-003
  0.29285200010070556        6.2091805062787762      -0.20176317218576384        8.2957408170583127E-003  0.41686990065320478     
  0.60931169832968224      -0.20176317218576381        5.6992717608653374      -0.20114525391236160       -9.7411718110041838E-003
  0.32407308253182759        1.1113530718173680E-002 -0.11153932306317650        8.1831999312638661       0.64324428952374579     
   1.1113530718173680E-002  0.23298386064617219       -1.3481074205755041E-002  0.64324428952374557        7.9467802115174182     
 -0.11153932306317650       -1.3481074205755041E-002  0.36259535168847445       0.96861683875153459       -1.0593320346214599     
  0.26229311558369273        2.8676709994271726E-002  -7.2822732834211354E-002   1.5500227948447880      -0.45541008964952651     
   2.8676709994271726E-002  0.25948763790248630       -6.7799680742242963E-002 -0.45541008964952651        1.4845491963663269     
  -7.2822732834211354E-002  -6.7799680742242963E-002  0.40354016941106369       0.15457012351787522      -0.14732398753973019     
 first few columns of gr matrix
   4.3580176480866983       0.29285200010070556       0.60931169832968224       0.32407308253182759        1.1113530718173680E-002
  0.29285200010070556        6.2091805062787762      -0.20176317218576381        1.1113530718173680E-002  0.23298386064617219     
  0.60931169832968224      -0.20176317218576384        5.6992717608653374      -0.11153932306317650       -1.3481074205755041E-002
  0.58744284271615621        8.2957408170583127E-003 -0.20114525391236160        8.1831999312638661       0.64324428952374557     
   8.2957408170583127E-003  0.41686990065320478       -9.7411718110041838E-003  0.64324428952374579        7.9467802115174182     
 -0.20114525391236160       -9.7411718110041838E-003  0.65567157926337072       0.96861683875153548       -1.0593320346214603     
  0.27477762818435969        2.5206322764773886E-002  -7.9010483466791528E-002  0.95448856459352882      -0.28543092824900967     
   2.5206322764773886E-002  0.25978769176075572       -6.0015998608065321E-002 -0.28543092824900967       0.95078683917838003     
  -7.9010483466791528E-002  -6.0015998608065321E-002  0.42439011444595670       0.12672170862166768      -0.13540357168908501     
  
 about to enter dgetrf
 Just out of dgetrf:                 
  
  **** TRANSLATION/ROTATION FLOWS ****
     U(X-Z) =     1.000     0.000     0.000 A/SEC
  OMGA(X-Z) =     0.000     0.000     0.000 RAD/S

 FTOTH(X-Z) =   -0.12048E+02    0.10283E-01    0.83049E-01
 TTOTH(X-Z) =    0.59610E+00   -0.12831E+01   -0.13369E+01

     U(X-Z) =     0.000     1.000     0.000 A/SEC
  OMGA(X-Z) =     0.000     0.000     0.000 RAD/S

 FTOTH(X-Z) =    0.10340E-01   -0.12180E+02    0.19252E+00
 TTOTH(X-Z) =    0.18874E+01   -0.68934E+00   -0.91257E-01

     U(X-Z) =     0.000     0.000     1.000 A/SEC
  OMGA(X-Z) =     0.000     0.000     0.000 RAD/S

 FTOTH(X-Z) =    0.83049E-01    0.19257E+00   -0.12446E+02
 TTOTH(X-Z) =    0.38829E+00   -0.48137E+00    0.67022E-01

     U(X-Z) =     0.000     0.000     0.000 A/SEC
  OMGA(X-Z) =     1.000     0.000     0.000 RAD/S

 FTOTH(X-Z) =    0.59781E+00    0.18765E+01    0.44592E+00
 TTOTH(X-Z) =   -0.42047E+04   -0.17761E+02    0.68387E+02

     U(X-Z) =     0.000     0.000     0.000 A/SEC
  OMGA(X-Z) =     0.000     1.000     0.000 RAD/S

 FTOTH(X-Z) =   -0.12842E+01   -0.67050E+00   -0.45492E+00
 TTOTH(X-Z) =   -0.17733E+02   -0.45133E+04    0.24456E+03

     U(X-Z) =     0.000     0.000     0.000 A/SEC
  OMGA(X-Z) =     0.000     0.000     1.000 RAD/S

 FTOTH(X-Z) =   -0.13566E+01   -0.98570E-01    0.59854E-01
 TTOTH(X-Z) =    0.67622E+02    0.24389E+03   -0.46699E+04

 I,J,Ktt,Ktr,Krt,Krr=    1    1  0.1205E+02 -0.5961E+00 -0.5978E+00  0.4205E+04
 I,J,Ktt,Ktr,Krt,Krr=    1    2 -0.1034E-01 -0.1887E+01  0.1284E+01  0.1773E+02
 I,J,Ktt,Ktr,Krt,Krr=    1    3 -0.8305E-01 -0.3883E+00  0.1357E+01 -0.6762E+02
 I,J,Ktt,Ktr,Krt,Krr=    2    1 -0.1028E-01  0.1283E+01 -0.1877E+01  0.1776E+02
 I,J,Ktt,Ktr,Krt,Krr=    2    2  0.1218E+02  0.6893E+00  0.6705E+00  0.4513E+04
 I,J,Ktt,Ktr,Krt,Krr=    2    3 -0.1926E+00  0.4814E+00  0.9857E-01 -0.2439E+03
 I,J,Ktt,Ktr,Krt,Krr=    3    1 -0.8305E-01  0.1337E+01 -0.4459E+00 -0.6839E+02
 I,J,Ktt,Ktr,Krt,Krr=    3    2 -0.1925E+00  0.9126E-01  0.4549E+00 -0.2446E+03
 I,J,Ktt,Ktr,Krt,Krr=    3    3  0.1245E+02 -0.6702E-01 -0.5985E-01  0.4670E+04
  
  Friction Tensors in Center of Resistance
  
  Ktt Tensor (A)
    0.12048E+02   -0.10340E-01   -0.83049E-01
   -0.10283E-01    0.12180E+02   -0.19257E+00
   -0.83049E-01   -0.19252E+00    0.12446E+02
  
  Symmetric Krt Tensor (A^2)
   -0.59696E+00    0.12837E+01    0.13468E+01
   -0.18820E+01    0.67992E+00    0.94914E-01
   -0.41710E+00    0.46815E+00   -0.63438E-01
  
  Krr Tensor (A^3)
    0.42047E+04    0.17733E+02   -0.67622E+02
    0.17761E+02    0.45133E+04   -0.24389E+03
   -0.68387E+02   -0.24456E+03    0.46699E+04
  
 Raw Dtt tensor (no rot/trans coupling correction)
    0.83005E-01    0.79237E-04    0.55511E-03
    0.78854E-04    0.82119E-01    0.12712E-02
    0.55511E-03    0.12708E-02    0.80372E-01
  
 Raw Drr tensor (no rot/trans coupling correction)
    0.23789E-03   -0.75014E-06    0.34056E-05
   -0.75004E-06    0.22220E-03    0.11594E-04
    0.34444E-05    0.11625E-04    0.21480E-03
  
 Raw Dtt tensor, before CD transformation
    0.83005E-01    0.79214E-04    0.55364E-03
    0.78873E-04    0.82119E-01    0.12740E-02
    0.55513E-03    0.12708E-02    0.80375E-01
  
 Program finished at:                
 Elapsed time CPU_TIME:   55.327999999999996     
