 BEST ver.3.90 SFSU/ARAGON
  
 control gtensor value=   1.0000000000000000     
 true area (A^2)=    18385.484000000000     
 total area (A^2) =    17028.268818787055     
 centroid coords =    17.391028560250422        53.928589045383383        43.115343661971806     
  
 first few rows of gr matrix
   10.603484762326614       -1.0463709409972983      -0.29365589402050696        3.3238185145001182       -8.1736896424149053E-002
  -1.0463709409972981        7.9247098483353966       -1.0636138622113371       -8.1736896424149053E-002   3.2118552794018149     
 -0.29365589402050696       -1.0636138622113376        10.066034020134204      -0.19764122203293602      -0.80952934745748228     
   2.9461747737252386       -6.0861579615959435E-002 -0.16462110241173059        11.162386693679426      -0.91988318478941467     
  -6.0861579615959435E-002   2.9107845053743469      -0.77351177132547311      -0.91988318478941533        8.7510067093877453     
 -0.16462110241173059      -0.77351177132547311        4.1479125119235416      -0.40320924229036359       -1.5071874605664455     
   2.6733673475200743      -0.61812782128248334       0.58627587977096773        4.7335046708401682      -0.77579353884565394     
 -0.61812782128248334        2.3499337009525805      -0.49984649398867953      -0.77579353884565394        3.0326837797013191     
  0.58627587977096773      -0.49984649398867953        2.3759919130051457      -0.11806985770323063       -8.3187230239665663E-002
 first few columns of gr matrix
   10.603484762326614       -1.0463709409972981      -0.29365589402050696        2.9461747737252386       -6.0861579615959435E-002
  -1.0463709409972983        7.9247098483353966       -1.0636138622113376       -6.0861579615959435E-002   2.9107845053743469     
 -0.29365589402050696       -1.0636138622113371        10.066034020134204      -0.16462110241173059      -0.77351177132547311     
   3.3238185145001182       -8.1736896424149053E-002 -0.19764122203293602        11.162386693679426      -0.91988318478941533     
  -8.1736896424149053E-002   3.2118552794018149      -0.80952934745748228      -0.91988318478941467        8.7510067093877453     
 -0.19764122203293602      -0.80952934745748228        4.6864491642801296      -0.40320924229036392       -1.5071874605664459     
   1.4426898231108105      -0.30241887489161656       0.30301240353741060        2.8289971725006406      -0.48558706775043015     
 -0.30241887489161656        1.2937949033473046      -0.29508926764388849      -0.48558706775043015        1.9341891672946543     
  0.30301240353741060      -0.29508926764388849        1.3975982583949451        6.2889088062922607E-002 -0.14955857020830118     
  
 about to enter dgetrf
