 BEST ver.3.90 SFSU/ARAGON
  
 control gtensor value=   1.0000000000000000     
 true area (A^2)=    18385.484000000000     
 total area (A^2) =    17096.073652381881     
 centroid coords =    17.315706561791401        53.847785147392237        43.073936720521502     
  
 first few rows of gr matrix
   10.582436601593049       -1.0442938706523410      -0.29307298032786089        3.3106358992482980       -8.1412719260803956E-002
  -1.0442938706523408        7.9089791173169228       -1.0615025642718319       -8.1412719260803956E-002   3.1991167221647090     
 -0.29307298032786089       -1.0615025642718328        10.046052711464997      -0.19685735607377830      -0.80631866857234125     
   2.9344899334316930       -6.0620196163658900E-002 -0.16396819773426183        11.140229099778463      -0.91805719554497855     
  -6.0620196163658900E-002   2.8992400266225928      -0.77044394195096100      -0.91805719554497900        8.7336357601264183     
 -0.16396819773426183      -0.77044394195096100        4.1314614528466027      -0.40240886268580844       -1.5041956588487375     
   2.6627644902896566      -0.61567626106376461       0.58395064771612482        4.7147310914175575      -0.77271665974023829     
 -0.61567626106376461        2.3406136157217627      -0.49786405000551520      -0.77271665974023829        3.0206558355540229     
  0.58395064771612482      -0.49786405000551520        2.3665684781533769      -0.11760158017841332       -8.2857300899260411E-002
 first few columns of gr matrix
   10.582436601593049       -1.0442938706523408      -0.29307298032786089        2.9344899334316930       -6.0620196163658900E-002
  -1.0442938706523410        7.9089791173169228       -1.0615025642718328       -6.0620196163658900E-002   2.8992400266225928     
 -0.29307298032786089       -1.0615025642718319        10.046052711464997      -0.16396819773426183      -0.77044394195096100     
   3.3106358992482980       -8.1412719260803956E-002 -0.19685735607377830        11.140229099778463      -0.91805719554497900     
  -8.1412719260803956E-002   3.1991167221647090      -0.80631866857234125      -0.91805719554497855        8.7336357601264183     
 -0.19685735607377830      -0.80631866857234125        4.6678622119660638      -0.40240886268580889       -1.5041956588487384     
   1.4369679629121470      -0.30121944969581399       0.30181062434431782        2.8177770709485510      -0.48366117815764326     
 -0.30121944969581399        1.2886635761249816      -0.29391891244449880      -0.48366117815764326        1.9265179687904839     
  0.30181062434431782      -0.29391891244449880        1.3920552361039944        6.2639663298048917E-002 -0.14896540512420950     
  
 about to enter dgetrf
 Just out of dgetrf:                 
  
  **** TRANSLATION/ROTATION FLOWS ****
     U(X-Z) =     1.000     0.000     0.000 A/SEC
  OMGA(X-Z) =     0.000     0.000     0.000 RAD/S

 FTOTH(X-Z) =   -0.25683E+02    0.16245E+00   -0.23399E-01
 TTOTH(X-Z) =    0.34928E+01   -0.10313E+02   -0.28786E+01

     U(X-Z) =     0.000     1.000     0.000 A/SEC
  OMGA(X-Z) =     0.000     0.000     0.000 RAD/S

 FTOTH(X-Z) =    0.16243E+00   -0.24665E+02    0.52627E+00
 TTOTH(X-Z) =    0.17344E+01   -0.21541E+01    0.19215E+01

     U(X-Z) =     0.000     0.000     1.000 A/SEC
  OMGA(X-Z) =     0.000     0.000     0.000 RAD/S

 FTOTH(X-Z) =   -0.23438E-01    0.52641E+00   -0.23411E+02
 TTOTH(X-Z) =   -0.75822E+01    0.73123E+01   -0.14075E+01

     U(X-Z) =     0.000     0.000     0.000 A/SEC
  OMGA(X-Z) =     1.000     0.000     0.000 RAD/S

 FTOTH(X-Z) =    0.35337E+01    0.17224E+01   -0.75054E+01
 TTOTH(X-Z) =   -0.43970E+05    0.96892E+03   -0.47162E+03

     U(X-Z) =     0.000     0.000     0.000 A/SEC
  OMGA(X-Z) =     0.000     1.000     0.000 RAD/S

 FTOTH(X-Z) =   -0.10329E+02   -0.21464E+01    0.73456E+01
 TTOTH(X-Z) =    0.97096E+03   -0.39418E+05    0.43429E+04

     U(X-Z) =     0.000     0.000     0.000 A/SEC
  OMGA(X-Z) =     0.000     0.000     1.000 RAD/S

 FTOTH(X-Z) =   -0.29551E+01    0.19287E+01   -0.14466E+01
 TTOTH(X-Z) =   -0.46816E+03    0.43494E+04   -0.30714E+05

 I,J,Ktt,Ktr,Krt,Krr=    1    1  0.2568E+02 -0.3493E+01 -0.3534E+01  0.4397E+05
 I,J,Ktt,Ktr,Krt,Krr=    1    2 -0.1624E+00 -0.1734E+01  0.1033E+02 -0.9710E+03
 I,J,Ktt,Ktr,Krt,Krr=    1    3  0.2344E-01  0.7582E+01  0.2955E+01  0.4682E+03
 I,J,Ktt,Ktr,Krt,Krr=    2    1 -0.1624E+00  0.1031E+02 -0.1722E+01 -0.9689E+03
 I,J,Ktt,Ktr,Krt,Krr=    2    2  0.2466E+02  0.2154E+01  0.2146E+01  0.3942E+05
 I,J,Ktt,Ktr,Krt,Krr=    2    3 -0.5264E+00 -0.7312E+01 -0.1929E+01 -0.4349E+04
 I,J,Ktt,Ktr,Krt,Krr=    3    1  0.2340E-01  0.2879E+01  0.7505E+01  0.4716E+03
 I,J,Ktt,Ktr,Krt,Krr=    3    2 -0.5263E+00 -0.1921E+01 -0.7346E+01 -0.4343E+04
 I,J,Ktt,Ktr,Krt,Krr=    3    3  0.2341E+02  0.1407E+01  0.1447E+01  0.3071E+05
  
  Friction Tensors in Center of Resistance
  
  Ktt Tensor (A)
    0.25683E+02   -0.16243E+00    0.23438E-01
   -0.16245E+00    0.24665E+02   -0.52641E+00
    0.23399E-01   -0.52627E+00    0.23411E+02
  
  Symmetric Krt Tensor (A^2)
   -0.35132E+01    0.10321E+02    0.29168E+01
   -0.17284E+01    0.21503E+01   -0.19251E+01
    0.75438E+01   -0.73289E+01    0.14270E+01
  
  Krr Tensor (A^3)
    0.43970E+05   -0.97096E+03    0.46816E+03
   -0.96892E+03    0.39418E+05   -0.43494E+04
    0.47162E+03   -0.43429E+04    0.30714E+05
  
 Raw Dtt tensor (no rot/trans coupling correction)
    0.38937E-01    0.25572E-03   -0.33233E-04
    0.25574E-03    0.40565E-01    0.91188E-03
   -0.33168E-04    0.91164E-03    0.42736E-01
  
 Raw Drr tensor (no rot/trans coupling correction)
    0.22757E-04    0.53064E-06   -0.27174E-06
    0.52910E-06    0.25784E-04    0.36431E-05
   -0.27463E-06    0.36376E-05    0.33078E-04
  
 Raw Dtt tensor, before CD transformation
    0.38937E-01    0.25572E-03   -0.32992E-04
    0.25574E-03    0.40565E-01    0.91240E-03
   -0.33169E-04    0.91165E-03    0.42737E-01
  
 Program finished at:                
 Elapsed time CPU_TIME:   390.00799999999998     
