 BEST ver.3.90 SFSU/ARAGON
  
 control gtensor value=   1.0000000000000000     
 true area (A^2)=    18385.484000000000     
 total area (A^2) =    16893.108986573283     
 centroid coords =    17.366369838738276        53.753473684210618        43.130953570795810     
  
 first few rows of gr matrix
   10.645818887607733       -1.0505485485951416      -0.29482830721160924        3.3504120061472706       -8.2390863980691981E-002
  -1.0505485485951405        7.9563490374374446       -1.0678603117043917       -8.2390863980691981E-002   3.2375529660149724     
 -0.29482830721160891       -1.0678603117043921        10.106222387906127      -0.19922252683773711      -0.81600629914597511     
   2.9697467810097269       -6.1348526151123357E-002 -0.16593821701736655        11.206952219760575      -0.92355579345173222     
  -6.1348526151123357E-002   2.9340733591708590      -0.77970055050820519      -0.92355579345173222        8.7859448662932351     
 -0.16593821701736655      -0.77970055050820519        4.1810994853571817      -0.40481904425266513       -1.5132048656184565     
   2.6947566538001548      -0.62307339125883343       0.59096660600755380        4.7713769001380655      -0.78200057418925173     
 -0.62307339125883343        2.3687352516314220      -0.50384570859824895      -0.78200057418925173        3.0569479356448848     
  0.59096660600755380      -0.50384570859824895        2.3950019524572266      -0.11901452112601187       -8.3852801751129802E-002
 first few columns of gr matrix
   10.645818887607733       -1.0505485485951405      -0.29482830721160891        2.9697467810097269       -6.1348526151123357E-002
  -1.0505485485951416        7.9563490374374446       -1.0678603117043921       -6.1348526151123357E-002   2.9340733591708590     
 -0.29482830721160924       -1.0678603117043917        10.106222387906127      -0.16593821701736655      -0.77970055050820519     
   3.3504120061472706       -8.2390863980691981E-002 -0.19922252683773711        11.206952219760575      -0.92355579345173222     
  -8.2390863980691981E-002   3.2375529660149724      -0.81600629914597511      -0.92355579345173222        8.7859448662932351     
 -0.19922252683773711      -0.81600629914597511        4.7239449078537916      -0.40481904425266491       -1.5132048656184565     
   1.4542326193233466      -0.30483849370903593       0.30543677110961776        2.8516316552043479      -0.48947219432212824     
 -0.30483849370903593        1.3041464083422967      -0.29745024311231966      -0.48947219432212824        1.9496643935261924     
  0.30543677110961776      -0.29745024311231966        1.4087802821572417        6.3392256461197768E-002 -0.15075517121712392     
  
 about to enter dgetrf
 Just out of dgetrf:                 
  
  **** TRANSLATION/ROTATION FLOWS ****
     U(X-Z) =     1.000     0.000     0.000 A/SEC
  OMGA(X-Z) =     0.000     0.000     0.000 RAD/S

 FTOTH(X-Z) =   -0.25635E+02    0.15774E+00   -0.21158E-01
 TTOTH(X-Z) =    0.34599E+01   -0.90426E+01   -0.10995E+01

     U(X-Z) =     0.000     1.000     0.000 A/SEC
  OMGA(X-Z) =     0.000     0.000     0.000 RAD/S

 FTOTH(X-Z) =    0.15791E+00   -0.24609E+02    0.53239E+00
 TTOTH(X-Z) =    0.88008E+00   -0.21329E+01    0.34845E+01

     U(X-Z) =     0.000     0.000     1.000 A/SEC
  OMGA(X-Z) =     0.000     0.000     0.000 RAD/S

 FTOTH(X-Z) =   -0.21090E-01    0.53225E+00   -0.23360E+02
 TTOTH(X-Z) =   -0.92045E+01    0.59300E+01   -0.13387E+01

     U(X-Z) =     0.000     0.000     0.000 A/SEC
  OMGA(X-Z) =     1.000     0.000     0.000 RAD/S

 FTOTH(X-Z) =    0.34152E+01    0.76859E+00   -0.91142E+01
 TTOTH(X-Z) =   -0.43724E+05    0.94491E+03   -0.44922E+03

     U(X-Z) =     0.000     0.000     0.000 A/SEC
  OMGA(X-Z) =     0.000     1.000     0.000 RAD/S

 FTOTH(X-Z) =   -0.89700E+01   -0.20545E+01    0.60680E+01
 TTOTH(X-Z) =    0.94313E+03   -0.39174E+05    0.43420E+04

     U(X-Z) =     0.000     0.000     0.000 A/SEC
  OMGA(X-Z) =     0.000     0.000     1.000 RAD/S

 FTOTH(X-Z) =   -0.12052E+01    0.34412E+01   -0.13964E+01
 TTOTH(X-Z) =   -0.44238E+03    0.43427E+04   -0.30519E+05

 I,J,Ktt,Ktr,Krt,Krr=    1    1  0.2563E+02 -0.3460E+01 -0.3415E+01  0.4372E+05
 I,J,Ktt,Ktr,Krt,Krr=    1    2 -0.1579E+00 -0.8801E+00  0.8970E+01 -0.9431E+03
 I,J,Ktt,Ktr,Krt,Krr=    1    3  0.2109E-01  0.9205E+01  0.1205E+01  0.4424E+03
 I,J,Ktt,Ktr,Krt,Krr=    2    1 -0.1577E+00  0.9043E+01 -0.7686E+00 -0.9449E+03
 I,J,Ktt,Ktr,Krt,Krr=    2    2  0.2461E+02  0.2133E+01  0.2054E+01  0.3917E+05
 I,J,Ktt,Ktr,Krt,Krr=    2    3 -0.5323E+00 -0.5930E+01 -0.3441E+01 -0.4343E+04
 I,J,Ktt,Ktr,Krt,Krr=    3    1  0.2116E-01  0.1100E+01  0.9114E+01  0.4492E+03
 I,J,Ktt,Ktr,Krt,Krr=    3    2 -0.5324E+00 -0.3484E+01 -0.6068E+01 -0.4342E+04
 I,J,Ktt,Ktr,Krt,Krr=    3    3  0.2336E+02  0.1339E+01  0.1396E+01  0.3052E+05
  
  Friction Tensors in Center of Resistance
  
  Ktt Tensor (A)
    0.25635E+02   -0.15791E+00    0.21090E-01
   -0.15774E+00    0.24609E+02   -0.53225E+00
    0.21158E-01   -0.53239E+00    0.23360E+02
  
  Symmetric Krt Tensor (A^2)
   -0.34376E+01    0.90063E+01    0.11524E+01
   -0.82434E+00    0.20937E+01   -0.34628E+01
    0.91594E+01   -0.59990E+01    0.13675E+01
  
  Krr Tensor (A^3)
    0.43724E+05   -0.94313E+03    0.44238E+03
   -0.94491E+03    0.39174E+05   -0.43427E+04
    0.44922E+03   -0.43420E+04    0.30519E+05
  
 Raw Dtt tensor (no rot/trans coupling correction)
    0.39011E-01    0.24968E-03   -0.29531E-04
    0.24942E-03    0.40658E-01    0.92613E-03
   -0.29649E-04    0.92638E-03    0.42829E-01
  
 Raw Drr tensor (no rot/trans coupling correction)
    0.22885E-04    0.52244E-06   -0.25739E-06
    0.52291E-06    0.25948E-04    0.36847E-05
   -0.26246E-06    0.36841E-05    0.33295E-04
  
 Raw Dtt tensor, before CD transformation
    0.39011E-01    0.24969E-03   -0.29059E-04
    0.24942E-03    0.40658E-01    0.92588E-03
   -0.29649E-04    0.92639E-03    0.42829E-01
  
 Program finished at:                
 Elapsed time CPU_TIME:   160.51599999999999     
