 BEST ver.3.90 SFSU/ARAGON
  
 control gtensor value=   1.0000000000000000     
 true area (A^2)=    18385.484000000000     
 total area (A^2) =    16659.257036561034     
 centroid coords =    17.432758328028843        53.592287184383565        42.895220029705165     
  
 first few rows of gr matrix
   10.720278079508311       -1.0578963155266048      -0.29689040104733555        4.2834742589788419        8.2764784600921501E-002
  -1.0578963155266046        8.0119974874121258       -1.0753291609034670        8.2764784600921501E-002   3.6424816739821848     
 -0.29689040104733611       -1.0753291609034670        10.176907523555673      -0.78633956061507793      -0.72860837689002311     
   3.1788008193719333       0.14546889823578293      -0.78947719543468353        12.780400161201364      -0.76785733123537803     
  0.14546889823578293        2.5109077042752523      -0.43143707169863899      -0.76785733123537825        9.7254687998011775     
 -0.78947719543468353      -0.43143707169863899        3.6088742989440750      -0.95137020403276429       -1.5694296681016695     
   2.4566147962597458      -0.66852913928674862       0.43304739962030836        3.8695385145346211      -0.79676323032641938     
 -0.66852913928674862        2.3453984499708858      -0.42760863549455874      -0.79676323032641938        2.6450288879852004     
  0.43304739962030836      -0.42760863549455874        2.0163943780134117      -0.12694772614053990        3.5988063892246720E-003
 first few columns of gr matrix
   10.720278079508311       -1.0578963155266046      -0.29689040104733611        3.1788008193719333       0.14546889823578293     
  -1.0578963155266048        8.0119974874121258       -1.0753291609034670       0.14546889823578293        2.5109077042752523     
 -0.29689040104733555       -1.0753291609034670        10.176907523555673      -0.78947719543468353      -0.43143707169863899     
   4.2834742589788419        8.2764784600921501E-002 -0.78633956061507793        12.780400161201364      -0.76785733123537825     
   8.2764784600921501E-002   3.6424816739821848      -0.72860837689002311      -0.76785733123537803        9.7254687998011775     
 -0.78633956061507793      -0.72860837689002311        5.3316312742010563      -0.95137020403276340       -1.5694296681016691     
   1.4285441991025831      -0.36252773000258109       0.26304506317574916        1.5517988350642402      -0.31212270267715364     
 -0.36252773000258109        1.3320603184974538      -0.25974423956842979      -0.31212270267715364        1.0230096320689495     
  0.26304506317574916      -0.25974423956842979        1.1862859782401467       -4.3888958047343350E-002   8.1342362330212147E-003
  
 about to enter dgetrf
 Just out of dgetrf:                 
  
  **** TRANSLATION/ROTATION FLOWS ****
     U(X-Z) =     1.000     0.000     0.000 A/SEC
  OMGA(X-Z) =     0.000     0.000     0.000 RAD/S

 FTOTH(X-Z) =   -0.25561E+02    0.16212E+00   -0.20602E-01
 TTOTH(X-Z) =    0.39116E+01   -0.15462E+02    0.26984E+01

     U(X-Z) =     0.000     1.000     0.000 A/SEC
  OMGA(X-Z) =     0.000     0.000     0.000 RAD/S

 FTOTH(X-Z) =    0.16223E+00   -0.24535E+02    0.53476E+00
 TTOTH(X-Z) =    0.67787E+01   -0.22850E+01    0.44933E+01

     U(X-Z) =     0.000     0.000     1.000 A/SEC
  OMGA(X-Z) =     0.000     0.000     0.000 RAD/S

 FTOTH(X-Z) =   -0.20823E-01    0.53471E+00   -0.23297E+02
 TTOTH(X-Z) =   -0.13032E+02    0.53636E+01   -0.17057E+01

     U(X-Z) =     0.000     0.000     0.000 A/SEC
  OMGA(X-Z) =     1.000     0.000     0.000 RAD/S

 FTOTH(X-Z) =    0.38981E+01    0.66876E+01   -0.13017E+02
 TTOTH(X-Z) =   -0.43372E+05    0.95806E+03   -0.44066E+03

     U(X-Z) =     0.000     0.000     0.000 A/SEC
  OMGA(X-Z) =     0.000     1.000     0.000 RAD/S

 FTOTH(X-Z) =   -0.15371E+02   -0.21759E+01    0.52219E+01
 TTOTH(X-Z) =    0.95644E+03   -0.38811E+05    0.43332E+04

     U(X-Z) =     0.000     0.000     0.000 A/SEC
  OMGA(X-Z) =     0.000     0.000     1.000 RAD/S

 FTOTH(X-Z) =    0.27607E+01    0.45567E+01   -0.18195E+01
 TTOTH(X-Z) =   -0.44550E+03    0.43360E+04   -0.30274E+05

 I,J,Ktt,Ktr,Krt,Krr=    1    1  0.2556E+02 -0.3912E+01 -0.3898E+01  0.4337E+05
 I,J,Ktt,Ktr,Krt,Krr=    1    2 -0.1622E+00 -0.6779E+01  0.1537E+02 -0.9564E+03
 I,J,Ktt,Ktr,Krt,Krr=    1    3  0.2082E-01  0.1303E+02 -0.2761E+01  0.4455E+03
 I,J,Ktt,Ktr,Krt,Krr=    2    1 -0.1621E+00  0.1546E+02 -0.6688E+01 -0.9581E+03
 I,J,Ktt,Ktr,Krt,Krr=    2    2  0.2453E+02  0.2285E+01  0.2176E+01  0.3881E+05
 I,J,Ktt,Ktr,Krt,Krr=    2    3 -0.5347E+00 -0.5364E+01 -0.4557E+01 -0.4336E+04
 I,J,Ktt,Ktr,Krt,Krr=    3    1  0.2060E-01 -0.2698E+01  0.1302E+02  0.4407E+03
 I,J,Ktt,Ktr,Krt,Krr=    3    2 -0.5348E+00 -0.4493E+01 -0.5222E+01 -0.4333E+04
 I,J,Ktt,Ktr,Krt,Krr=    3    3  0.2330E+02  0.1706E+01  0.1819E+01  0.3027E+05
  
  Friction Tensors in Center of Resistance
  
  Ktt Tensor (A)
    0.25561E+02   -0.16223E+00    0.20823E-01
   -0.16212E+00    0.24535E+02   -0.53471E+00
    0.20602E-01   -0.53476E+00    0.23297E+02
  
  Symmetric Krt Tensor (A^2)
   -0.39048E+01    0.15416E+02   -0.27295E+01
   -0.67331E+01    0.22305E+01   -0.45250E+01
    0.13025E+02   -0.52927E+01    0.17626E+01
  
  Krr Tensor (A^3)
    0.43372E+05   -0.95644E+03    0.44550E+03
   -0.95806E+03    0.38811E+05   -0.43360E+04
    0.44066E+03   -0.43332E+04    0.30274E+05
  
 Raw Dtt tensor (no rot/trans coupling correction)
    0.39124E-01    0.25807E-03   -0.29047E-04
    0.25790E-03    0.40781E-01    0.93577E-03
   -0.28679E-04    0.93586E-03    0.42946E-01
  
 Raw Drr tensor (no rot/trans coupling correction)
    0.23071E-04    0.53928E-06   -0.26227E-06
    0.54065E-06    0.26198E-04    0.37442E-05
   -0.25843E-06    0.37419E-05    0.33571E-04
  
 Raw Dtt tensor, before CD transformation
    0.39124E-01    0.25813E-03   -0.26408E-04
    0.25790E-03    0.40781E-01    0.93320E-03
   -0.28680E-04    0.93589E-03    0.42947E-01
  
 Program finished at:                
 Elapsed time CPU_TIME:   98.908000000000001     
