 BEST ver.3.90 SFSU/ARAGON
  
 control gtensor value=   1.0000000000000000     
 true area (A^2)=    18385.484000000000     
 total area (A^2) =    16371.452191188770     
 centroid coords =    17.127615748031495        53.600807611548568        42.946066535433090     
  
 first few rows of gr matrix
   10.814097063280766       -1.0671545415281352      -0.29948865041283090        4.3587763538916438        8.4219762800545897E-002
  -1.0671545415281347        8.0821148348056866       -1.0847399512158646        8.4219762800545897E-002   3.7065153261413952     
 -0.29948865041283190       -1.0847399512158651        10.265971176077088      -0.80016315628698176      -0.74141707698570702     
   3.2346831117675152       0.14802619451435314      -0.80335594971400381        12.892248393722616      -0.77457726834563312     
  0.14802619451435314        2.5550486512806523      -0.43902159616585568      -0.77457726834563312        9.8105816665328920     
 -0.80335594971400381      -0.43902159616585568        3.6723171442974136      -0.95969616209763497       -1.5831646006725966     
  0.78042265511891440      -0.23185846328696472      -0.13280741346073399        1.0394145414954767      -0.26422844887149144     
 -0.23185846328696472       0.96043587169267119       0.19598666559791841      -0.26422844887149144        1.0755536086972723     
 -0.13280741346073399       0.19598666559791841       0.73706087617300908      -0.24517997046825307       0.26305381386082904     
 first few columns of gr matrix
   10.814097063280766       -1.0671545415281347      -0.29948865041283190        3.2346831117675152       0.14802619451435314     
  -1.0671545415281352        8.0821148348056866       -1.0847399512158651       0.14802619451435314        2.5550486512806523     
 -0.29948865041283090       -1.0847399512158646        10.265971176077088      -0.80335594971400381      -0.43902159616585568     
   4.3587763538916438        8.4219762800545897E-002 -0.80016315628698176        12.892248393722616      -0.77457726834563312     
   8.4219762800545897E-002   3.7065153261413952      -0.74141707698570702      -0.77457726834563312        9.8105816665328920     
 -0.80016315628698176      -0.74141707698570702        5.4253596311319887      -0.95969616209763542       -1.5831646006725975     
   1.4216955687783686      -0.40895176433848729      -0.24995790182047747        1.2762266676600160      -0.30867105096794872     
 -0.40895176433848729        1.6173491682074548       0.31537256601635211      -0.30867105096794872        1.2187946220265524     
 -0.24995790182047747       0.31537256601635211        1.2748792601664614      -0.30583045676215004       0.27826284734143203     
  
 about to enter dgetrf
 Just out of dgetrf:                 
  
  **** TRANSLATION/ROTATION FLOWS ****
     U(X-Z) =     1.000     0.000     0.000 A/SEC
  OMGA(X-Z) =     0.000     0.000     0.000 RAD/S

 FTOTH(X-Z) =   -0.25477E+02    0.16558E+00   -0.21021E-02
 TTOTH(X-Z) =    0.38503E+01   -0.16462E+02    0.24232E+01

     U(X-Z) =     0.000     1.000     0.000 A/SEC
  OMGA(X-Z) =     0.000     0.000     0.000 RAD/S

 FTOTH(X-Z) =    0.16583E+00   -0.24438E+02    0.53598E+00
 TTOTH(X-Z) =    0.82059E+01   -0.29399E+01   -0.18756E+01

     U(X-Z) =     0.000     0.000     1.000 A/SEC
  OMGA(X-Z) =     0.000     0.000     0.000 RAD/S

 FTOTH(X-Z) =   -0.28315E-02    0.53576E+00   -0.23219E+02
 TTOTH(X-Z) =   -0.12376E+02    0.11025E+02   -0.14520E+01

     U(X-Z) =     0.000     0.000     0.000 A/SEC
  OMGA(X-Z) =     1.000     0.000     0.000 RAD/S

 FTOTH(X-Z) =    0.41972E+01    0.84998E+01   -0.12543E+02
 TTOTH(X-Z) =   -0.42891E+05    0.93565E+03   -0.32922E+03

     U(X-Z) =     0.000     0.000     0.000 A/SEC
  OMGA(X-Z) =     0.000     1.000     0.000 RAD/S

 FTOTH(X-Z) =   -0.16287E+02   -0.27965E+01    0.10982E+02
 TTOTH(X-Z) =    0.95907E+03   -0.38342E+05    0.42795E+04

     U(X-Z) =     0.000     0.000     0.000 A/SEC
  OMGA(X-Z) =     0.000     0.000     1.000 RAD/S

 FTOTH(X-Z) =    0.25435E+01   -0.19501E+01   -0.15330E+01
 TTOTH(X-Z) =   -0.33054E+03    0.42826E+04   -0.29941E+05

 I,J,Ktt,Ktr,Krt,Krr=    1    1  0.2548E+02 -0.3850E+01 -0.4197E+01  0.4289E+05
 I,J,Ktt,Ktr,Krt,Krr=    1    2 -0.1658E+00 -0.8206E+01  0.1629E+02 -0.9591E+03
 I,J,Ktt,Ktr,Krt,Krr=    1    3  0.2832E-02  0.1238E+02 -0.2543E+01  0.3305E+03
 I,J,Ktt,Ktr,Krt,Krr=    2    1 -0.1656E+00  0.1646E+02 -0.8500E+01 -0.9357E+03
 I,J,Ktt,Ktr,Krt,Krr=    2    2  0.2444E+02  0.2940E+01  0.2797E+01  0.3834E+05
 I,J,Ktt,Ktr,Krt,Krr=    2    3 -0.5358E+00 -0.1102E+02  0.1950E+01 -0.4283E+04
 I,J,Ktt,Ktr,Krt,Krr=    3    1  0.2102E-02 -0.2423E+01  0.1254E+02  0.3292E+03
 I,J,Ktt,Ktr,Krt,Krr=    3    2 -0.5360E+00  0.1876E+01 -0.1098E+02 -0.4280E+04
 I,J,Ktt,Ktr,Krt,Krr=    3    3  0.2322E+02  0.1452E+01  0.1533E+01  0.2994E+05
  
  Friction Tensors in Center of Resistance
  
  Ktt Tensor (A)
    0.25477E+02   -0.16583E+00    0.28315E-02
   -0.16558E+00    0.24438E+02   -0.53576E+00
    0.21021E-02   -0.53598E+00    0.23219E+02
  
  Symmetric Krt Tensor (A^2)
   -0.40238E+01    0.16375E+02   -0.24833E+01
   -0.83529E+01    0.28682E+01    0.19128E+01
    0.12460E+02   -0.11003E+02    0.14925E+01
  
  Krr Tensor (A^3)
    0.42891E+05   -0.95907E+03    0.33054E+03
   -0.93565E+03    0.38342E+05   -0.42826E+04
    0.32922E+03   -0.42795E+04    0.29941E+05
  
 Raw Dtt tensor (no rot/trans coupling correction)
    0.39253E-01    0.26638E-03    0.13597E-05
    0.26602E-03    0.40942E-01    0.94469E-03
    0.25870E-05    0.94509E-03    0.43091E-01
  
 Raw Drr tensor (no rot/trans coupling correction)
    0.23329E-04    0.56379E-06   -0.17689E-06
    0.54940E-06    0.26517E-04    0.37868E-05
   -0.17798E-06    0.37839E-05    0.33942E-04
  
 Raw Dtt tensor, before CD transformation
    0.39253E-01    0.26640E-03    0.21861E-05
    0.26602E-03    0.40942E-01    0.94220E-03
    0.25870E-05    0.94510E-03    0.43091E-01
  
 Program finished at:                
 Elapsed time CPU_TIME:   58.392000000000003     
