 BEST ver.3.90 SFSU/ARAGON
  
 control gtensor value=   1.0000000000000000     
 true area (A^2)=    6618.9639999999999     
 total area (A^2) =    6285.0697370183698     
 centroid coords =   -2.0784050425671281       0.44542960052390190       -4.0093645492250660     
  
 first few rows of gr matrix
   4.3026442077992542       0.44586528976885087       0.31640366820544730        1.9448628800676240       0.10310134628727634     
  0.44586528976885065        6.3795312580357031      -0.24206279746425688       0.10310134628727634        2.3641474389393986     
  0.31640366820544730      -0.24206279746425602        5.8612321143537587       0.22365464661939405        2.2855575602446273E-002
   1.4930618763690082        5.7693067725173484E-002  0.14412893646871339        4.7631853328783826       0.38798988461529671     
   5.7693067725173484E-002   1.7906556772560429       -1.4569917203951272E-002  0.38798988461529671        7.0220615114849094     
  0.14412893646871339       -1.4569917203951272E-002   2.5680994919246376       0.17694174671618695      -0.17264546201331010     
  0.26984944810002248       -3.4786511059062192E-002   1.8146743693464980E-002  0.35528775433454257       -4.4699875722408765E-002
  -3.4786511059062192E-002  0.46634373885741598      -0.10491077562518190       -4.4699875722408765E-002  0.64940865295751404     
   1.8146743693464980E-002 -0.10491077562518190       0.31842186812157425        1.6282285478590879E-002 -0.10864541972686072     
 first few columns of gr matrix
   4.3026442077992542       0.44586528976885065       0.31640366820544730        1.4930618763690082        5.7693067725173484E-002
  0.44586528976885087        6.3795312580357031      -0.24206279746425602        5.7693067725173484E-002   1.7906556772560429     
  0.31640366820544730      -0.24206279746425688        5.8612321143537587       0.14412893646871339       -1.4569917203951272E-002
   1.9448628800676240       0.10310134628727634       0.22365464661939405        4.7631853328783826       0.38798988461529671     
  0.10310134628727634        2.3641474389393986        2.2855575602446273E-002  0.38798988461529671        7.0220615114849094     
  0.22365464661939405        2.2855575602446273E-002   3.2365762176861113       0.17694174671618695      -0.17264546201331055     
  0.31189562830565326       -3.8036505395332050E-002   1.9812252659159556E-002  0.34953624596740779       -4.3702545468351811E-002
  -3.8036505395332050E-002  0.53838438015600154      -0.12227630654777517       -4.3702545468351811E-002  0.64468341081085390     
   1.9812252659159556E-002 -0.12227630654777517       0.37114969684142424        1.4199534147606519E-002  -9.8390603804739948E-002
  
 about to enter dgetrf
 Just out of dgetrf:                 
  
  **** TRANSLATION/ROTATION FLOWS ****
     U(X-Z) =     1.000     0.000     0.000 A/SEC
  OMGA(X-Z) =     0.000     0.000     0.000 RAD/S

 FTOTH(X-Z) =   -0.14982E+02   -0.27218E-01   -0.57715E+00
 TTOTH(X-Z) =    0.17689E+01   -0.20220E+01    0.76315E+01

     U(X-Z) =     0.000     1.000     0.000 A/SEC
  OMGA(X-Z) =     0.000     0.000     0.000 RAD/S

 FTOTH(X-Z) =   -0.27371E-01   -0.15359E+02   -0.25974E+00
 TTOTH(X-Z) =   -0.18555E+01   -0.24728E+00    0.85735E+01

     U(X-Z) =     0.000     0.000     1.000 A/SEC
  OMGA(X-Z) =     0.000     0.000     0.000 RAD/S

 FTOTH(X-Z) =   -0.57718E+00   -0.25972E+00   -0.15526E+02
 TTOTH(X-Z) =   -0.40387E+01   -0.55646E+01   -0.16232E+01

     U(X-Z) =     0.000     0.000     0.000 A/SEC
  OMGA(X-Z) =     1.000     0.000     0.000 RAD/S

 FTOTH(X-Z) =    0.17733E+01   -0.18098E+01   -0.40321E+01
 TTOTH(X-Z) =   -0.84718E+04    0.39343E+03   -0.13284E+04

     U(X-Z) =     0.000     0.000     0.000 A/SEC
  OMGA(X-Z) =     0.000     1.000     0.000 RAD/S

 FTOTH(X-Z) =   -0.20471E+01   -0.26136E+00   -0.56498E+01
 TTOTH(X-Z) =    0.39311E+03   -0.97485E+04   -0.41019E+03

     U(X-Z) =     0.000     0.000     0.000 A/SEC
  OMGA(X-Z) =     0.000     0.000     1.000 RAD/S

 FTOTH(X-Z) =    0.76428E+01    0.86613E+01   -0.16187E+01
 TTOTH(X-Z) =   -0.13293E+04   -0.40948E+03   -0.97235E+04

 I,J,Ktt,Ktr,Krt,Krr=    1    1  0.1498E+02 -0.1769E+01 -0.1773E+01  0.8472E+04
 I,J,Ktt,Ktr,Krt,Krr=    1    2  0.2737E-01  0.1855E+01  0.2047E+01 -0.3931E+03
 I,J,Ktt,Ktr,Krt,Krr=    1    3  0.5772E+00  0.4039E+01 -0.7643E+01  0.1329E+04
 I,J,Ktt,Ktr,Krt,Krr=    2    1  0.2722E-01  0.2022E+01  0.1810E+01 -0.3934E+03
 I,J,Ktt,Ktr,Krt,Krr=    2    2  0.1536E+02  0.2473E+00  0.2614E+00  0.9748E+04
 I,J,Ktt,Ktr,Krt,Krr=    2    3  0.2597E+00  0.5565E+01 -0.8661E+01  0.4095E+03
 I,J,Ktt,Ktr,Krt,Krr=    3    1  0.5771E+00 -0.7632E+01  0.4032E+01  0.1328E+04
 I,J,Ktt,Ktr,Krt,Krr=    3    2  0.2597E+00 -0.8573E+01  0.5650E+01  0.4102E+03
 I,J,Ktt,Ktr,Krt,Krr=    3    3  0.1553E+02  0.1623E+01  0.1619E+01  0.9724E+04
  
  Friction Tensors in Center of Resistance
  
  Ktt Tensor (A)
    0.14982E+02    0.27371E-01    0.57718E+00
    0.27218E-01    0.15359E+02    0.25972E+00
    0.57715E+00    0.25974E+00    0.15526E+02
  
  Symmetric Krt Tensor (A^2)
   -0.17711E+01    0.20345E+01   -0.76371E+01
    0.18326E+01    0.25432E+00   -0.86174E+01
    0.40354E+01    0.56072E+01    0.16209E+01
  
  Krr Tensor (A^3)
    0.84718E+04   -0.39311E+03    0.13293E+04
   -0.39343E+03    0.97485E+04    0.40948E+03
    0.13284E+04    0.41019E+03    0.97235E+04
  
 Raw Dtt tensor (no rot/trans coupling correction)
    0.66845E-01   -0.77120E-04   -0.24837E-02
   -0.76457E-04    0.65125E-01   -0.10866E-02
   -0.24835E-02   -0.10866E-02    0.64519E-01
  
 Raw Drr tensor (no rot/trans coupling correction)
    0.12093E-03    0.55819E-05   -0.16766E-04
    0.55842E-05    0.10302E-03   -0.51018E-05
   -0.16756E-04   -0.51085E-05    0.10535E-03
  
 Raw Dtt tensor, before CD transformation
    0.66845E-01   -0.77180E-04   -0.24801E-02
   -0.76356E-04    0.65125E-01   -0.10892E-02
   -0.24861E-02   -0.10878E-02    0.64586E-01
  
 Program finished at:                
 Elapsed time CPU_TIME:   153.03600000000000     
