 BEST ver.3.90 SFSU/ARAGON
  
 control gtensor value=   1.0000000000000000     
 true area (A^2)=    6618.9639999999999     
 total area (A^2) =    6303.7109378068826     
 centroid coords =   -2.1665801204819362       0.32494789156626469       -3.9968199799196844     
  
 first few rows of gr matrix
   4.2962776532858635       0.44520554995866668       0.31593549070701155        1.9391115726534407       0.10279645716455062     
  0.44520554995866668        6.3700915666360425      -0.24170462097526491       0.10279645716455062        2.3571562320871200     
  0.31593549070701155      -0.24170462097526491        5.8525593419911202       0.22299325982421281        2.2787987577225641E-002
   1.4886466253364772        5.7522459004347208E-002  0.14370272142321563        4.7561373229536477       0.38741578212581562     
   5.7522459004347208E-002   1.7853603881236129       -1.4526831352600066E-002  0.38741578212581573        7.0116710782419664     
  0.14370272142321563       -1.4526831352600066E-002   2.5605051623707489       0.17667992881497130      -0.17239000125654905     
  0.26905145501399258       -3.4683641123593831E-002   1.8093080526453566E-002  0.35423710489462390       -4.4567690194426655E-002
  -3.4683641123593831E-002  0.46496467700666294      -0.10460053569625746       -4.4567690194426655E-002  0.64748823541093659     
   1.8093080526453566E-002 -0.10460053569625746       0.31748023770138717        1.6234135848016765E-002 -0.10832413578731272     
 first few columns of gr matrix
   4.2962776532858635       0.44520554995866668       0.31593549070701155        1.4886466253364772        5.7522459004347208E-002
  0.44520554995866668        6.3700915666360425      -0.24170462097526491        5.7522459004347208E-002   1.7853603881236129     
  0.31593549070701155      -0.24170462097526491        5.8525593419911202       0.14370272142321563       -1.4526831352600066E-002
   1.9391115726534407       0.10279645716455062       0.22299325982421281        4.7561373229536477       0.38741578212581573     
  0.10279645716455062        2.3571562320871200        2.2787987577225641E-002  0.38741578212581562        7.0116710782419664     
  0.22299325982421281        2.2787987577225641E-002   3.2270050828836889       0.17667992881497124      -0.17239000125654905     
  0.31097329714394972       -3.7924024645284410E-002   1.9753664284226750E-002  0.34850260476649708       -4.3573309224322510E-002
  -3.7924024645284410E-002  0.53679228124301004      -0.12191471363773772       -4.3573309224322510E-002  0.64277696665049566     
   1.9753664284226750E-002 -0.12191471363773772       0.37005214080027893        1.4157543585259724E-002  -9.8099645190151588E-002
  
 about to enter dgetrf
 Just out of dgetrf:                 
  
  **** TRANSLATION/ROTATION FLOWS ****
     U(X-Z) =     1.000     0.000     0.000 A/SEC
  OMGA(X-Z) =     0.000     0.000     0.000 RAD/S

 FTOTH(X-Z) =   -0.14996E+02   -0.27238E-01   -0.57761E+00
 TTOTH(X-Z) =    0.16910E+01   -0.18282E+01    0.93034E+01

     U(X-Z) =     0.000     1.000     0.000 A/SEC
  OMGA(X-Z) =     0.000     0.000     0.000 RAD/S

 FTOTH(X-Z) =   -0.27344E-01   -0.15374E+02   -0.25991E+00
 TTOTH(X-Z) =   -0.21154E+01   -0.19557E+00    0.71383E+01

     U(X-Z) =     0.000     0.000     1.000 A/SEC
  OMGA(X-Z) =     0.000     0.000     0.000 RAD/S

 FTOTH(X-Z) =   -0.57753E+00   -0.25991E+00   -0.15541E+02
 TTOTH(X-Z) =   -0.57638E+01   -0.41754E+01   -0.15977E+01

     U(X-Z) =     0.000     0.000     0.000 A/SEC
  OMGA(X-Z) =     1.000     0.000     0.000 RAD/S

 FTOTH(X-Z) =    0.16886E+01   -0.21032E+01   -0.57707E+01
 TTOTH(X-Z) =   -0.84968E+04    0.39651E+03   -0.13306E+04

     U(X-Z) =     0.000     0.000     0.000 A/SEC
  OMGA(X-Z) =     0.000     1.000     0.000 RAD/S

 FTOTH(X-Z) =   -0.18351E+01   -0.22197E+00   -0.42426E+01
 TTOTH(X-Z) =    0.39803E+03   -0.97722E+04   -0.40985E+03

     U(X-Z) =     0.000     0.000     0.000 A/SEC
  OMGA(X-Z) =     0.000     0.000     1.000 RAD/S

 FTOTH(X-Z) =    0.93370E+01    0.72106E+01   -0.15730E+01
 TTOTH(X-Z) =   -0.13335E+04   -0.40770E+03   -0.97476E+04

 I,J,Ktt,Ktr,Krt,Krr=    1    1  0.1500E+02 -0.1691E+01 -0.1689E+01  0.8497E+04
 I,J,Ktt,Ktr,Krt,Krr=    1    2  0.2734E-01  0.2115E+01  0.1835E+01 -0.3980E+03
 I,J,Ktt,Ktr,Krt,Krr=    1    3  0.5775E+00  0.5764E+01 -0.9337E+01  0.1333E+04
 I,J,Ktt,Ktr,Krt,Krr=    2    1  0.2724E-01  0.1828E+01  0.2103E+01 -0.3965E+03
 I,J,Ktt,Ktr,Krt,Krr=    2    2  0.1537E+02  0.1956E+00  0.2220E+00  0.9772E+04
 I,J,Ktt,Ktr,Krt,Krr=    2    3  0.2599E+00  0.4175E+01 -0.7211E+01  0.4077E+03
 I,J,Ktt,Ktr,Krt,Krr=    3    1  0.5776E+00 -0.9303E+01  0.5771E+01  0.1331E+04
 I,J,Ktt,Ktr,Krt,Krr=    3    2  0.2599E+00 -0.7138E+01  0.4243E+01  0.4098E+03
 I,J,Ktt,Ktr,Krt,Krr=    3    3  0.1554E+02  0.1598E+01  0.1573E+01  0.9748E+04
  
  Friction Tensors in Center of Resistance
  
  Ktt Tensor (A)
    0.14996E+02    0.27344E-01    0.57753E+00
    0.27238E-01    0.15374E+02    0.25991E+00
    0.57761E+00    0.25991E+00    0.15541E+02
  
  Symmetric Krt Tensor (A^2)
   -0.16898E+01    0.18317E+01   -0.93202E+01
    0.21093E+01    0.20877E+00   -0.71745E+01
    0.57672E+01    0.42090E+01    0.15854E+01
  
  Krr Tensor (A^3)
    0.84968E+04   -0.39803E+03    0.13335E+04
   -0.39651E+03    0.97722E+04    0.40770E+03
    0.13306E+04    0.40985E+03    0.97476E+04
  
 Raw Dtt tensor (no rot/trans coupling correction)
    0.66779E-01   -0.76841E-04   -0.24803E-02
   -0.76377E-04    0.65065E-01   -0.10853E-02
   -0.24807E-02   -0.10853E-02    0.64456E-01
  
 Raw Drr tensor (no rot/trans coupling correction)
    0.12057E-03    0.56127E-05   -0.16729E-04
    0.55887E-05    0.10277E-03   -0.50631E-05
   -0.16694E-04   -0.50873E-05    0.10509E-03
  
 Raw Dtt tensor, before CD transformation
    0.66778E-01   -0.76968E-04   -0.24727E-02
   -0.76194E-04    0.65065E-01   -0.10900E-02
   -0.24834E-02   -0.10865E-02    0.64528E-01
  
 Program finished at:                
 Elapsed time CPU_TIME:   177.22399999999999     
