 BEST ver.3.90 SFSU/ARAGON
  
 control gtensor value=   1.0000000000000000     
 true area (A^2)=    6618.9639999999999     
 total area (A^2) =    6153.8690757978438     
 centroid coords =   -1.9422443446440489       0.74393396540252876       -4.2583195276114418     
  
 first few rows of gr matrix
   8.8509145657513244        1.6116810913538209       0.58081737140384426        1.0332604346010952      -0.11596111686367112     
   1.6116810913538209        10.933027953504569      -0.60455529540649999      -0.11596111686367112        1.5825076076173541     
  0.58081737140384426      -0.60455529540649999        11.396674225439989        9.4921750445849939E-002 -0.47216122187029963     
  0.86863077406580391      -0.10926858085249597        8.5788832107693863E-002   9.5430067361908275       -1.4502450940929914     
 -0.10926858085249597        1.3551143980149079      -0.38574888854406325       -1.4502450940929914        12.008911708478630     
   8.5788832107693863E-002 -0.38574888854406325        1.1373984358706097        1.2796818862031647       0.34627907362135257     
   3.5937184164541995       0.60715843392807067      -0.75698044367174067       0.78359169294410136        1.5883479848079159E-003
  0.60715843392807067        3.8192260303079646      -0.60205859626852032        1.5883479848079159E-003   1.2260770520133601     
 -0.75698044367174067      -0.60205859626852032        4.5752501541466000       -2.4170630471794358E-003 -0.37987938873244659     
 first few columns of gr matrix
   8.8509145657513244        1.6116810913538209       0.58081737140384426       0.86863077406580391      -0.10926858085249597     
   1.6116810913538209        10.933027953504569      -0.60455529540649999      -0.10926858085249597        1.3551143980149079     
  0.58081737140384426      -0.60455529540649999        11.396674225439989        8.5788832107693863E-002 -0.38574888854406325     
   1.0332604346010952      -0.11596111686367112        9.4921750445849939E-002   9.5430067361908275       -1.4502450940929914     
 -0.11596111686367112        1.5825076076173541      -0.47216122187029963       -1.4502450940929914        12.008911708478630     
   9.4921750445849939E-002 -0.47216122187029963        1.4105112326654754        1.2796818862031656       0.34627907362135257     
   2.1608782605136283       0.36048795667282091      -0.32675210262575538       0.42816051421394807       -1.7013904992361845E-002
  0.36048795667282091        2.4596661176339252      -0.53058799251148880       -1.7013904992361845E-002  0.66338538329446239     
 -0.32675210262575538      -0.53058799251148880        2.9803486087069779        1.6453014035943320E-002 -0.20684235155048947     
  
 about to enter dgetrf
 Just out of dgetrf:                 
  
  **** TRANSLATION/ROTATION FLOWS ****
     U(X-Z) =     1.000     0.000     0.000 A/SEC
  OMGA(X-Z) =     0.000     0.000     0.000 RAD/S

 FTOTH(X-Z) =   -0.14899E+02   -0.33596E-01   -0.57443E+00
 TTOTH(X-Z) =    0.21074E+01   -0.57615E+01    0.34666E+01

     U(X-Z) =     0.000     1.000     0.000 A/SEC
  OMGA(X-Z) =     0.000     0.000     0.000 RAD/S

 FTOTH(X-Z) =   -0.33813E-01   -0.15274E+02   -0.26329E+00
 TTOTH(X-Z) =    0.19807E+01   -0.38011E+00    0.10266E+02

     U(X-Z) =     0.000     0.000     1.000 A/SEC
  OMGA(X-Z) =     0.000     0.000     0.000 RAD/S

 FTOTH(X-Z) =   -0.57443E+00   -0.26351E+00   -0.15438E+02
 TTOTH(X-Z) =    0.38916E+00   -0.76306E+01   -0.18044E+01

     U(X-Z) =     0.000     0.000     0.000 A/SEC
  OMGA(X-Z) =     1.000     0.000     0.000 RAD/S

 FTOTH(X-Z) =    0.21002E+01    0.18523E+01    0.34951E+00
 TTOTH(X-Z) =   -0.83359E+04    0.38072E+03   -0.13088E+04

     U(X-Z) =     0.000     0.000     0.000 A/SEC
  OMGA(X-Z) =     0.000     1.000     0.000 RAD/S

 FTOTH(X-Z) =   -0.56786E+01   -0.38346E+00   -0.76574E+01
 TTOTH(X-Z) =    0.38022E+03   -0.96001E+04   -0.40044E+03

     U(X-Z) =     0.000     0.000     0.000 A/SEC
  OMGA(X-Z) =     0.000     0.000     1.000 RAD/S

 FTOTH(X-Z) =    0.35002E+01    0.10317E+02   -0.18128E+01
 TTOTH(X-Z) =   -0.13120E+04   -0.39782E+03   -0.95526E+04

 I,J,Ktt,Ktr,Krt,Krr=    1    1  0.1490E+02 -0.2107E+01 -0.2100E+01  0.8336E+04
 I,J,Ktt,Ktr,Krt,Krr=    1    2  0.3381E-01 -0.1981E+01  0.5679E+01 -0.3802E+03
 I,J,Ktt,Ktr,Krt,Krr=    1    3  0.5744E+00 -0.3892E+00 -0.3500E+01  0.1312E+04
 I,J,Ktt,Ktr,Krt,Krr=    2    1  0.3360E-01  0.5762E+01 -0.1852E+01 -0.3807E+03
 I,J,Ktt,Ktr,Krt,Krr=    2    2  0.1527E+02  0.3801E+00  0.3835E+00  0.9600E+04
 I,J,Ktt,Ktr,Krt,Krr=    2    3  0.2635E+00  0.7631E+01 -0.1032E+02  0.3978E+03
 I,J,Ktt,Ktr,Krt,Krr=    3    1  0.5744E+00 -0.3467E+01 -0.3495E+00  0.1309E+04
 I,J,Ktt,Ktr,Krt,Krr=    3    2  0.2633E+00 -0.1027E+02  0.7657E+01  0.4004E+03
 I,J,Ktt,Ktr,Krt,Krr=    3    3  0.1544E+02  0.1804E+01  0.1813E+01  0.9553E+04
  
  Friction Tensors in Center of Resistance
  
  Ktt Tensor (A)
    0.14899E+02    0.33813E-01    0.57443E+00
    0.33596E-01    0.15274E+02    0.26351E+00
    0.57443E+00    0.26329E+00    0.15438E+02
  
  Symmetric Krt Tensor (A^2)
   -0.21038E+01    0.57201E+01   -0.34834E+01
   -0.19165E+01    0.38178E+00   -0.10291E+02
   -0.36933E+00    0.76440E+01    0.18086E+01
  
  Krr Tensor (A^3)
    0.83359E+04   -0.38022E+03    0.13120E+04
   -0.38072E+03    0.96001E+04    0.39782E+03
    0.13088E+04    0.40044E+03    0.95526E+04
  
 Raw Dtt tensor (no rot/trans coupling correction)
    0.67217E-01   -0.10572E-03   -0.24993E-02
   -0.10473E-03    0.65489E-01   -0.11139E-02
   -0.24993E-02   -0.11130E-02    0.64887E-01
  
 Raw Drr tensor (no rot/trans coupling correction)
    0.12290E-03    0.55815E-05   -0.17113E-04
    0.55817E-05    0.10460E-03   -0.51227E-05
   -0.17073E-04   -0.51495E-05    0.10724E-03
  
 Raw Dtt tensor, before CD transformation
    0.67217E-01   -0.10591E-03   -0.24880E-02
   -0.10452E-03    0.65489E-01   -0.11194E-02
   -0.25015E-02   -0.11140E-02    0.64945E-01
  
 Program finished at:                
 Elapsed time CPU_TIME:   50.768000000000001     
