 BEST ver.3.90 SFSU/ARAGON
  
 control gtensor value=   1.0000000000000000     
 true area (A^2)=    6618.9639999999999     
 total area (A^2) =    6246.0793453910092     
 centroid coords =   -2.1496390539871224       0.44187716691431411       -4.0743110450718243     
  
 first few rows of gr matrix
   4.3160526820815743       0.44725475470773812       0.31738968755612329        1.9570034503617411       0.10374494391816703     
  0.44725475470773790        6.3994120050078953      -0.24281714586903982       0.10374494391816703        2.3789053421634563     
  0.31738968755612329      -0.24281714586904027        5.8794976683415969       0.22505078358448138        2.2998248756969309E-002
   1.5023821337759953        5.8053209692702001E-002  0.14502864384785463        4.7780290068968041       0.38919899049029227     
   5.8053209692702001E-002   1.8018336278175402       -1.4660868142347449E-002  0.38919899049029227        7.0439445970105377     
  0.14502864384785463       -1.4660868142347449E-002   2.5841305410662168       0.17749315620898504      -0.17318348285016430     
  0.26798281177127925       -4.1396627625816258E-002   2.2337448439848202E-002  0.35325736252506035       -5.5050550130053139E-002
  -4.1396627625816258E-002  0.45254884824151870      -0.10379270970961395       -5.5050550130053139E-002  0.63100725058897400     
   2.2337448439848202E-002 -0.10379270970961395       0.31492986581413146        2.1124703711376976E-002 -0.10988868585816891     
 first few columns of gr matrix
   4.3160526820815743       0.44725475470773790       0.31738968755612329        1.5023821337759953        5.8053209692702001E-002
  0.44725475470773812        6.3994120050078953      -0.24281714586904027        5.8053209692702001E-002   1.8018336278175402     
  0.31738968755612329      -0.24281714586903982        5.8794976683415969       0.14502864384785463       -1.4660868142347449E-002
   1.9570034503617411       0.10374494391816703       0.22505078358448138        4.7780290068968041       0.38919899049029227     
  0.10374494391816703        2.3789053421634563        2.2998248756969309E-002  0.38919899049029227        7.0439445970105377     
  0.22505078358448138        2.2998248756969309E-002   3.2567801515910659       0.17749315620898515      -0.17318348285016386     
  0.56920854683165389       -8.3244546881226511E-002   4.9862245093036071E-002  0.64144671521955010      -0.10084379981407050     
  -8.3244546881226511E-002  0.94299413338948990      -0.22774072592972938      -0.10084379981407050        1.1330859615603561     
   4.9862245093036071E-002 -0.22774072592972938       0.68790113667150254        4.1381397648858356E-002 -0.19751824348536470     
  
 about to enter dgetrf
 Just out of dgetrf:                 
  
  **** TRANSLATION/ROTATION FLOWS ****
     U(X-Z) =     1.000     0.000     0.000 A/SEC
  OMGA(X-Z) =     0.000     0.000     0.000 RAD/S

 FTOTH(X-Z) =   -0.14954E+02   -0.32392E-01   -0.57762E+00
 TTOTH(X-Z) =    0.18209E+01   -0.29249E+01    0.74533E+01

     U(X-Z) =     0.000     1.000     0.000 A/SEC
  OMGA(X-Z) =     0.000     0.000     0.000 RAD/S

 FTOTH(X-Z) =   -0.32548E-01   -0.15327E+02   -0.25847E+00
 TTOTH(X-Z) =   -0.82351E+00   -0.25380E+00    0.76085E+01

     U(X-Z) =     0.000     0.000     1.000 A/SEC
  OMGA(X-Z) =     0.000     0.000     0.000 RAD/S

 FTOTH(X-Z) =   -0.57767E+00   -0.25856E+00   -0.15492E+02
 TTOTH(X-Z) =   -0.38802E+01   -0.47804E+01   -0.16630E+01

     U(X-Z) =     0.000     0.000     0.000 A/SEC
  OMGA(X-Z) =     1.000     0.000     0.000 RAD/S

 FTOTH(X-Z) =    0.18354E+01   -0.85742E+00   -0.38311E+01
 TTOTH(X-Z) =   -0.84237E+04    0.38139E+03   -0.13211E+04

     U(X-Z) =     0.000     0.000     0.000 A/SEC
  OMGA(X-Z) =     0.000     1.000     0.000 RAD/S

 FTOTH(X-Z) =   -0.28832E+01   -0.27107E+00   -0.48107E+01
 TTOTH(X-Z) =    0.38152E+03   -0.96867E+04   -0.40462E+03

     U(X-Z) =     0.000     0.000     0.000 A/SEC
  OMGA(X-Z) =     0.000     0.000     1.000 RAD/S

 FTOTH(X-Z) =    0.74343E+01    0.76644E+01   -0.16610E+01
 TTOTH(X-Z) =   -0.13221E+04   -0.40462E+03   -0.96596E+04

 I,J,Ktt,Ktr,Krt,Krr=    1    1  0.1495E+02 -0.1821E+01 -0.1835E+01  0.8424E+04
 I,J,Ktt,Ktr,Krt,Krr=    1    2  0.3255E-01  0.8235E+00  0.2883E+01 -0.3815E+03
 I,J,Ktt,Ktr,Krt,Krr=    1    3  0.5777E+00  0.3880E+01 -0.7434E+01  0.1322E+04
 I,J,Ktt,Ktr,Krt,Krr=    2    1  0.3239E-01  0.2925E+01  0.8574E+00 -0.3814E+03
 I,J,Ktt,Ktr,Krt,Krr=    2    2  0.1533E+02  0.2538E+00  0.2711E+00  0.9687E+04
 I,J,Ktt,Ktr,Krt,Krr=    2    3  0.2586E+00  0.4780E+01 -0.7664E+01  0.4046E+03
 I,J,Ktt,Ktr,Krt,Krr=    3    1  0.5776E+00 -0.7453E+01  0.3831E+01  0.1321E+04
 I,J,Ktt,Ktr,Krt,Krr=    3    2  0.2585E+00 -0.7608E+01  0.4811E+01  0.4046E+03
 I,J,Ktt,Ktr,Krt,Krr=    3    3  0.1549E+02  0.1663E+01  0.1661E+01  0.9660E+04
  
  Friction Tensors in Center of Resistance
  
  Ktt Tensor (A)
    0.14954E+02    0.32548E-01    0.57767E+00
    0.32392E-01    0.15327E+02    0.25856E+00
    0.57762E+00    0.25847E+00    0.15492E+02
  
  Symmetric Krt Tensor (A^2)
   -0.18281E+01    0.29041E+01   -0.74438E+01
    0.84047E+00    0.26244E+00   -0.76364E+01
    0.38557E+01    0.47955E+01    0.16620E+01
  
  Krr Tensor (A^3)
    0.84237E+04   -0.38152E+03    0.13221E+04
   -0.38139E+03    0.96867E+04    0.40462E+03
    0.13211E+04    0.40462E+03    0.96596E+04
  
 Raw Dtt tensor (no rot/trans coupling correction)
    0.66966E-01   -0.10013E-03   -0.24953E-02
   -0.99433E-04    0.65263E-01   -0.10855E-02
   -0.24951E-02   -0.10851E-02    0.64659E-01
  
 Raw Drr tensor (no rot/trans coupling correction)
    0.12161E-03    0.54945E-05   -0.16875E-04
    0.54923E-05    0.10366E-03   -0.50941E-05
   -0.16862E-04   -0.50938E-05    0.10605E-03
  
 Raw Dtt tensor, before CD transformation
    0.66966E-01   -0.10026E-03   -0.24873E-02
   -0.99163E-04    0.65263E-01   -0.10925E-02
   -0.24974E-02   -0.10861E-02    0.64718E-01
  
 Program finished at:                
 Elapsed time CPU_TIME:   109.44000000000000     
