 BEST ver.3.90 SFSU/ARAGON
  
 control gtensor value=   1.0000000000000000     
 true area (A^2)=    23035.458999999999     
 total area (A^2) =    20495.841004056627     
 centroid coords =    16.651378524945745        19.554317787418668        18.792695830320536     
  
 first few rows of gr matrix
   16.492919024573961       -2.0706780027466918        1.6241509713460345        3.1772427703452166      -0.58870769990774752     
  -2.0706780027466918        14.632862160140391        1.8224268906568817      -0.58870769990774752        2.6281864604682954     
   1.6241509713460345        1.8224268906568830        17.906350389913232      -0.86947215284892276       0.48086611532866108     
   5.0751030318846198      -0.76314163691006620       -1.2589926407020229        12.128349250979914       -1.9144735582386381     
 -0.76314163691006620        4.0775770698155522       0.81099006543705399       -1.9144735582386381        13.178066247270522     
  -1.2589926407020229       0.81099006543705399        5.2575907699684779       -1.4914884143068212       -1.2319412720424365     
   3.9402236442156369      -0.83505152364997048        9.9284624183241160E-002   1.3962126666070556      -0.39643520661399351     
 -0.83505152364997048        6.2326300316472549       0.30921392564551009      -0.39643520661399351        1.7173338748040703     
   9.9284624183241160E-002  0.30921392564551009        4.0383738112403629      -0.26242405151827020       0.38324717419216953     
 first few columns of gr matrix
   16.492919024573961       -2.0706780027466918        1.6241509713460345        5.0751030318846198      -0.76314163691006620     
  -2.0706780027466918        14.632862160140391        1.8224268906568830      -0.76314163691006620        4.0775770698155522     
   1.6241509713460345        1.8224268906568817        17.906350389913232       -1.2589926407020229       0.81099006543705399     
   3.1772427703452166      -0.58870769990774752      -0.86947215284892276        12.128349250979914       -1.9144735582386381     
 -0.58870769990774752        2.6281864604682954       0.48086611532866108       -1.9144735582386381        13.178066247270522     
 -0.86947215284892276       0.48086611532866108        3.0689551228028766       -1.4914884143068221       -1.2319412720424365     
   1.7772052410991128      -0.30169865224203674       -6.5135335247086840E-002   1.1811757526722313      -0.29912186433560550     
 -0.30169865224203674        2.8274566569118127       0.51459694217931007      -0.29912186433560550        1.4225712804116402     
  -6.5135335247086840E-002  0.51459694217931007        2.0696927472974505      -0.22600530076270867       0.35244871422251367     
  
 about to enter dgetrf
 Just out of dgetrf:                 
  
  **** TRANSLATION/ROTATION FLOWS ****
     U(X-Z) =     1.000     0.000     0.000 A/SEC
  OMGA(X-Z) =     0.000     0.000     0.000 RAD/S

 FTOTH(X-Z) =   -0.25980E+02   -0.11535E+01    0.48267E+00
 TTOTH(X-Z) =   -0.78455E+00   -0.23776E+02   -0.10370E+02

     U(X-Z) =     0.000     1.000     0.000 A/SEC
  OMGA(X-Z) =     0.000     0.000     0.000 RAD/S

 FTOTH(X-Z) =   -0.11536E+01   -0.27766E+02   -0.78894E-01
 TTOTH(X-Z) =    0.22739E+02    0.92558E+01    0.15754E+02

     U(X-Z) =     0.000     0.000     1.000 A/SEC
  OMGA(X-Z) =     0.000     0.000     0.000 RAD/S

 FTOTH(X-Z) =    0.48264E+00   -0.78632E-01   -0.27058E+02
 TTOTH(X-Z) =    0.30184E+01   -0.10704E+02   -0.88683E+01

     U(X-Z) =     0.000     0.000     0.000 A/SEC
  OMGA(X-Z) =     1.000     0.000     0.000 RAD/S

 FTOTH(X-Z) =   -0.77417E+00    0.23060E+02    0.30629E+01
 TTOTH(X-Z) =   -0.41683E+05   -0.94230E+04    0.47829E+04

     U(X-Z) =     0.000     0.000     0.000 A/SEC
  OMGA(X-Z) =     0.000     1.000     0.000 RAD/S

 FTOTH(X-Z) =   -0.23973E+02    0.93362E+01   -0.10605E+02
 TTOTH(X-Z) =   -0.94204E+04   -0.55150E+05   -0.15942E+04

     U(X-Z) =     0.000     0.000     0.000 A/SEC
  OMGA(X-Z) =     0.000     0.000     1.000 RAD/S

 FTOTH(X-Z) =   -0.10503E+02    0.15734E+02   -0.88555E+01
 TTOTH(X-Z) =    0.47789E+04   -0.15747E+04   -0.56520E+05

 I,J,Ktt,Ktr,Krt,Krr=    1    1  0.2598E+02  0.7845E+00  0.7742E+00  0.4168E+05
 I,J,Ktt,Ktr,Krt,Krr=    1    2  0.1154E+01 -0.2274E+02  0.2397E+02  0.9420E+04
 I,J,Ktt,Ktr,Krt,Krr=    1    3 -0.4826E+00 -0.3018E+01  0.1050E+02 -0.4779E+04
 I,J,Ktt,Ktr,Krt,Krr=    2    1  0.1153E+01  0.2378E+02 -0.2306E+02  0.9423E+04
 I,J,Ktt,Ktr,Krt,Krr=    2    2  0.2777E+02 -0.9256E+01 -0.9336E+01  0.5515E+05
 I,J,Ktt,Ktr,Krt,Krr=    2    3  0.7863E-01  0.1070E+02 -0.1573E+02  0.1575E+04
 I,J,Ktt,Ktr,Krt,Krr=    3    1 -0.4827E+00  0.1037E+02 -0.3063E+01 -0.4783E+04
 I,J,Ktt,Ktr,Krt,Krr=    3    2  0.7889E-01 -0.1575E+02  0.1061E+02  0.1594E+04
 I,J,Ktt,Ktr,Krt,Krr=    3    3  0.2706E+02  0.8868E+01  0.8855E+01  0.5652E+05
  
  Friction Tensors in Center of Resistance
  
  Ktt Tensor (A)
    0.25980E+02    0.11536E+01   -0.48264E+00
    0.11535E+01    0.27766E+02    0.78632E-01
   -0.48267E+00    0.78894E-01    0.27058E+02
  
  Symmetric Krt Tensor (A^2)
    0.77936E+00    0.23875E+02    0.10436E+02
   -0.22899E+02   -0.92960E+01   -0.15744E+02
   -0.30406E+01    0.10655E+02    0.88619E+01
  
  Krr Tensor (A^3)
    0.41683E+05    0.94204E+04   -0.47789E+04
    0.94230E+04    0.55150E+05    0.15747E+04
   -0.47829E+04    0.15942E+04    0.56520E+05
  
 Raw Dtt tensor (no rot/trans coupling correction)
    0.38576E-01   -0.16046E-02    0.69275E-03
   -0.16045E-02    0.36082E-01   -0.13348E-03
    0.69281E-03   -0.13383E-03    0.36971E-01
  
 Raw Drr tensor (no rot/trans coupling correction)
    0.25239E-04   -0.43764E-05    0.22559E-05
   -0.43769E-05    0.18906E-04   -0.89681E-06
    0.22593E-05   -0.90363E-06    0.17909E-04
  
 Raw Dtt tensor, before CD transformation
    0.38576E-01   -0.16047E-02    0.70324E-03
   -0.16042E-02    0.36082E-01   -0.11560E-03
    0.69310E-03   -0.13389E-03    0.36986E-01
  
 Program finished at:                
 Elapsed time CPU_TIME:   71.635999999999996     
