 BEST ver.3.90 SFSU/ARAGON
  
 control gtensor value=   1.0000000000000000     
 true area (A^2)=    23035.458999999999     
 total area (A^2) =    21156.306834701267     
 centroid coords =    16.088499200465211        19.570669792120970        18.690281145515367     
  
 first few rows of gr matrix
   10.872280593327314      -0.45542184685667725        2.1793984823475889        3.8835366641553883       0.20360716706740861     
 -0.45542184685667686        11.568980474556870       -1.7268176309436112E-002  0.20360716706740861        4.9615949429496782     
   2.1793984823475903       -1.7268176309436778E-002   9.7700105013208880       0.64349132239600781       0.77323562133884283     
   3.7116949172226237       0.13585251283862579       0.60447728362597186        10.998394969812496       -1.3510405513511716     
  0.13585251283862579        4.4708540230900997       0.92422134972187264       -1.3510405513511716        10.466551289479748     
  0.60447728362597186       0.92422134972187264        4.1757009164223753        1.7439210416560824       0.92044767948586337     
   1.2637234341098422      -0.19322192465854157      -0.32933834743135365        1.7117277553891184      -0.20168690130168662     
 -0.19322192465854157        1.2270955459357316       0.32921934389530322      -0.20168690130168662        1.3333331257457357     
 -0.32933834743135365       0.32921934389530322        1.6712149453138883      -0.50121982871370396       0.23631064505594040     
 first few columns of gr matrix
   10.872280593327314      -0.45542184685667686        2.1793984823475903        3.7116949172226237       0.13585251283862579     
 -0.45542184685667725        11.568980474556870       -1.7268176309436778E-002  0.13585251283862579        4.4708540230900997     
   2.1793984823475889       -1.7268176309436112E-002   9.7700105013208880       0.60447728362597186       0.92422134972187264     
   3.8835366641553883       0.20360716706740861       0.64349132239600781        10.998394969812496       -1.3510405513511716     
  0.20360716706740861        4.9615949429496782       0.77323562133884283       -1.3510405513511716        10.466551289479748     
  0.64349132239600781       0.77323562133884283        4.1117703899584646        1.7439210416560820       0.92044767948586381     
   1.4906712239234323      -0.24142114909668608      -0.39260241744663804        2.2956443979983798      -0.32824518634356808     
 -0.24142114909668608        1.5679802158425877       0.44985425730849549      -0.32824518634356808        1.7124633652694294     
 -0.39260241744663804       0.44985425730849549        2.0644384006858760      -0.67667940243918678       0.27524749791644981     
  
 about to enter dgetrf
 Just out of dgetrf:                 
  
  **** TRANSLATION/ROTATION FLOWS ****
     U(X-Z) =     1.000     0.000     0.000 A/SEC
  OMGA(X-Z) =     0.000     0.000     0.000 RAD/S

 FTOTH(X-Z) =   -0.26135E+02   -0.11541E+01    0.47648E+00
 TTOTH(X-Z) =   -0.30392E+00   -0.26489E+02   -0.10563E+02

     U(X-Z) =     0.000     1.000     0.000 A/SEC
  OMGA(X-Z) =     0.000     0.000     0.000 RAD/S

 FTOTH(X-Z) =   -0.11540E+01   -0.27934E+02   -0.73542E-01
 TTOTH(X-Z) =    0.25297E+02    0.86666E+01    0.23355E+01

     U(X-Z) =     0.000     0.000     1.000 A/SEC
  OMGA(X-Z) =     0.000     0.000     0.000 RAD/S

 FTOTH(X-Z) =    0.47668E+00   -0.73446E-01   -0.27219E+02
 TTOTH(X-Z) =    0.30640E+01    0.24065E+01   -0.86490E+01

     U(X-Z) =     0.000     0.000     0.000 A/SEC
  OMGA(X-Z) =     1.000     0.000     0.000 RAD/S

 FTOTH(X-Z) =   -0.27995E+00    0.25538E+02    0.30603E+01
 TTOTH(X-Z) =   -0.42437E+05   -0.94738E+04    0.47795E+04

     U(X-Z) =     0.000     0.000     0.000 A/SEC
  OMGA(X-Z) =     0.000     1.000     0.000 RAD/S

 FTOTH(X-Z) =   -0.26608E+02    0.86513E+01    0.25511E+01
 TTOTH(X-Z) =   -0.94718E+04   -0.56062E+05   -0.15960E+04

     U(X-Z) =     0.000     0.000     0.000 A/SEC
  OMGA(X-Z) =     0.000     0.000     1.000 RAD/S

 FTOTH(X-Z) =   -0.10620E+02    0.21652E+01   -0.86518E+01
 TTOTH(X-Z) =    0.47776E+04   -0.15996E+04   -0.57432E+05

 I,J,Ktt,Ktr,Krt,Krr=    1    1  0.2613E+02  0.3039E+00  0.2800E+00  0.4244E+05
 I,J,Ktt,Ktr,Krt,Krr=    1    2  0.1154E+01 -0.2530E+02  0.2661E+02  0.9472E+04
 I,J,Ktt,Ktr,Krt,Krr=    1    3 -0.4767E+00 -0.3064E+01  0.1062E+02 -0.4778E+04
 I,J,Ktt,Ktr,Krt,Krr=    2    1  0.1154E+01  0.2649E+02 -0.2554E+02  0.9474E+04
 I,J,Ktt,Ktr,Krt,Krr=    2    2  0.2793E+02 -0.8667E+01 -0.8651E+01  0.5606E+05
 I,J,Ktt,Ktr,Krt,Krr=    2    3  0.7345E-01 -0.2406E+01 -0.2165E+01  0.1600E+04
 I,J,Ktt,Ktr,Krt,Krr=    3    1 -0.4765E+00  0.1056E+02 -0.3060E+01 -0.4779E+04
 I,J,Ktt,Ktr,Krt,Krr=    3    2  0.7354E-01 -0.2335E+01 -0.2551E+01  0.1596E+04
 I,J,Ktt,Ktr,Krt,Krr=    3    3  0.2722E+02  0.8649E+01  0.8652E+01  0.5743E+05
  
  Friction Tensors in Center of Resistance
  
  Ktt Tensor (A)
    0.26135E+02    0.11540E+01   -0.47668E+00
    0.11541E+01    0.27934E+02    0.73446E-01
   -0.47648E+00    0.73542E-01    0.27219E+02
  
  Symmetric Krt Tensor (A^2)
    0.29194E+00    0.26549E+02    0.10592E+02
   -0.25418E+02   -0.86590E+01   -0.22503E+01
   -0.30622E+01   -0.24788E+01    0.86504E+01
  
  Krr Tensor (A^3)
    0.42437E+05    0.94718E+04   -0.47776E+04
    0.94738E+04    0.56062E+05    0.15996E+04
   -0.47795E+04    0.15960E+04    0.57432E+05
  
 Raw Dtt tensor (no rot/trans coupling correction)
    0.38345E-01   -0.15859E-02    0.67582E-03
   -0.15860E-02    0.35864E-01   -0.12455E-03
    0.67555E-03   -0.12467E-03    0.36752E-01
  
 Raw Drr tensor (no rot/trans coupling correction)
    0.24757E-04   -0.42448E-05    0.21777E-05
   -0.42458E-05    0.18579E-04   -0.87066E-06
    0.21783E-05   -0.86954E-06    0.17617E-04
  
 Raw Dtt tensor, before CD transformation
    0.38345E-01   -0.15860E-02    0.67820E-03
   -0.15858E-02    0.35864E-01   -0.11401E-03
    0.67567E-03   -0.12469E-03    0.36758E-01
  
 Program finished at:                
 Elapsed time CPU_TIME:   298.64800000000002     
