 BEST ver.3.90 SFSU/ARAGON
  
 control gtensor value=   1.0000000000000000     
 true area (A^2)=    23035.458999999999     
 total area (A^2) =    20752.688067950086     
 centroid coords =    16.555365102929539        19.640948832145721        18.929275633412502     
  
 first few rows of gr matrix
   9.3348806323071134      -0.44171358841655040        1.9716597214165565        2.6459876653343017       0.24798694082776915     
 -0.44171358841655084        10.731593069439294       0.45224955037864245       0.24798694082776915        2.8440300662573965     
   1.9716597214165557       0.45224955037864245        9.8347049606354631       0.65710493151142668       0.65948311533055781     
   3.1939133506985744       -9.4416803106095910E-003  0.50478094422859321        9.2763254416801235       -1.5034764736581181     
  -9.4416803106095910E-003   3.6830481417989054       0.84088168047455814       -1.5034764736581172        9.3271609282008647     
  0.50478094422859321       0.84088168047455814        4.2313106165185363        1.2258413499123377       0.64302328979474077     
   1.0863135441810592      -0.14785847823235407      -0.30846231669733337        1.3267203142250357      -0.15986106840364550     
 -0.14785847823235407       0.99223118306027980       0.24467780625472793      -0.15986106840364550       0.96518813828769501     
 -0.30846231669733337       0.24467780625472793        1.4314209838720462      -0.39759196537367852       0.15181855962516072     
 first few columns of gr matrix
   9.3348806323071134      -0.44171358841655084        1.9716597214165557        3.1939133506985744       -9.4416803106095910E-003
 -0.44171358841655040        10.731593069439294       0.45224955037864245       -9.4416803106095910E-003   3.6830481417989054     
   1.9716597214165565       0.45224955037864245        9.8347049606354631       0.50478094422859321       0.84088168047455814     
   2.6459876653343017       0.24798694082776915       0.65710493151142668        9.2763254416801235       -1.5034764736581172     
  0.24798694082776915        2.8440300662573965       0.65948311533055781       -1.5034764736581181        9.3271609282008647     
  0.65710493151142668       0.65948311533055781        3.5209752112428192        1.2258413499123384       0.64302328979474099     
   1.4480662648856442      -0.18618195405931895      -0.41217608018158058        2.3017749098186080      -0.31428561572716734     
 -0.18618195405931895        1.4096101756643920       0.35726373835643821      -0.31428561572716734        1.6732456749015603     
 -0.41217608018158058       0.35726373835643821        2.0933905943145219      -0.67231404037166842       0.25227805584328150     
  
 about to enter dgetrf
 Just out of dgetrf:                 
  
  **** TRANSLATION/ROTATION FLOWS ****
     U(X-Z) =     1.000     0.000     0.000 A/SEC
  OMGA(X-Z) =     0.000     0.000     0.000 RAD/S

 FTOTH(X-Z) =   -0.26042E+02   -0.11527E+01    0.48017E+00
 TTOTH(X-Z) =   -0.62683E+00   -0.19736E+02   -0.11157E+02

     U(X-Z) =     0.000     1.000     0.000 A/SEC
  OMGA(X-Z) =     0.000     0.000     0.000 RAD/S

 FTOTH(X-Z) =   -0.11530E+01   -0.27843E+02   -0.76325E-01
 TTOTH(X-Z) =    0.18339E+02    0.89125E+01    0.14904E+02

     U(X-Z) =     0.000     0.000     1.000 A/SEC
  OMGA(X-Z) =     0.000     0.000     0.000 RAD/S

 FTOTH(X-Z) =    0.47993E+00   -0.75765E-01   -0.27129E+02
 TTOTH(X-Z) =    0.42936E+01   -0.10099E+02   -0.85778E+01

     U(X-Z) =     0.000     0.000     0.000 A/SEC
  OMGA(X-Z) =     1.000     0.000     0.000 RAD/S

 FTOTH(X-Z) =   -0.63056E+00    0.18488E+02    0.43776E+01
 TTOTH(X-Z) =   -0.41976E+05   -0.94176E+04    0.47957E+04

     U(X-Z) =     0.000     0.000     0.000 A/SEC
  OMGA(X-Z) =     0.000     1.000     0.000 RAD/S

 FTOTH(X-Z) =   -0.19828E+02    0.89299E+01   -0.10207E+02
 TTOTH(X-Z) =   -0.94211E+04   -0.55555E+05   -0.16012E+04

     U(X-Z) =     0.000     0.000     0.000 A/SEC
  OMGA(X-Z) =     0.000     0.000     1.000 RAD/S

 FTOTH(X-Z) =   -0.11235E+02    0.14958E+02   -0.85541E+01
 TTOTH(X-Z) =    0.47876E+04   -0.15982E+04   -0.56955E+05

 I,J,Ktt,Ktr,Krt,Krr=    1    1  0.2604E+02  0.6268E+00  0.6306E+00  0.4198E+05
 I,J,Ktt,Ktr,Krt,Krr=    1    2  0.1153E+01 -0.1834E+02  0.1983E+02  0.9421E+04
 I,J,Ktt,Ktr,Krt,Krr=    1    3 -0.4799E+00 -0.4294E+01  0.1123E+02 -0.4788E+04
 I,J,Ktt,Ktr,Krt,Krr=    2    1  0.1153E+01  0.1974E+02 -0.1849E+02  0.9418E+04
 I,J,Ktt,Ktr,Krt,Krr=    2    2  0.2784E+02 -0.8913E+01 -0.8930E+01  0.5556E+05
 I,J,Ktt,Ktr,Krt,Krr=    2    3  0.7577E-01  0.1010E+02 -0.1496E+02  0.1598E+04
 I,J,Ktt,Ktr,Krt,Krr=    3    1 -0.4802E+00  0.1116E+02 -0.4378E+01 -0.4796E+04
 I,J,Ktt,Ktr,Krt,Krr=    3    2  0.7632E-01 -0.1490E+02  0.1021E+02  0.1601E+04
 I,J,Ktt,Ktr,Krt,Krr=    3    3  0.2713E+02  0.8578E+01  0.8554E+01  0.5696E+05
  
  Friction Tensors in Center of Resistance
  
  Ktt Tensor (A)
    0.26042E+02    0.11530E+01   -0.47993E+00
    0.11527E+01    0.27843E+02    0.75765E-01
   -0.48017E+00    0.76325E-01    0.27129E+02
  
  Symmetric Krt Tensor (A^2)
    0.62870E+00    0.19782E+02    0.11196E+02
   -0.18414E+02   -0.89212E+01   -0.14931E+02
   -0.43356E+01    0.10153E+02    0.85660E+01
  
  Krr Tensor (A^3)
    0.41976E+05    0.94211E+04   -0.47876E+04
    0.94176E+04    0.55555E+05    0.15982E+04
   -0.47957E+04    0.16012E+04    0.56955E+05
  
 Raw Dtt tensor (no rot/trans coupling correction)
    0.38483E-01   -0.15955E-02    0.68524E-03
   -0.15950E-02    0.35982E-01   -0.12870E-03
    0.68562E-03   -0.12947E-03    0.36873E-01
  
 Raw Drr tensor (no rot/trans coupling correction)
    0.25045E-04   -0.43113E-05    0.22262E-05
   -0.43097E-05    0.18757E-04   -0.88858E-06
    0.22299E-05   -0.89030E-06    0.17770E-04
  
 Raw Dtt tensor, before CD transformation
    0.38484E-01   -0.15955E-02    0.69274E-03
   -0.15948E-02    0.35982E-01   -0.11298E-03
    0.68589E-03   -0.12952E-03    0.36888E-01
  
 Program finished at:                
 Elapsed time CPU_TIME:   123.40800000000000     
