 BEST ver.3.90 SFSU/ARAGON
  
 control gtensor value=   1.0000000000000000     
 true area (A^2)=    23035.458999999999     
 total area (A^2) =    21002.826295925021     
 centroid coords =    16.200137284196536        19.647105826693270        18.963817480079726     
  
 first few rows of gr matrix
   11.038507831133312       -1.3559680068957256        1.7502813936065640        2.3124200801889145      -0.33064387532670209     
  -1.3559680068957247        10.504724433973514       0.92380469568883194      -0.33064387532670209        1.7249773858223254     
   1.7502813936065640       0.92380469568883194        10.741206672472650      -0.68162431403355184       0.27725890027162842     
   1.7242364003892585      -0.20316075124167793      -0.50488254954338785        11.981072493280630       -1.8912257565367177     
 -0.20316075124167793        1.3430766090095732       0.23803751193617481       -1.8912257565367177        13.018042584570704     
 -0.50488254954338785       0.23803751193617481        1.9227713699485005       -1.4733769983787703       -1.2169815844157239     
   1.1782654316698158       -1.9704851424309417E-003   1.5320353922115846E-002   1.5822253405975575      -0.54835261071433894     
  -1.9704851424309417E-003   1.7375099658272157      -0.54561541458084895      -0.54835261071433894        2.1041565152027570     
   1.5320353922115846E-002 -0.54561541458084895        1.6789577096978470       -2.9946938573405736E-003  -6.3024613839420636E-003
 first few columns of gr matrix
   11.038507831133312       -1.3559680068957247        1.7502813936065640        1.7242364003892585      -0.20316075124167793     
  -1.3559680068957256        10.504724433973514       0.92380469568883194      -0.20316075124167793        1.3430766090095732     
   1.7502813936065640       0.92380469568883194        10.741206672472650      -0.50488254954338785       0.23803751193617481     
   2.3124200801889145      -0.33064387532670209      -0.68162431403355184        11.981072493280630       -1.8912257565367177     
 -0.33064387532670209        1.7249773858223254       0.27725890027162842       -1.8912257565367177        13.018042584570704     
 -0.68162431403355184       0.27725890027162842        2.1990789449150583       -1.4733769983787703       -1.2169815844157235     
  0.88367633417334934        3.4694572077070836E-002  -5.3345153278678850E-002  0.94986992371597534      -0.30777354446470934     
   3.4694572077070836E-002   1.3029569592044694      -0.40504686215754815      -0.30777354446470934        1.3462560907267924     
  -5.3345153278678850E-002 -0.40504686215754815        1.2537671264974135        2.2188322597742068E-002  -6.5069175933621326E-002
  
 about to enter dgetrf
 Just out of dgetrf:                 
  
  **** TRANSLATION/ROTATION FLOWS ****
     U(X-Z) =     1.000     0.000     0.000 A/SEC
  OMGA(X-Z) =     0.000     0.000     0.000 RAD/S

 FTOTH(X-Z) =   -0.26099E+02   -0.11524E+01    0.48367E+00
 TTOTH(X-Z) =   -0.55441E+00   -0.19281E+02   -0.12234E+02

     U(X-Z) =     0.000     1.000     0.000 A/SEC
  OMGA(X-Z) =     0.000     0.000     0.000 RAD/S

 FTOTH(X-Z) =   -0.11524E+01   -0.27895E+02   -0.70042E-01
 TTOTH(X-Z) =    0.17544E+02    0.89281E+01    0.49230E+01

     U(X-Z) =     0.000     0.000     1.000 A/SEC
  OMGA(X-Z) =     0.000     0.000     0.000 RAD/S

 FTOTH(X-Z) =    0.48358E+00   -0.69729E-01   -0.27185E+02
 TTOTH(X-Z) =    0.47379E+01   -0.50545E+00   -0.86366E+01

     U(X-Z) =     0.000     0.000     0.000 A/SEC
  OMGA(X-Z) =     1.000     0.000     0.000 RAD/S

 FTOTH(X-Z) =   -0.53039E+00    0.17877E+02    0.47663E+01
 TTOTH(X-Z) =   -0.42243E+05   -0.94506E+04    0.48244E+04

     U(X-Z) =     0.000     0.000     0.000 A/SEC
  OMGA(X-Z) =     0.000     1.000     0.000 RAD/S

 FTOTH(X-Z) =   -0.19439E+02    0.89121E+01   -0.46493E+00
 TTOTH(X-Z) =   -0.94429E+04   -0.55855E+05   -0.16075E+04

     U(X-Z) =     0.000     0.000     0.000 A/SEC
  OMGA(X-Z) =     0.000     0.000     1.000 RAD/S

 FTOTH(X-Z) =   -0.12281E+02    0.48164E+01   -0.86321E+01
 TTOTH(X-Z) =    0.48154E+04   -0.16123E+04   -0.57253E+05

 I,J,Ktt,Ktr,Krt,Krr=    1    1  0.2610E+02  0.5544E+00  0.5304E+00  0.4224E+05
 I,J,Ktt,Ktr,Krt,Krr=    1    2  0.1152E+01 -0.1754E+02  0.1944E+02  0.9443E+04
 I,J,Ktt,Ktr,Krt,Krr=    1    3 -0.4836E+00 -0.4738E+01  0.1228E+02 -0.4815E+04
 I,J,Ktt,Ktr,Krt,Krr=    2    1  0.1152E+01  0.1928E+02 -0.1788E+02  0.9451E+04
 I,J,Ktt,Ktr,Krt,Krr=    2    2  0.2790E+02 -0.8928E+01 -0.8912E+01  0.5585E+05
 I,J,Ktt,Ktr,Krt,Krr=    2    3  0.6973E-01  0.5055E+00 -0.4816E+01  0.1612E+04
 I,J,Ktt,Ktr,Krt,Krr=    3    1 -0.4837E+00  0.1223E+02 -0.4766E+01 -0.4824E+04
 I,J,Ktt,Ktr,Krt,Krr=    3    2  0.7004E-01 -0.4923E+01  0.4649E+00  0.1607E+04
 I,J,Ktt,Ktr,Krt,Krr=    3    3  0.2719E+02  0.8637E+01  0.8632E+01  0.5725E+05
  
  Friction Tensors in Center of Resistance
  
  Ktt Tensor (A)
    0.26099E+02    0.11524E+01   -0.48358E+00
    0.11524E+01    0.27895E+02    0.69729E-01
   -0.48367E+00    0.70042E-01    0.27185E+02
  
  Symmetric Krt Tensor (A^2)
    0.54240E+00    0.19360E+02    0.12257E+02
   -0.17711E+02   -0.89201E+01   -0.48697E+01
   -0.47521E+01    0.48519E+00    0.86344E+01
  
  Krr Tensor (A^3)
    0.42243E+05    0.94429E+04   -0.48154E+04
    0.94506E+04    0.55855E+05    0.16123E+04
   -0.48244E+04    0.16075E+04    0.57253E+05
  
 Raw Dtt tensor (no rot/trans coupling correction)
    0.38399E-01   -0.15880E-02    0.68712E-03
   -0.15881E-02    0.35914E-01   -0.12037E-03
    0.68727E-03   -0.12079E-03    0.36797E-01
  
 Raw Drr tensor (no rot/trans coupling correction)
    0.24880E-04   -0.42700E-05    0.22129E-05
   -0.42737E-05    0.18652E-04   -0.88471E-06
    0.22165E-05   -0.88350E-06    0.17678E-04
  
 Raw Dtt tensor, before CD transformation
    0.38399E-01   -0.15880E-02    0.68962E-03
   -0.15879E-02    0.35914E-01   -0.10978E-03
    0.68744E-03   -0.12082E-03    0.36806E-01
  
 Program finished at:                
 Elapsed time CPU_TIME:   222.33199999999999     
