 BEST ver.3.90 SFSU/ARAGON
  
 control gtensor value=   1.0000000000000000     
 true area (A^2)=    23035.458999999999     
 total area (A^2) =    21298.802353531115     
 centroid coords =    16.102692657569929        19.535690188434053        18.733506692657638     
  
 first few rows of gr matrix
   10.835850112770878      -0.45389583429708524        2.1720958255264784        3.8575546130208482       0.20224497268543870     
 -0.45389583429708569        11.530215514931491       -1.7210314671672611E-002  0.20224497268543870        4.9284003513532086     
   2.1720958255264802       -1.7210314671672167E-002   9.7372734711689155       0.63918616812839035       0.76806243792639028     
   3.6868625400687960       0.13494361786980638       0.60043314524105529        10.961541909347371       -1.3465135290659727     
  0.13494361786980638        4.4409426387287319       0.91803802548813873       -1.3465135290659722        10.431480313342675     
  0.60043314524105529       0.91803802548813873        4.1477641968506553        1.7380775683337544       0.91736347364672222     
   1.2451037515768462      -0.17949152255177880      -0.31020830209704803        1.6986864829192374      -0.19399118933305198     
 -0.17949152255177880        1.2391072324056120       0.34046019402339173      -0.19399118933305198        1.3609062197307047     
 -0.31020830209704803       0.34046019402339173        1.7173408298416044      -0.49791679298474656       0.24882797246988142     
 first few columns of gr matrix
   10.835850112770878      -0.45389583429708569        2.1720958255264802        3.6868625400687960       0.13494361786980638     
 -0.45389583429708524        11.530215514931491       -1.7210314671672167E-002  0.13494361786980638        4.4409426387287319     
   2.1720958255264784       -1.7210314671672611E-002   9.7372734711689155       0.60043314524105529       0.91803802548813873     
   3.8575546130208482       0.20224497268543870       0.63918616812839035        10.961541909347371       -1.3465135290659722     
  0.20224497268543870        4.9284003513532086       0.76806243792639028       -1.3465135290659727        10.431480313342675     
  0.63918616812839035       0.76806243792639028        4.0842613852125043        1.7380775683337557       0.91736347364672222     
  0.91423464662201903      -0.12420017962925420      -0.22882497611508665        1.4597673926463106      -0.18516175100847593     
 -0.12420017962925420       0.98455634577023665       0.29108147667008250      -0.18516175100847593        1.1095887040499131     
 -0.22882497611508665       0.29108147667008250        1.3728527050702517      -0.45875137179463049       0.18210811629902401     
  
 about to enter dgetrf
 Just out of dgetrf:                 
  
  **** TRANSLATION/ROTATION FLOWS ****
     U(X-Z) =     1.000     0.000     0.000 A/SEC
  OMGA(X-Z) =     0.000     0.000     0.000 RAD/S

 FTOTH(X-Z) =   -0.26179E+02   -0.11538E+01    0.47936E+00
 TTOTH(X-Z) =   -0.25304E+00   -0.24365E+02   -0.98533E+01

     U(X-Z) =     0.000     1.000     0.000 A/SEC
  OMGA(X-Z) =     0.000     0.000     0.000 RAD/S

 FTOTH(X-Z) =   -0.11537E+01   -0.27976E+02   -0.74277E-01
 TTOTH(X-Z) =    0.23284E+02    0.85691E+01    0.27775E+01

     U(X-Z) =     0.000     0.000     1.000 A/SEC
  OMGA(X-Z) =     0.000     0.000     0.000 RAD/S

 FTOTH(X-Z) =    0.47933E+00   -0.74334E-01   -0.27255E+02
 TTOTH(X-Z) =    0.19283E+01    0.23365E+01   -0.85842E+01

     U(X-Z) =     0.000     0.000     0.000 A/SEC
  OMGA(X-Z) =     1.000     0.000     0.000 RAD/S

 FTOTH(X-Z) =   -0.26358E+00    0.23478E+02    0.19414E+01
 TTOTH(X-Z) =   -0.42663E+05   -0.94714E+04    0.48055E+04

     U(X-Z) =     0.000     0.000     0.000 A/SEC
  OMGA(X-Z) =     0.000     1.000     0.000 RAD/S

 FTOTH(X-Z) =   -0.24509E+02    0.85584E+01    0.24134E+01
 TTOTH(X-Z) =   -0.94750E+04   -0.56313E+05   -0.15926E+04

     U(X-Z) =     0.000     0.000     0.000 A/SEC
  OMGA(X-Z) =     0.000     0.000     1.000 RAD/S

 FTOTH(X-Z) =   -0.98693E+01    0.27470E+01   -0.85930E+01
 TTOTH(X-Z) =    0.47959E+04   -0.15928E+04   -0.57632E+05

 I,J,Ktt,Ktr,Krt,Krr=    1    1  0.2618E+02  0.2530E+00  0.2636E+00  0.4266E+05
 I,J,Ktt,Ktr,Krt,Krr=    1    2  0.1154E+01 -0.2328E+02  0.2451E+02  0.9475E+04
 I,J,Ktt,Ktr,Krt,Krr=    1    3 -0.4793E+00 -0.1928E+01  0.9869E+01 -0.4796E+04
 I,J,Ktt,Ktr,Krt,Krr=    2    1  0.1154E+01  0.2437E+02 -0.2348E+02  0.9471E+04
 I,J,Ktt,Ktr,Krt,Krr=    2    2  0.2798E+02 -0.8569E+01 -0.8558E+01  0.5631E+05
 I,J,Ktt,Ktr,Krt,Krr=    2    3  0.7433E-01 -0.2337E+01 -0.2747E+01  0.1593E+04
 I,J,Ktt,Ktr,Krt,Krr=    3    1 -0.4794E+00  0.9853E+01 -0.1941E+01 -0.4806E+04
 I,J,Ktt,Ktr,Krt,Krr=    3    2  0.7428E-01 -0.2778E+01 -0.2413E+01  0.1593E+04
 I,J,Ktt,Ktr,Krt,Krr=    3    3  0.2725E+02  0.8584E+01  0.8593E+01  0.5763E+05
  
  Friction Tensors in Center of Resistance
  
  Ktt Tensor (A)
    0.26179E+02    0.11537E+01   -0.47933E+00
    0.11538E+01    0.27976E+02    0.74334E-01
   -0.47936E+00    0.74277E-01    0.27255E+02
  
  Symmetric Krt Tensor (A^2)
    0.25831E+00    0.24437E+02    0.98613E+01
   -0.23381E+02   -0.85637E+01   -0.27623E+01
   -0.19348E+01   -0.23750E+01    0.85886E+01
  
  Krr Tensor (A^3)
    0.42663E+05    0.94750E+04   -0.47959E+04
    0.94714E+04    0.56313E+05    0.15928E+04
   -0.48055E+04    0.15926E+04    0.57632E+05
  
 Raw Dtt tensor (no rot/trans coupling correction)
    0.38280E-01   -0.15804E-02    0.67755E-03
   -0.15806E-02    0.35810E-01   -0.12547E-03
    0.67758E-03   -0.12539E-03    0.36703E-01
  
 Raw Drr tensor (no rot/trans coupling correction)
    0.24617E-04   -0.42031E-05    0.21647E-05
   -0.42017E-05    0.18489E-04   -0.86065E-06
    0.21687E-05   -0.86138E-06    0.17556E-04
  
 Raw Dtt tensor, before CD transformation
    0.38280E-01   -0.15804E-02    0.68016E-03
   -0.15804E-02    0.35810E-01   -0.11625E-03
    0.67769E-03   -0.12541E-03    0.36709E-01
  
 Program finished at:                
 Elapsed time CPU_TIME:   446.60400000000004     
