 BEST ver.3.90 SFSU/ARAGON
  
 control gtensor value=   1.0000000000000000     
 true area (A^2)=    18979.671999999999     
 total area (A^2) =    17710.379285370767     
 centroid coords =    3.7967953754004706        1.4727581139434476        15.475523680178297     
  
 first few rows of gr matrix
   11.965597959760730        2.3543659766542078      -0.46266049417826227        2.0464746181047255       0.22358912589766974     
   2.3543659766542087        12.096439325464289       0.47794815941001789       0.22358912589766974        1.8085303525207850     
 -0.46266049417826183       0.47794815941001745        14.263233898965442      -0.61911931143880727      -0.31032392871037479     
   3.2153762292194048       0.35595159589233843      -0.92626630059335169        9.8582730285957290        2.0231766079088702     
  0.35595159589233843        2.8387427208128284      -0.43635607494566153        2.0231766079088707        10.367354496717645     
 -0.92626630059335169      -0.43635607494566153        4.3532889932391576      -0.76967913709851832       0.36702700814548583     
   1.6529496551681253       0.13029314561426258      -0.39083253702276460        2.9925602901091577       0.17583401169810406     
  0.13029314561426258        1.6232871927004757      -0.33507557681483624       0.17583401169810406        2.8824308425410061     
 -0.39083253702276460      -0.33507557681483624        2.7484987683341178       0.31040656467238115      -0.31305376739064683     
 first few columns of gr matrix
   11.965597959760730        2.3543659766542087      -0.46266049417826183        3.2153762292194048       0.35595159589233843     
   2.3543659766542078        12.096439325464289       0.47794815941001745       0.35595159589233843        2.8387427208128284     
 -0.46266049417826227       0.47794815941001789        14.263233898965442      -0.92626630059335169      -0.43635607494566153     
   2.0464746181047255       0.22358912589766974      -0.61911931143880727        9.8582730285957290        2.0231766079088707     
  0.22358912589766974        1.8085303525207850      -0.31032392871037479        2.0231766079088702        10.367354496717645     
 -0.61911931143880727      -0.31032392871037479        2.7890429578982801      -0.76967913709851787       0.36702700814548539     
   1.8758920830432493       0.11115986038032055      -0.43714098896114217        4.4599783520502694       0.38863406679248602     
  0.11115986038032055        1.8047415745097339      -0.29531216408789729       0.38863406679248602        4.4927362119498468     
 -0.43714098896114217      -0.29531216408789729        3.1673333980121763       0.16215546687246224      -0.13571644178666126     
  
 about to enter dgetrf
 Just out of dgetrf:                 
  
  **** TRANSLATION/ROTATION FLOWS ****
     U(X-Z) =     1.000     0.000     0.000 A/SEC
  OMGA(X-Z) =     0.000     0.000     0.000 RAD/S

 FTOTH(X-Z) =   -0.24358E+02    0.44421E-01    0.90125E-01
 TTOTH(X-Z) =   -0.98287E+00    0.29379E+01    0.28824E+01

     U(X-Z) =     0.000     1.000     0.000 A/SEC
  OMGA(X-Z) =     0.000     0.000     0.000 RAD/S

 FTOTH(X-Z) =    0.44519E-01   -0.23947E+02   -0.31152E+00
 TTOTH(X-Z) =   -0.35985E+01    0.32068E+00    0.10226E+01

     U(X-Z) =     0.000     0.000     1.000 A/SEC
  OMGA(X-Z) =     0.000     0.000     0.000 RAD/S

 FTOTH(X-Z) =    0.90105E-01   -0.31139E+00   -0.23548E+02
 TTOTH(X-Z) =   -0.30535E+01   -0.45546E+01    0.73066E+00

     U(X-Z) =     0.000     0.000     0.000 A/SEC
  OMGA(X-Z) =     1.000     0.000     0.000 RAD/S

 FTOTH(X-Z) =   -0.96114E+00   -0.36350E+01   -0.30050E+01
 TTOTH(X-Z) =   -0.35083E+05    0.12490E+03    0.46408E+03

     U(X-Z) =     0.000     0.000     0.000 A/SEC
  OMGA(X-Z) =     0.000     1.000     0.000 RAD/S

 FTOTH(X-Z) =    0.29076E+01    0.30220E+00   -0.45338E+01
 TTOTH(X-Z) =    0.12447E+03   -0.33606E+05   -0.18118E+04

     U(X-Z) =     0.000     0.000     0.000 A/SEC
  OMGA(X-Z) =     0.000     0.000     1.000 RAD/S

 FTOTH(X-Z) =    0.28933E+01    0.10012E+01    0.79976E+00
 TTOTH(X-Z) =    0.46818E+03   -0.18180E+04   -0.31128E+05

 I,J,Ktt,Ktr,Krt,Krr=    1    1  0.2436E+02  0.9829E+00  0.9611E+00  0.3508E+05
 I,J,Ktt,Ktr,Krt,Krr=    1    2 -0.4452E-01  0.3598E+01 -0.2908E+01 -0.1245E+03
 I,J,Ktt,Ktr,Krt,Krr=    1    3 -0.9010E-01  0.3053E+01 -0.2893E+01 -0.4682E+03
 I,J,Ktt,Ktr,Krt,Krr=    2    1 -0.4442E-01 -0.2938E+01  0.3635E+01 -0.1249E+03
 I,J,Ktt,Ktr,Krt,Krr=    2    2  0.2395E+02 -0.3207E+00 -0.3022E+00  0.3361E+05
 I,J,Ktt,Ktr,Krt,Krr=    2    3  0.3114E+00  0.4555E+01 -0.1001E+01  0.1818E+04
 I,J,Ktt,Ktr,Krt,Krr=    3    1 -0.9013E-01 -0.2882E+01  0.3005E+01 -0.4641E+03
 I,J,Ktt,Ktr,Krt,Krr=    3    2  0.3115E+00 -0.1023E+01  0.4534E+01  0.1812E+04
 I,J,Ktt,Ktr,Krt,Krr=    3    3  0.2355E+02 -0.7307E+00 -0.7998E+00  0.3113E+05
  
  Friction Tensors in Center of Resistance
  
  Ktt Tensor (A)
    0.24358E+02   -0.44519E-01   -0.90105E-01
   -0.44421E-01    0.23947E+02    0.31139E+00
   -0.90125E-01    0.31152E+00    0.23548E+02
  
  Symmetric Krt Tensor (A^2)
    0.97200E+00   -0.29227E+01   -0.28879E+01
    0.36167E+01   -0.31144E+00   -0.10119E+01
    0.30293E+01    0.45442E+01   -0.76521E+00
  
  Krr Tensor (A^3)
    0.35083E+05   -0.12447E+03   -0.46818E+03
   -0.12490E+03    0.33606E+05    0.18180E+04
   -0.46408E+03    0.18118E+04    0.31128E+05
  
 Raw Dtt tensor (no rot/trans coupling correction)
    0.41055E-01    0.74293E-04    0.15611E-03
    0.74127E-04    0.41767E-01   -0.55203E-03
    0.15615E-03   -0.55225E-03    0.42475E-01
  
 Raw Drr tensor (no rot/trans coupling correction)
    0.28510E-04    0.82737E-07    0.42398E-06
    0.83231E-07    0.29851E-04   -0.17422E-05
    0.42020E-06   -0.17363E-05    0.32234E-04
  
 Raw Dtt tensor, before CD transformation
    0.41055E-01    0.74299E-04    0.15566E-03
    0.74127E-04    0.41767E-01   -0.55179E-03
    0.15615E-03   -0.55226E-03    0.42475E-01
  
 Program finished at:                
 Elapsed time CPU_TIME:   413.89200000000000     
