 BEST ver.3.90 SFSU/ARAGON
  
 control gtensor value=   1.0000000000000000     
 true area (A^2)=    18979.671999999999     
 total area (A^2) =    17627.352816933311     
 centroid coords =    3.7022125195618103        1.4894589201877904        15.383744131455408     
  
 first few rows of gr matrix
   11.993744394303761        2.3599041042158309      -0.46374880111944794        2.0561137035676196       0.22464225144048011     
   2.3599041042158291        12.124893535510697       0.47907242721752952       0.22464225144048011        1.8170486984001004     
 -0.46374880111944750       0.47907242721753085        14.296785016148162      -0.62203542087975938      -0.31178558322759076     
   3.2305209498013316       0.35762816095849415      -0.93062910087140338        9.8814624452416648        2.0279356854037847     
  0.35762816095849415        2.8521134626003777      -0.43841135257357899        2.0279356854037847        10.391741415424722     
 -0.93062910087140338      -0.43841135257357899        4.3737933885928877      -0.77148963779596169       0.36789035836793471     
   1.6607352015175105       0.13090683842759909      -0.39267339456026429        3.0066555269297073       0.17666220621909093     
  0.13090683842759909        1.6309330260975323      -0.33665381389282228       0.17666220621909093        2.8960073594381783     
 -0.39267339456026429      -0.33665381389282228        2.7614444527263555       0.31186860841270764      -0.31452827970156705     
 first few columns of gr matrix
   11.993744394303761        2.3599041042158291      -0.46374880111944750        3.2305209498013316       0.35762816095849415     
   2.3599041042158309        12.124893535510697       0.47907242721753085       0.35762816095849415        2.8521134626003777     
 -0.46374880111944794       0.47907242721752952        14.296785016148162      -0.93062910087140338      -0.43841135257357899     
   2.0561137035676196       0.22464225144048011      -0.62203542087975938        9.8814624452416648        2.0279356854037847     
  0.22464225144048011        1.8170486984001004      -0.31178558322759076        2.0279356854037847        10.391741415424722     
 -0.62203542087975938      -0.31178558322759076        2.8021796091877182      -0.77148963779596236       0.36789035836793493     
   1.8847277089277701       0.11168343364371550      -0.43919996360694585        4.4809852641898233       0.39046456933109086     
  0.11168343364371550        1.8132420748928582      -0.29670311179998282       0.39046456933109086        4.5138974166510382     
 -0.43919996360694585      -0.29670311179998282        3.1822518323983289       0.16291923417729065      -0.13635567882851662     
  
 about to enter dgetrf
 Just out of dgetrf:                 
  
  **** TRANSLATION/ROTATION FLOWS ****
     U(X-Z) =     1.000     0.000     0.000 A/SEC
  OMGA(X-Z) =     0.000     0.000     0.000 RAD/S

 FTOTH(X-Z) =   -0.24335E+02    0.42256E-01    0.93669E-01
 TTOTH(X-Z) =   -0.86228E+00    0.97428E+00    0.23447E+01

     U(X-Z) =     0.000     1.000     0.000 A/SEC
  OMGA(X-Z) =     0.000     0.000     0.000 RAD/S

 FTOTH(X-Z) =    0.42415E-01   -0.23929E+02   -0.30954E+00
 TTOTH(X-Z) =   -0.14775E+01    0.20979E+00   -0.10666E+01

     U(X-Z) =     0.000     0.000     1.000 A/SEC
  OMGA(X-Z) =     0.000     0.000     0.000 RAD/S

 FTOTH(X-Z) =    0.93640E-01   -0.30922E+00   -0.23533E+02
 TTOTH(X-Z) =   -0.24885E+01   -0.23366E+01    0.74739E+00

     U(X-Z) =     0.000     0.000     0.000 A/SEC
  OMGA(X-Z) =     1.000     0.000     0.000 RAD/S

 FTOTH(X-Z) =   -0.83821E+00   -0.15694E+01   -0.24117E+01
 TTOTH(X-Z) =   -0.35004E+05    0.13372E+03    0.47389E+03

     U(X-Z) =     0.000     0.000     0.000 A/SEC
  OMGA(X-Z) =     0.000     1.000     0.000 RAD/S

 FTOTH(X-Z) =    0.95048E+00    0.19806E+00   -0.23269E+01
 TTOTH(X-Z) =    0.13358E+03   -0.33516E+05   -0.18032E+04

     U(X-Z) =     0.000     0.000     0.000 A/SEC
  OMGA(X-Z) =     0.000     0.000     1.000 RAD/S

 FTOTH(X-Z) =    0.22915E+01   -0.11256E+01    0.76791E+00
 TTOTH(X-Z) =    0.47173E+03   -0.18092E+04   -0.31067E+05

 I,J,Ktt,Ktr,Krt,Krr=    1    1  0.2434E+02  0.8623E+00  0.8382E+00  0.3500E+05
 I,J,Ktt,Ktr,Krt,Krr=    1    2 -0.4242E-01  0.1478E+01 -0.9505E+00 -0.1336E+03
 I,J,Ktt,Ktr,Krt,Krr=    1    3 -0.9364E-01  0.2488E+01 -0.2291E+01 -0.4717E+03
 I,J,Ktt,Ktr,Krt,Krr=    2    1 -0.4226E-01 -0.9743E+00  0.1569E+01 -0.1337E+03
 I,J,Ktt,Ktr,Krt,Krr=    2    2  0.2393E+02 -0.2098E+00 -0.1981E+00  0.3352E+05
 I,J,Ktt,Ktr,Krt,Krr=    2    3  0.3092E+00  0.2337E+01  0.1126E+01  0.1809E+04
 I,J,Ktt,Ktr,Krt,Krr=    3    1 -0.9367E-01 -0.2345E+01  0.2412E+01 -0.4739E+03
 I,J,Ktt,Ktr,Krt,Krr=    3    2  0.3095E+00  0.1067E+01  0.2327E+01  0.1803E+04
 I,J,Ktt,Ktr,Krt,Krr=    3    3  0.2353E+02 -0.7474E+00 -0.7679E+00  0.3107E+05
  
  Friction Tensors in Center of Resistance
  
  Ktt Tensor (A)
    0.24335E+02   -0.42415E-01   -0.93640E-01
   -0.42256E-01    0.23929E+02    0.30922E+00
   -0.93669E-01    0.30954E+00    0.23533E+02
  
  Symmetric Krt Tensor (A^2)
    0.85024E+00   -0.96238E+00   -0.23181E+01
    0.15235E+01   -0.20393E+00    0.10961E+01
    0.24501E+01    0.23317E+01   -0.75765E+00
  
  Krr Tensor (A^3)
    0.35004E+05   -0.13358E+03   -0.47173E+03
   -0.13372E+03    0.33516E+05    0.18092E+04
   -0.47389E+03    0.18032E+04    0.31067E+05
  
 Raw Dtt tensor (no rot/trans coupling correction)
    0.41093E-01    0.70737E-04    0.16259E-03
    0.70465E-04    0.41798E-01   -0.54894E-03
    0.16264E-03   -0.54950E-03    0.42502E-01
  
 Raw Drr tensor (no rot/trans coupling correction)
    0.28574E-04    0.90823E-07    0.42859E-06
    0.90760E-07    0.29930E-04   -0.17416E-05
    0.43060E-06   -0.17359E-05    0.32296E-04
  
 Raw Dtt tensor, before CD transformation
    0.41093E-01    0.70738E-04    0.16246E-03
    0.70465E-04    0.41798E-01   -0.54895E-03
    0.16264E-03   -0.54950E-03    0.42502E-01
  
 Program finished at:                
 Elapsed time CPU_TIME:   253.56800000000001     
