 BEST ver.3.90 SFSU/ARAGON
  
 control gtensor value=   1.0000000000000000     
 true area (A^2)=    18979.671999999999     
 total area (A^2) =    17045.223338699332     
 centroid coords =    3.5285108496731947        1.5763718954248336        15.605149411764703     
  
 first few rows of gr matrix
   12.196830533702519        2.3998635862691664      -0.47160130744056650        2.1263342206980740       0.23231424693281560     
   2.3998635862691655        12.330200380295326       0.48718440347260161       0.23231424693281560        1.8791046532976732     
 -0.47160130744056639       0.48718440347260250        14.538867786906767      -0.64327921145994316      -0.32243370295466289     
   3.3408498928467498       0.36984189911866733      -0.96241200111006742        10.048782007310290        2.0622740551203540     
  0.36984189911866733        2.9495190107035900      -0.45338400308418153        2.0622740551203540        10.567701363903458     
 -0.96241200111006742      -0.45338400308418153        4.5231674397632320      -0.78455301875316730       0.37411972512336278     
   1.7174527286001402       0.13537757653625249      -0.40608399961650615        3.1093390047781178       0.18269558436183389     
  0.13537757653625249        1.6866327475179783      -0.34815123490819938       0.18269558436183389        2.9949119745090558     
 -0.40608399961650615      -0.34815123490819938        2.8557534674274780       0.32251956362083667      -0.32527006816124976     
 first few columns of gr matrix
   12.196830533702519        2.3998635862691655      -0.47160130744056639        3.3408498928467498       0.36984189911866733     
   2.3998635862691664        12.330200380295326       0.48718440347260250       0.36984189911866733        2.9495190107035900     
 -0.47160130744056650       0.48718440347260161        14.538867786906767      -0.96241200111006742      -0.45338400308418153     
   2.1263342206980740       0.23231424693281560      -0.64327921145994316        10.048782007310290        2.0622740551203540     
  0.23231424693281560        1.8791046532976732      -0.32243370295466289        2.0622740551203540        10.567701363903458     
 -0.64327921145994316      -0.32243370295466289        2.8978798133681356      -0.78455301875316663       0.37411972512336322     
   1.9490950414062047       0.11549765289227140      -0.45419954680832442        4.6340201386519615       0.40379973845718292     
  0.11549765289227140        1.8751680257586802      -0.30683613406847848       0.40379973845718292        4.6680563088957019     
 -0.45419954680832442      -0.30683613406847848        3.2909322856838701       0.16848326152391715      -0.14101250605767232     
  
 about to enter dgetrf
 Just out of dgetrf:                 
  
  **** TRANSLATION/ROTATION FLOWS ****
     U(X-Z) =     1.000     0.000     0.000 A/SEC
  OMGA(X-Z) =     0.000     0.000     0.000 RAD/S

 FTOTH(X-Z) =   -0.24154E+02    0.39941E-01    0.86313E-01
 TTOTH(X-Z) =   -0.17100E+01    0.43265E+01    0.36818E+01

     U(X-Z) =     0.000     1.000     0.000 A/SEC
  OMGA(X-Z) =     0.000     0.000     0.000 RAD/S

 FTOTH(X-Z) =    0.39719E-01   -0.23784E+02   -0.31403E+00
 TTOTH(X-Z) =   -0.61698E+01    0.17997E+00   -0.47729E+01

     U(X-Z) =     0.000     0.000     1.000 A/SEC
  OMGA(X-Z) =     0.000     0.000     0.000 RAD/S

 FTOTH(X-Z) =    0.86459E-01   -0.31393E+00   -0.23383E+02
 TTOTH(X-Z) =   -0.11264E+01    0.13758E+01    0.36229E+00

     U(X-Z) =     0.000     0.000     0.000 A/SEC
  OMGA(X-Z) =     1.000     0.000     0.000 RAD/S

 FTOTH(X-Z) =   -0.68277E+00   -0.62710E+01   -0.14376E+01
 TTOTH(X-Z) =   -0.34385E+05    0.15433E+03    0.48514E+03

     U(X-Z) =     0.000     0.000     0.000 A/SEC
  OMGA(X-Z) =     0.000     1.000     0.000 RAD/S

 FTOTH(X-Z) =    0.55104E+01   -0.99997E-01    0.11050E+01
 TTOTH(X-Z) =    0.13894E+03   -0.32882E+05   -0.18118E+04

     U(X-Z) =     0.000     0.000     0.000 A/SEC
  OMGA(X-Z) =     0.000     0.000     1.000 RAD/S

 FTOTH(X-Z) =    0.17777E+01   -0.44959E+01    0.86979E+00
 TTOTH(X-Z) =    0.49115E+03   -0.18204E+04   -0.30447E+05

 I,J,Ktt,Ktr,Krt,Krr=    1    1  0.2415E+02  0.1710E+01  0.6828E+00  0.3438E+05
 I,J,Ktt,Ktr,Krt,Krr=    1    2 -0.3972E-01  0.6170E+01 -0.5510E+01 -0.1389E+03
 I,J,Ktt,Ktr,Krt,Krr=    1    3 -0.8646E-01  0.1126E+01 -0.1778E+01 -0.4912E+03
 I,J,Ktt,Ktr,Krt,Krr=    2    1 -0.3994E-01 -0.4326E+01  0.6271E+01 -0.1543E+03
 I,J,Ktt,Ktr,Krt,Krr=    2    2  0.2378E+02 -0.1800E+00  0.1000E+00  0.3288E+05
 I,J,Ktt,Ktr,Krt,Krr=    2    3  0.3139E+00 -0.1376E+01  0.4496E+01  0.1820E+04
 I,J,Ktt,Ktr,Krt,Krr=    3    1 -0.8631E-01 -0.3682E+01  0.1438E+01 -0.4851E+03
 I,J,Ktt,Ktr,Krt,Krr=    3    2  0.3140E+00  0.4773E+01 -0.1105E+01  0.1812E+04
 I,J,Ktt,Ktr,Krt,Krr=    3    3  0.2338E+02 -0.3623E+00 -0.8698E+00  0.3045E+05
  
  Friction Tensors in Center of Resistance
  
  Ktt Tensor (A)
    0.24154E+02   -0.39719E-01   -0.86459E-01
   -0.39941E-01    0.23784E+02    0.31393E+00
   -0.86313E-01    0.31403E+00    0.23383E+02
  
  Symmetric Krt Tensor (A^2)
    0.11964E+01   -0.49184E+01   -0.27297E+01
    0.62204E+01   -0.39987E-01    0.46344E+01
    0.12820E+01   -0.12404E+01   -0.61604E+00
  
  Krr Tensor (A^3)
    0.34385E+05   -0.13894E+03   -0.49115E+03
   -0.15433E+03    0.32882E+05    0.18204E+04
   -0.48514E+03    0.18118E+04    0.30447E+05
  
 Raw Dtt tensor (no rot/trans coupling correction)
    0.41402E-01    0.67130E-04    0.15218E-03
    0.67520E-04    0.42052E-01   -0.56432E-03
    0.15192E-03   -0.56450E-03    0.42774E-01
  
 Raw Drr tensor (no rot/trans coupling correction)
    0.29090E-04    0.97382E-07    0.46343E-06
    0.11124E-06    0.30513E-04   -0.18225E-05
    0.45689E-06   -0.18142E-05    0.32960E-04
  
 Raw Dtt tensor, before CD transformation
    0.41402E-01    0.67113E-04    0.15352E-03
    0.67523E-04    0.42052E-01   -0.56358E-03
    0.15192E-03   -0.56452E-03    0.42775E-01
  
 Program finished at:                
 Elapsed time CPU_TIME:   57.664000000000001     
