 BEST ver.3.90 SFSU/ARAGON
  
 control gtensor value=   1.0000000000000000     
 true area (A^2)=    18979.671999999999     
 total area (A^2) =    17276.379587647523     
 centroid coords =    3.6576092428087952        1.4332505287648067        15.541324238578676     
  
 first few rows of gr matrix
   12.114959562428503        2.3837545518614078      -0.46843569347326752        2.0978840792797264       0.22920590530226062     
   2.3837545518614078        12.247434166700033       0.48391418829730470       0.22920590530226062        1.8539624190214847     
 -0.46843569347326841       0.48391418829730415        14.441275939282949      -0.63467219927945073      -0.31811957192215556     
   3.2961496519419220       0.36489345111366239      -0.94953502379020527        9.9813297670921486        2.0484310834188655     
  0.36489345111366239        2.9100547382697557      -0.44731776999671968        2.0484310834188659        10.496765888297251     
 -0.94953502379020527      -0.44731776999671968        4.4626479071008660      -0.77928672293280554       0.37160845424983635     
   1.6944733810769741       0.13356623796125125      -0.40065063589398675        3.0677363566419031       0.18025113552542518     
  0.13356623796125125        1.6640657682912630      -0.34349300584354642       0.18025113552542518        2.9548403487123909     
 -0.40065063589398675      -0.34349300584354642        2.8175437686826044       0.31820428378104471      -0.32091798684295653     
 first few columns of gr matrix
   12.114959562428503        2.3837545518614078      -0.46843569347326841        3.2961496519419220       0.36489345111366239     
   2.3837545518614078        12.247434166700033       0.48391418829730415       0.36489345111366239        2.9100547382697557     
 -0.46843569347326752       0.48391418829730470        14.441275939282949      -0.94953502379020527      -0.44731776999671968     
   2.0978840792797264       0.22920590530226062      -0.63467219927945073        9.9813297670921486        2.0484310834188659     
  0.22920590530226062        1.8539624190214847      -0.31811957192215556        2.0484310834188655        10.496765888297251     
 -0.63467219927945073      -0.31811957192215556        2.8591064682838967      -0.77928672293280554       0.37160845424983724     
   1.9230163426644202       0.11395230572798534      -0.44812240182655666        4.5720174078502467       0.39839693792281766     
  0.11395230572798534        1.8500784631693128      -0.30273069696383514       0.39839693792281766        4.6055981775048664     
 -0.44812240182655666      -0.30273069696383514        3.2468999374223699       0.16622897216040683      -0.13912577268337295     
  
 about to enter dgetrf
 Just out of dgetrf:                 
  
  **** TRANSLATION/ROTATION FLOWS ****
     U(X-Z) =     1.000     0.000     0.000 A/SEC
  OMGA(X-Z) =     0.000     0.000     0.000 RAD/S

 FTOTH(X-Z) =   -0.24246E+02    0.46090E-01    0.93182E-01
 TTOTH(X-Z) =   -0.90790E+00    0.42187E+01    0.43515E+01

     U(X-Z) =     0.000     1.000     0.000 A/SEC
  OMGA(X-Z) =     0.000     0.000     0.000 RAD/S

 FTOTH(X-Z) =    0.46187E-01   -0.23848E+02   -0.31375E+00
 TTOTH(X-Z) =   -0.50570E+01    0.23026E+00   -0.12780E+01

     U(X-Z) =     0.000     0.000     1.000 A/SEC
  OMGA(X-Z) =     0.000     0.000     0.000 RAD/S

 FTOTH(X-Z) =    0.93284E-01   -0.31356E+00   -0.23457E+02
 TTOTH(X-Z) =   -0.41798E+01   -0.20086E+01    0.87784E+00

     U(X-Z) =     0.000     0.000     0.000 A/SEC
  OMGA(X-Z) =     1.000     0.000     0.000 RAD/S

 FTOTH(X-Z) =   -0.97467E+00   -0.49925E+01   -0.41829E+01
 TTOTH(X-Z) =   -0.34662E+05    0.11557E+03    0.45734E+03

     U(X-Z) =     0.000     0.000     0.000 A/SEC
  OMGA(X-Z) =     0.000     1.000     0.000 RAD/S

 FTOTH(X-Z) =    0.40683E+01    0.20039E+00   -0.19556E+01
 TTOTH(X-Z) =    0.11582E+03   -0.33163E+05   -0.18268E+04

     U(X-Z) =     0.000     0.000     0.000 A/SEC
  OMGA(X-Z) =     0.000     0.000     1.000 RAD/S

 FTOTH(X-Z) =    0.44508E+01   -0.13773E+01    0.91063E+00
 TTOTH(X-Z) =    0.45671E+03   -0.18294E+04   -0.30710E+05

 I,J,Ktt,Ktr,Krt,Krr=    1    1  0.2425E+02  0.9079E+00  0.9747E+00  0.3466E+05
 I,J,Ktt,Ktr,Krt,Krr=    1    2 -0.4619E-01  0.5057E+01 -0.4068E+01 -0.1158E+03
 I,J,Ktt,Ktr,Krt,Krr=    1    3 -0.9328E-01  0.4180E+01 -0.4451E+01 -0.4567E+03
 I,J,Ktt,Ktr,Krt,Krr=    2    1 -0.4609E-01 -0.4219E+01  0.4992E+01 -0.1156E+03
 I,J,Ktt,Ktr,Krt,Krr=    2    2  0.2385E+02 -0.2303E+00 -0.2004E+00  0.3316E+05
 I,J,Ktt,Ktr,Krt,Krr=    2    3  0.3136E+00  0.2009E+01  0.1377E+01  0.1829E+04
 I,J,Ktt,Ktr,Krt,Krr=    3    1 -0.9318E-01 -0.4352E+01  0.4183E+01 -0.4573E+03
 I,J,Ktt,Ktr,Krt,Krr=    3    2  0.3137E+00  0.1278E+01  0.1956E+01  0.1827E+04
 I,J,Ktt,Ktr,Krt,Krr=    3    3  0.2346E+02 -0.8778E+00 -0.9106E+00  0.3071E+05
  
  Friction Tensors in Center of Resistance
  
  Ktt Tensor (A)
    0.24246E+02   -0.46187E-01   -0.93284E-01
   -0.46090E-01    0.23848E+02    0.31356E+00
   -0.93182E-01    0.31375E+00    0.23457E+02
  
  Symmetric Krt Tensor (A^2)
    0.94129E+00   -0.41435E+01   -0.44012E+01
    0.50247E+01   -0.21532E+00    0.13277E+01
    0.41813E+01    0.19821E+01   -0.89423E+00
  
  Krr Tensor (A^3)
    0.34662E+05   -0.11582E+03   -0.45671E+03
   -0.11557E+03    0.33163E+05    0.18294E+04
   -0.45734E+03    0.18268E+04    0.30710E+05
  
 Raw Dtt tensor (no rot/trans coupling correction)
    0.41245E-01    0.77736E-04    0.16299E-03
    0.77572E-04    0.41940E-01   -0.56032E-03
    0.16281E-03   -0.56066E-03    0.42640E-01
  
 Raw Drr tensor (no rot/trans coupling correction)
    0.28856E-04    0.77391E-07    0.42453E-06
    0.77104E-07    0.30254E-04   -0.18011E-05
    0.42515E-06   -0.17985E-05    0.32676E-04
  
 Raw Dtt tensor, before CD transformation
    0.41245E-01    0.77738E-04    0.16290E-03
    0.77575E-04    0.41940E-01   -0.55953E-03
    0.16281E-03   -0.56068E-03    0.42641E-01
  
 Program finished at:                
 Elapsed time CPU_TIME:   118.67599999999999     
