 BEST ver.3.90 SFSU/ARAGON
  
 control gtensor value=   1.0000000000000000     
 true area (A^2)=    12840.455000000000     
 total area (A^2) =    11545.940389420597     
 centroid coords =    1.1823365049159520      -0.14491531874405333        1.0100399619410076     
  
 first few rows of gr matrix
   12.095768534101701       0.92730521367691399        1.5014619913221114       0.70358329044689993       -6.9062940676393722E-002
  0.92730521367691310        16.995352736043049      -0.90277482830838374       -6.9062940676393722E-002   1.3196583398956279     
   1.5014619913221119      -0.90277482830838418        16.468761250324441        1.9474202778361187E-002 -0.17236637305489008     
   1.6502241073769208      -0.16315115434892416        4.7961747642489151E-002   10.373589146689204       -1.5261025712072387     
 -0.16315115434892416        3.1130106541510272      -0.36411516720492904       -1.5261025712072387        8.3381293779349637     
   4.7961747642489151E-002 -0.36411516720492904        1.7512016581753256       0.11818268228782659       -4.2273948665504948E-002
   2.0809353937026667        2.1406599164438399E-002 -0.67922350607428350       0.47544494269128779        6.7747489587551502E-002
   2.1406599164438399E-002   1.7466056115307498       -4.8211015864558109E-002   6.7747489587551502E-002  0.65404435779033332     
 -0.67922350607428350       -4.8211015864558109E-002   2.9582506986238220       -7.1220242783271742E-002 -0.21234798264577551     
 first few columns of gr matrix
   12.095768534101701       0.92730521367691310        1.5014619913221119        1.6502241073769208      -0.16315115434892416     
  0.92730521367691399        16.995352736043049      -0.90277482830838418      -0.16315115434892416        3.1130106541510272     
   1.5014619913221114      -0.90277482830838374        16.468761250324441        4.7961747642489151E-002 -0.36411516720492904     
  0.70358329044689993       -6.9062940676393722E-002   1.9474202778361187E-002   10.373589146689204       -1.5261025712072387     
  -6.9062940676393722E-002   1.3196583398956279      -0.17236637305489008       -1.5261025712072387        8.3381293779349637     
   1.9474202778361187E-002 -0.17236637305489008       0.74875192597747253       0.11818268228782659       -4.2273948665505004E-002
   1.5055805739071595        4.6051279972934192E-002 -0.48427441153720185       0.78298956211416282        9.7890067587839233E-002
   4.6051279972934192E-002   1.2834992404265115       -9.9200931005164597E-002   9.7890067587839233E-002   1.0793386420338937     
 -0.48427441153720185       -9.9200931005164597E-002   2.1936027856403841      -0.10840758048531991      -0.35318910477750765     
  
 about to enter dgetrf
 Just out of dgetrf:                 
  
  **** TRANSLATION/ROTATION FLOWS ****
     U(X-Z) =     1.000     0.000     0.000 A/SEC
  OMGA(X-Z) =     0.000     0.000     0.000 RAD/S

 FTOTH(X-Z) =   -0.19007E+02   -0.40531E+00   -0.15043E-02
 TTOTH(X-Z) =   -0.12092E+00    0.11257E+02   -0.18277E+01

     U(X-Z) =     0.000     1.000     0.000 A/SEC
  OMGA(X-Z) =     0.000     0.000     0.000 RAD/S

 FTOTH(X-Z) =   -0.40563E+00   -0.21272E+02    0.15811E+00
 TTOTH(X-Z) =   -0.49518E+01   -0.83254E+01   -0.64791E+01

     U(X-Z) =     0.000     0.000     1.000 A/SEC
  OMGA(X-Z) =     0.000     0.000     0.000 RAD/S

 FTOTH(X-Z) =   -0.15649E-02    0.15828E+00   -0.21959E+02
 TTOTH(X-Z) =    0.67303E+01    0.16895E+02    0.86127E+01

     U(X-Z) =     0.000     0.000     0.000 A/SEC
  OMGA(X-Z) =     1.000     0.000     0.000 RAD/S

 FTOTH(X-Z) =   -0.11483E+00   -0.50405E+01    0.67608E+01
 TTOTH(X-Z) =   -0.15045E+05   -0.19929E+04   -0.79019E+02

     U(X-Z) =     0.000     0.000     0.000 A/SEC
  OMGA(X-Z) =     0.000     1.000     0.000 RAD/S

 FTOTH(X-Z) =    0.11332E+02   -0.85829E+01    0.16968E+02
 TTOTH(X-Z) =   -0.20049E+04   -0.29368E+05    0.76182E+02

     U(X-Z) =     0.000     0.000     0.000 A/SEC
  OMGA(X-Z) =     0.000     0.000     1.000 RAD/S

 FTOTH(X-Z) =   -0.17750E+01   -0.63235E+01    0.85923E+01
 TTOTH(X-Z) =   -0.74464E+02    0.73252E+02   -0.30012E+05

 I,J,Ktt,Ktr,Krt,Krr=    1    1  0.1901E+02  0.1209E+00  0.1148E+00  0.1504E+05
 I,J,Ktt,Ktr,Krt,Krr=    1    2  0.4056E+00  0.4952E+01 -0.1133E+02  0.2005E+04
 I,J,Ktt,Ktr,Krt,Krr=    1    3  0.1565E-02 -0.6730E+01  0.1775E+01  0.7446E+02
 I,J,Ktt,Ktr,Krt,Krr=    2    1  0.4053E+00 -0.1126E+02  0.5040E+01  0.1993E+04
 I,J,Ktt,Ktr,Krt,Krr=    2    2  0.2127E+02  0.8325E+01  0.8583E+01  0.2937E+05
 I,J,Ktt,Ktr,Krt,Krr=    2    3 -0.1583E+00 -0.1690E+02  0.6324E+01 -0.7325E+02
 I,J,Ktt,Ktr,Krt,Krr=    3    1  0.1504E-02  0.1828E+01 -0.6761E+01  0.7902E+02
 I,J,Ktt,Ktr,Krt,Krr=    3    2 -0.1581E+00  0.6479E+01 -0.1697E+02 -0.7618E+02
 I,J,Ktt,Ktr,Krt,Krr=    3    3  0.2196E+02 -0.8613E+01 -0.8592E+01  0.3001E+05
  
  Friction Tensors in Center of Resistance
  
  Ktt Tensor (A)
    0.19007E+02    0.40563E+00    0.15649E-02
    0.40531E+00    0.21272E+02   -0.15828E+00
    0.15043E-02   -0.15811E+00    0.21959E+02
  
  Symmetric Krt Tensor (A^2)
    0.11788E+00   -0.11294E+02    0.18013E+01
    0.49961E+01    0.84541E+01    0.64013E+01
   -0.67456E+01   -0.16932E+02   -0.86025E+01
  
  Krr Tensor (A^3)
    0.15045E+05    0.20049E+04    0.74464E+02
    0.19929E+04    0.29368E+05   -0.73252E+02
    0.79019E+02   -0.76182E+02    0.30012E+05
  
 Raw Dtt tensor (no rot/trans coupling correction)
    0.52635E-01   -0.10037E-02   -0.10986E-04
   -0.10029E-02    0.47031E-01    0.33907E-03
   -0.10827E-04    0.33869E-03    0.45542E-01
  
 Raw Drr tensor (no rot/trans coupling correction)
    0.67076E-04   -0.45796E-05   -0.17760E-06
   -0.45521E-05    0.34361E-04    0.95162E-07
   -0.18816E-06    0.99281E-07    0.33321E-04
  
 Raw Dtt tensor, before CD transformation
    0.52635E-01   -0.10037E-02   -0.40558E-05
   -0.10029E-02    0.47031E-01    0.35096E-03
   -0.10829E-04    0.33875E-03    0.45550E-01
  
 Program finished at:                
 Elapsed time CPU_TIME:   36.028000000000006     
