 BEST ver.3.90 SFSU/ARAGON
  
 control gtensor value=   1.0000000000000000     
 true area (A^2)=    12840.455000000000     
 total area (A^2) =    12031.180666470773     
 centroid coords =   0.98623744292236504      -0.31466572193355402        1.0351480081876863     
  
 first few rows of gr matrix
   7.7446817363103531       -1.3905730800049492      -0.55195313940490132        2.5459925708645739      -0.69899506958682123     
  -1.3905730800049483        7.5533572516232601      -0.64123343428965662      -0.69899506958682123        2.3908414826482454     
 -0.55195313940490109      -0.64123343428965685        8.6485154010607257       0.14267119202760145      -0.22523464399858328     
   3.1730668778046631      -0.85229495041173009       0.14487190847675899        7.3759475394491858       -1.1905084871093710     
 -0.85229495041173009        2.8327106968159006      -0.21839145262223142       -1.1905084871093710        6.2226754916884133     
  0.14487190847675899      -0.21839145262223142        2.4366839124387560      -0.40361166650340574      -0.42333071840808456     
   2.1028640704779979      -0.37597863931589603      -0.58713681954824049        1.6123806114138231       -4.6307292478975581E-002
 -0.37597863931589603        1.8743081595091682       0.40545734339885919       -4.6307292478975581E-002   1.5700984881115332     
 -0.58713681954824049       0.40545734339885919        2.3742911476822268       -8.3093175763077953E-002  -7.1220873232336890E-002
 first few columns of gr matrix
   7.7446817363103531       -1.3905730800049483      -0.55195313940490109        3.1730668778046631      -0.85229495041173009     
  -1.3905730800049492        7.5533572516232601      -0.64123343428965685      -0.85229495041173009        2.8327106968159006     
 -0.55195313940490132      -0.64123343428965662        8.6485154010607257       0.14487190847675899      -0.21839145262223142     
   2.5459925708645739      -0.69899506958682123       0.14267119202760145        7.3759475394491858       -1.1905084871093710     
 -0.69899506958682123        2.3908414826482454      -0.22523464399858328       -1.1905084871093710        6.2226754916884133     
  0.14267119202760145      -0.22523464399858328        2.0284144994425262      -0.40361166650340619      -0.42333071840808434     
  0.87653478444552269      -0.14284515914930349      -0.24513891376655295       0.89130101767846948       -1.1249976752049412E-002
 -0.14284515914930349       0.75581765402464229       0.17660215893354747       -1.1249976752049412E-002  0.84933183708615179     
 -0.24513891376655295       0.17660215893354747        1.0013782455860634       -6.1414323248961768E-002  -5.1921296772059117E-002
  
 about to enter dgetrf
 Just out of dgetrf:                 
  
  **** TRANSLATION/ROTATION FLOWS ****
     U(X-Z) =     1.000     0.000     0.000 A/SEC
  OMGA(X-Z) =     0.000     0.000     0.000 RAD/S

 FTOTH(X-Z) =   -0.19189E+02   -0.40122E+00    0.80228E-02
 TTOTH(X-Z) =   -0.26996E+00    0.12446E+02    0.15752E+01

     U(X-Z) =     0.000     1.000     0.000 A/SEC
  OMGA(X-Z) =     0.000     0.000     0.000 RAD/S

 FTOTH(X-Z) =   -0.40167E+00   -0.21442E+02    0.15868E+00
 TTOTH(X-Z) =   -0.58994E+01   -0.83876E+01   -0.92640E+01

     U(X-Z) =     0.000     0.000     1.000 A/SEC
  OMGA(X-Z) =     0.000     0.000     0.000 RAD/S

 FTOTH(X-Z) =    0.84966E-02    0.15810E+00   -0.22144E+02
 TTOTH(X-Z) =    0.30751E+01    0.19903E+02    0.85744E+01

     U(X-Z) =     0.000     0.000     0.000 A/SEC
  OMGA(X-Z) =     1.000     0.000     0.000 RAD/S

 FTOTH(X-Z) =   -0.28727E+00   -0.58612E+01    0.30386E+01
 TTOTH(X-Z) =   -0.15486E+05   -0.20221E+04   -0.36017E+02

     U(X-Z) =     0.000     0.000     0.000 A/SEC
  OMGA(X-Z) =     0.000     1.000     0.000 RAD/S

 FTOTH(X-Z) =    0.12504E+02   -0.84331E+01    0.19938E+02
 TTOTH(X-Z) =   -0.20208E+04   -0.30026E+05    0.76318E+02

     U(X-Z) =     0.000     0.000     0.000 A/SEC
  OMGA(X-Z) =     0.000     0.000     1.000 RAD/S

 FTOTH(X-Z) =    0.16514E+01   -0.92673E+01    0.85628E+01
 TTOTH(X-Z) =   -0.37275E+02    0.71306E+02   -0.30674E+05

 I,J,Ktt,Ktr,Krt,Krr=    1    1  0.1919E+02  0.2700E+00  0.2873E+00  0.1549E+05
 I,J,Ktt,Ktr,Krt,Krr=    1    2  0.4017E+00  0.5899E+01 -0.1250E+02  0.2021E+04
 I,J,Ktt,Ktr,Krt,Krr=    1    3 -0.8497E-02 -0.3075E+01 -0.1651E+01  0.3727E+02
 I,J,Ktt,Ktr,Krt,Krr=    2    1  0.4012E+00 -0.1245E+02  0.5861E+01  0.2022E+04
 I,J,Ktt,Ktr,Krt,Krr=    2    2  0.2144E+02  0.8388E+01  0.8433E+01  0.3003E+05
 I,J,Ktt,Ktr,Krt,Krr=    2    3 -0.1581E+00 -0.1990E+02  0.9267E+01 -0.7131E+02
 I,J,Ktt,Ktr,Krt,Krr=    3    1 -0.8023E-02 -0.1575E+01 -0.3039E+01  0.3602E+02
 I,J,Ktt,Ktr,Krt,Krr=    3    2 -0.1587E+00  0.9264E+01 -0.1994E+02 -0.7632E+02
 I,J,Ktt,Ktr,Krt,Krr=    3    3  0.2214E+02 -0.8574E+01 -0.8563E+01  0.3067E+05
  
  Friction Tensors in Center of Resistance
  
  Ktt Tensor (A)
    0.19189E+02    0.40167E+00   -0.84966E-02
    0.40122E+00    0.21442E+02   -0.15810E+00
   -0.80228E-02   -0.15868E+00    0.22144E+02
  
  Symmetric Krt Tensor (A^2)
    0.27861E+00   -0.12475E+02   -0.16133E+01
    0.58803E+01    0.84103E+01    0.92656E+01
   -0.30569E+01   -0.19921E+02   -0.85686E+01
  
  Krr Tensor (A^3)
    0.15486E+05    0.20208E+04    0.37275E+02
    0.20221E+04    0.30026E+05   -0.71306E+02
    0.36017E+02   -0.76318E+02    0.30674E+05
  
 Raw Dtt tensor (no rot/trans coupling correction)
    0.52133E-01   -0.97653E-03    0.13031E-04
   -0.97543E-03    0.46659E-01    0.33277E-03
    0.11898E-04    0.33400E-03    0.45162E-01
  
 Raw Drr tensor (no rot/trans coupling correction)
    0.65149E-04   -0.43848E-05   -0.89360E-07
   -0.43878E-05    0.33600E-04    0.83441E-07
   -0.87412E-07    0.88747E-07    0.32601E-04
  
 Raw Dtt tensor, before CD transformation
    0.52133E-01   -0.97648E-03    0.18904E-04
   -0.97543E-03    0.46659E-01    0.35390E-03
    0.11902E-04    0.33408E-03    0.45174E-01
  
 Program finished at:                
 Elapsed time CPU_TIME:   229.68400000000000     
