 BEST ver.3.90 SFSU/ARAGON
  
 control gtensor value=   1.0000000000000000     
 true area (A^2)=    12840.455000000000     
 total area (A^2) =    12116.239753335274     
 centroid coords =    1.0546589421314447      -0.22465658549358641       0.97544723749672546     
  
 first few rows of gr matrix
   3.7392890077713097       0.85861965914699456       -1.7254940450265321E-003  0.57122411890719649        4.6426924764808907E-003
  0.85861965914699456        4.0204268505974934       0.26884175404821020        4.6426924764808907E-003   1.0926595164297652     
  -1.7254940450265321E-003  0.26884175404821054        4.1740989216140916       -2.4365942602854146E-003 -0.13301137791494949     
  0.17862713363310057       -2.8435863856319113E-003   1.2169670533781216E-003   7.7174490385404546       -1.3856833947081095     
  -2.8435863856319113E-003  0.34315487952055379       -4.1431594096481748E-002  -1.3856833947081095        7.5267973099516583     
   1.2169670533781216E-003  -4.1431594096481748E-002  0.18823883462794849      -0.55001230135108048      -0.63897865908900564     
  0.15461554651057630       -2.6040455009502923E-002   6.4098362433573190E-003   3.1507911407215423      -0.84631162293600981     
  -2.6040455009502923E-002  0.28395273527971360       -3.1466458570143165E-002 -0.84631162293600981        2.8128243467498497     
   6.4098362433573190E-003  -3.1466458570143165E-002  0.15623414223382676       0.14385487080676740      -0.21685828904033105     
 first few columns of gr matrix
   3.7392890077713097       0.85861965914699456       -1.7254940450265321E-003  0.17862713363310057       -2.8435863856319113E-003
  0.85861965914699456        4.0204268505974934       0.26884175404821054       -2.8435863856319113E-003  0.34315487952055379     
  -1.7254940450265321E-003  0.26884175404821020        4.1740989216140916        1.2169670533781216E-003  -4.1431594096481748E-002
  0.57122411890719649        4.6426924764808907E-003  -2.4365942602854146E-003   7.7174490385404546       -1.3856833947081095     
   4.6426924764808907E-003   1.0926595164297652      -0.13301137791494949       -1.3856833947081095        7.5267973099516583     
  -2.4365942602854146E-003 -0.13301137791494949       0.60376557456563629      -0.55001230135108070      -0.63897865908900564     
  0.38751362521407551       -6.0127818328475573E-002   1.4787792536415453E-002   2.5281190550172239      -0.69408794629178450     
  -6.0127818328475573E-002  0.71341739910522739       -8.8595272929543611E-002 -0.69408794629178450        2.3740571669288513     
   1.4787792536415453E-002  -8.8595272929543611E-002  0.40031666014246470       0.14166960394723518      -0.22365343947153474     
  
 about to enter dgetrf
 Just out of dgetrf:                 
  
  **** TRANSLATION/ROTATION FLOWS ****
     U(X-Z) =     1.000     0.000     0.000 A/SEC
  OMGA(X-Z) =     0.000     0.000     0.000 RAD/S

 FTOTH(X-Z) =   -0.19227E+02   -0.40392E+00    0.72078E-02
 TTOTH(X-Z) =   -0.35439E+00    0.11569E+02   -0.33918E+00

     U(X-Z) =     0.000     1.000     0.000 A/SEC
  OMGA(X-Z) =     0.000     0.000     0.000 RAD/S

 FTOTH(X-Z) =   -0.40387E+00   -0.21476E+02    0.16410E+00
 TTOTH(X-Z) =   -0.50869E+01   -0.84270E+01   -0.80480E+01

     U(X-Z) =     0.000     0.000     1.000 A/SEC
  OMGA(X-Z) =     0.000     0.000     0.000 RAD/S

 FTOTH(X-Z) =    0.72840E-02    0.16418E+00   -0.22179E+02
 TTOTH(X-Z) =    0.52736E+01    0.18828E+02    0.86224E+01

     U(X-Z) =     0.000     0.000     0.000 A/SEC
  OMGA(X-Z) =     1.000     0.000     0.000 RAD/S

 FTOTH(X-Z) =   -0.32799E+00   -0.50104E+01    0.52346E+01
 TTOTH(X-Z) =   -0.15580E+05   -0.20399E+04   -0.28334E+02

     U(X-Z) =     0.000     0.000     0.000 A/SEC
  OMGA(X-Z) =     0.000     1.000     0.000 RAD/S

 FTOTH(X-Z) =    0.11548E+02   -0.84367E+01    0.18794E+02
 TTOTH(X-Z) =   -0.20389E+04   -0.30151E+05    0.68085E+02

     U(X-Z) =     0.000     0.000     0.000 A/SEC
  OMGA(X-Z) =     0.000     0.000     1.000 RAD/S

 FTOTH(X-Z) =   -0.33349E+00   -0.80300E+01    0.86556E+01
 TTOTH(X-Z) =   -0.30967E+02    0.66636E+02   -0.30815E+05

 I,J,Ktt,Ktr,Krt,Krr=    1    1  0.1923E+02  0.3544E+00  0.3280E+00  0.1558E+05
 I,J,Ktt,Ktr,Krt,Krr=    1    2  0.4039E+00  0.5087E+01 -0.1155E+02  0.2039E+04
 I,J,Ktt,Ktr,Krt,Krr=    1    3 -0.7284E-02 -0.5274E+01  0.3335E+00  0.3097E+02
 I,J,Ktt,Ktr,Krt,Krr=    2    1  0.4039E+00 -0.1157E+02  0.5010E+01  0.2040E+04
 I,J,Ktt,Ktr,Krt,Krr=    2    2  0.2148E+02  0.8427E+01  0.8437E+01  0.3015E+05
 I,J,Ktt,Ktr,Krt,Krr=    2    3 -0.1642E+00 -0.1883E+02  0.8030E+01 -0.6664E+02
 I,J,Ktt,Ktr,Krt,Krr=    3    1 -0.7208E-02  0.3392E+00 -0.5235E+01  0.2833E+02
 I,J,Ktt,Ktr,Krt,Krr=    3    2 -0.1641E+00  0.8048E+01 -0.1879E+02 -0.6809E+02
 I,J,Ktt,Ktr,Krt,Krr=    3    3  0.2218E+02 -0.8622E+01 -0.8656E+01  0.3081E+05
  
  Friction Tensors in Center of Resistance
  
  Ktt Tensor (A)
    0.19227E+02    0.40387E+00   -0.72840E-02
    0.40392E+00    0.21476E+02   -0.16418E+00
   -0.72078E-02   -0.16410E+00    0.22179E+02
  
  Symmetric Krt Tensor (A^2)
    0.34119E+00   -0.11558E+02    0.33633E+00
    0.50486E+01    0.84319E+01    0.80390E+01
   -0.52541E+01   -0.18811E+02   -0.86390E+01
  
  Krr Tensor (A^3)
    0.15580E+05    0.20389E+04    0.30967E+02
    0.20399E+04    0.30151E+05   -0.66636E+02
    0.28334E+02   -0.68085E+02    0.30815E+05
  
 Raw Dtt tensor (no rot/trans coupling correction)
    0.52030E-01   -0.97839E-03    0.98448E-05
   -0.97852E-03    0.46585E-01    0.34453E-03
    0.96686E-05    0.34436E-03    0.45090E-01
  
 Raw Drr tensor (no rot/trans coupling correction)
    0.64758E-04   -0.43792E-05   -0.74548E-07
   -0.43813E-05    0.33463E-04    0.76765E-07
   -0.69224E-07    0.77962E-07    0.32452E-04
  
 Raw Dtt tensor, before CD transformation
    0.52030E-01   -0.97834E-03    0.16113E-04
   -0.97852E-03    0.46585E-01    0.36059E-03
    0.96707E-05    0.34443E-03    0.45099E-01
  
 Program finished at:                
 Elapsed time CPU_TIME:   389.29199999999997     
