 BEST ver.3.90 SFSU/ARAGON
  
 control gtensor value=   1.0000000000000000     
 true area (A^2)=    12840.455000000000     
 total area (A^2) =    11924.665658567093     
 centroid coords =    1.2438989547038328      -0.24137766163375926        1.0170320363917924     
  
 first few rows of gr matrix
   2.9443009447433677       0.36755824935353154       -3.1080917177154693E-002  0.42915359966289490       -3.2695884485999090E-002
  0.36755824935353187        4.3638989164875488      -0.27675659775831579       -3.2695884485999090E-002  0.80706701910303325     
  -3.1080917177154693E-002 -0.27675659775831535        4.1067830748036682        9.4234765150549606E-003 -0.11332694454344426     
  0.15567225267572982       -9.4229811465641918E-003   2.5112809988934123E-003   7.6308803688528952       -1.2914644069892267     
  -9.4229811465641918E-003  0.29697526741126984       -4.0785175318702321E-002  -1.2914644069892272        6.4419556295268698     
   2.5112809988934123E-003  -4.0785175318702321E-002  0.16712313478790530      -0.14757258382541749      -0.50298031116065101     
  0.16667614148883614       -1.5635616837880999E-002  -1.8051564255938829E-003   1.2842315667575963       -4.3397035745387405E-002
  -1.5635616837880999E-002  0.32574819378386261        1.4179614902892265E-002  -4.3397035745387405E-002   1.2572484707935301     
  -1.8051564255938829E-003   1.4179614902892265E-002  0.16759229969453618       -2.5356610631606880E-002 -0.12134836648348701     
 first few columns of gr matrix
   2.9443009447433677       0.36755824935353187       -3.1080917177154693E-002  0.15567225267572982       -9.4229811465641918E-003
  0.36755824935353154        4.3638989164875488      -0.27675659775831535       -9.4229811465641918E-003  0.29697526741126984     
  -3.1080917177154693E-002 -0.27675659775831579        4.1067830748036682        2.5112809988934123E-003  -4.0785175318702321E-002
  0.42915359966289490       -3.2695884485999090E-002   9.4234765150549606E-003   7.6308803688528952       -1.2914644069892272     
  -3.2695884485999090E-002  0.80706701910303325      -0.11332694454344426       -1.2914644069892267        6.4419556295268698     
   9.4234765150549606E-003 -0.11332694454344426       0.45846121388016553      -0.14757258382541727      -0.50298031116065123     
  0.91089174705888432       -7.5111661184999651E-002  -3.1641444329663384E-003   2.5096364809134779       -7.4701741075939465E-002
  -7.5111661184999651E-002   1.7576582627069299        6.9074571066013543E-002  -7.4701741075939465E-002   2.3881342326330266     
  -3.1641444329663384E-003   6.9074571066013543E-002  0.91508825633144020      -0.17296700353249753      -0.20426449726290397     
  
 about to enter dgetrf
 Just out of dgetrf:                 
  
  **** TRANSLATION/ROTATION FLOWS ****
     U(X-Z) =     1.000     0.000     0.000 A/SEC
  OMGA(X-Z) =     0.000     0.000     0.000 RAD/S

 FTOTH(X-Z) =   -0.19158E+02   -0.40324E+00    0.77959E-02
 TTOTH(X-Z) =   -0.21832E+00    0.11957E+02    0.43154E+00

     U(X-Z) =     0.000     1.000     0.000 A/SEC
  OMGA(X-Z) =     0.000     0.000     0.000 RAD/S

 FTOTH(X-Z) =   -0.40380E+00   -0.21411E+02    0.16394E+00
 TTOTH(X-Z) =   -0.56341E+01   -0.85986E+01   -0.40475E+01

     U(X-Z) =     0.000     0.000     1.000 A/SEC
  OMGA(X-Z) =     0.000     0.000     0.000 RAD/S

 FTOTH(X-Z) =    0.82303E-02    0.16328E+00   -0.22112E+02
 TTOTH(X-Z) =    0.45429E+01    0.14608E+02    0.87824E+01

     U(X-Z) =     0.000     0.000     0.000 A/SEC
  OMGA(X-Z) =     1.000     0.000     0.000 RAD/S

 FTOTH(X-Z) =   -0.26613E+00   -0.55424E+01    0.44987E+01
 TTOTH(X-Z) =   -0.15420E+05   -0.20147E+04   -0.53273E+02

     U(X-Z) =     0.000     0.000     0.000 A/SEC
  OMGA(X-Z) =     0.000     1.000     0.000 RAD/S

 FTOTH(X-Z) =    0.11970E+02   -0.86355E+01    0.14611E+02
 TTOTH(X-Z) =   -0.20082E+04   -0.29908E+05    0.73092E+02

     U(X-Z) =     0.000     0.000     0.000 A/SEC
  OMGA(X-Z) =     0.000     0.000     1.000 RAD/S

 FTOTH(X-Z) =    0.44949E+00   -0.40024E+01    0.87364E+01
 TTOTH(X-Z) =   -0.52246E+02    0.71835E+02   -0.30545E+05

 I,J,Ktt,Ktr,Krt,Krr=    1    1  0.1916E+02  0.2183E+00  0.2661E+00  0.1542E+05
 I,J,Ktt,Ktr,Krt,Krr=    1    2  0.4038E+00  0.5634E+01 -0.1197E+02  0.2008E+04
 I,J,Ktt,Ktr,Krt,Krr=    1    3 -0.8230E-02 -0.4543E+01 -0.4495E+00  0.5225E+02
 I,J,Ktt,Ktr,Krt,Krr=    2    1  0.4032E+00 -0.1196E+02  0.5542E+01  0.2015E+04
 I,J,Ktt,Ktr,Krt,Krr=    2    2  0.2141E+02  0.8599E+01  0.8635E+01  0.2991E+05
 I,J,Ktt,Ktr,Krt,Krr=    2    3 -0.1633E+00 -0.1461E+02  0.4002E+01 -0.7184E+02
 I,J,Ktt,Ktr,Krt,Krr=    3    1 -0.7796E-02 -0.4315E+00 -0.4499E+01  0.5327E+02
 I,J,Ktt,Ktr,Krt,Krr=    3    2 -0.1639E+00  0.4048E+01 -0.1461E+02 -0.7309E+02
 I,J,Ktt,Ktr,Krt,Krr=    3    3  0.2211E+02 -0.8782E+01 -0.8736E+01  0.3054E+05
  
  Friction Tensors in Center of Resistance
  
  Ktt Tensor (A)
    0.19158E+02    0.40380E+00   -0.82303E-02
    0.40324E+00    0.21411E+02   -0.16328E+00
   -0.77959E-02   -0.16394E+00    0.22112E+02
  
  Symmetric Krt Tensor (A^2)
    0.24222E+00   -0.11963E+02   -0.44051E+00
    0.55883E+01    0.86170E+01    0.40250E+01
   -0.45208E+01   -0.14609E+02   -0.87594E+01
  
  Krr Tensor (A^3)
    0.15420E+05    0.20082E+04    0.52246E+02
    0.20147E+04    0.29908E+05   -0.71835E+02
    0.53273E+02   -0.73092E+02    0.30545E+05
  
 Raw Dtt tensor (no rot/trans coupling correction)
    0.52218E-01   -0.98473E-03    0.12165E-04
   -0.98339E-03    0.46727E-01    0.34468E-03
    0.11120E-04    0.34610E-03    0.45228E-01
  
 Raw Drr tensor (no rot/trans coupling correction)
    0.65426E-04   -0.43934E-05   -0.12224E-06
   -0.44075E-05    0.33732E-04    0.86870E-07
   -0.12466E-06    0.88381E-07    0.32739E-04
  
 Raw Dtt tensor, before CD transformation
    0.52218E-01   -0.98469E-03    0.16746E-04
   -0.98338E-03    0.46727E-01    0.35714E-03
    0.11121E-04    0.34614E-03    0.45234E-01
  
 Program finished at:                
 Elapsed time CPU_TIME:   125.77199999999999     
