 BEST ver.3.90 SFSU/ARAGON
  
 control gtensor value=   1.0000000000000000     
 true area (A^2)=    12840.455000000000     
 total area (A^2) =    11813.235245183387     
 centroid coords =    1.2229981804949146      -0.33571397379912721        1.0016784327996127     
  
 first few rows of gr matrix
   9.3345456515054295        1.1381863461711181        1.1865430636299079       0.70377762782947162        1.2930997118826769E-002
   1.1381863461711177        10.110567270522473       -1.3421069637678360        1.2930997118826769E-002   1.3768544484658229     
   1.1865430636299075       -1.3421069637678356        10.253373222999477       -4.0931598280318912E-003  -8.6540072796853620E-002
   1.0028625103439477        4.7832898337260066E-002  -9.3973352841815428E-004   6.6925637934069862       -1.0689002905248293     
   4.7832898337260066E-002   1.9389133490175088      -0.15068599769515204       -1.0689002905248293        8.5518323521083630     
  -9.3973352841815428E-004 -0.15068599769515204        1.0337171342304123      -0.17217947116063592       -2.2362940585570479E-002
  0.82485416270430945      -0.11211886592067563        1.6430602946152433E-002   3.1637304605910295      -0.83512143560195884     
 -0.11211886592067563        1.5672727156660600       -9.6851232636452844E-002 -0.83512143560195884        2.9399230142798056     
   1.6430602946152433E-002  -9.6851232636452844E-002  0.82543755640484029       0.13509169521450182      -0.11133286276811692     
 first few columns of gr matrix
   9.3345456515054295        1.1381863461711177        1.1865430636299075        1.0028625103439477        4.7832898337260066E-002
   1.1381863461711181        10.110567270522473       -1.3421069637678356        4.7832898337260066E-002   1.9389133490175088     
   1.1865430636299079       -1.3421069637678360        10.253373222999477       -9.3973352841815428E-004 -0.15068599769515204     
  0.70377762782947162        1.2930997118826769E-002  -4.0931598280318912E-003   6.6925637934069862       -1.0689002905248293     
   1.2930997118826769E-002   1.3768544484658229       -8.6540072796853620E-002  -1.0689002905248293        8.5518323521083630     
  -4.0931598280318912E-003  -8.6540072796853620E-002  0.72788160990992001      -0.17217947116063592       -2.2362940585571367E-002
  0.82383612652657889      -0.11447534760870073        1.3688394471059550E-002   4.0406322856711228       -1.1328229308626037     
 -0.11447534760870073        1.5591326872729754       -8.4309722938924470E-002  -1.1328229308626037        4.3341228668696319     
   1.3688394471059550E-002  -8.4309722938924470E-002  0.82490676459111034       -8.7930652138049070E-002   8.9599683500215493E-002
  
 about to enter dgetrf
 Just out of dgetrf:                 
  
  **** TRANSLATION/ROTATION FLOWS ****
     U(X-Z) =     1.000     0.000     0.000 A/SEC
  OMGA(X-Z) =     0.000     0.000     0.000 RAD/S

 FTOTH(X-Z) =   -0.19095E+02   -0.39514E+00    0.44333E-02
 TTOTH(X-Z) =   -0.25936E+00    0.11329E+02    0.12486E+01

     U(X-Z) =     0.000     1.000     0.000 A/SEC
  OMGA(X-Z) =     0.000     0.000     0.000 RAD/S

 FTOTH(X-Z) =   -0.39761E+00   -0.21342E+02    0.16616E+00
 TTOTH(X-Z) =   -0.49684E+01   -0.84602E+01   -0.59646E+01

     U(X-Z) =     0.000     0.000     1.000 A/SEC
  OMGA(X-Z) =     0.000     0.000     0.000 RAD/S

 FTOTH(X-Z) =    0.26338E-02    0.16473E+00   -0.22051E+02
 TTOTH(X-Z) =    0.32037E+01    0.16053E+02    0.89632E+01

     U(X-Z) =     0.000     0.000     0.000 A/SEC
  OMGA(X-Z) =     1.000     0.000     0.000 RAD/S

 FTOTH(X-Z) =   -0.34272E+00   -0.49391E+01    0.31375E+01
 TTOTH(X-Z) =   -0.15263E+05   -0.20027E+04   -0.68320E+02

     U(X-Z) =     0.000     0.000     0.000 A/SEC
  OMGA(X-Z) =     0.000     1.000     0.000 RAD/S

 FTOTH(X-Z) =    0.11208E+02   -0.84156E+01    0.16059E+02
 TTOTH(X-Z) =   -0.19985E+04   -0.29659E+05    0.84677E+02

     U(X-Z) =     0.000     0.000     0.000 A/SEC
  OMGA(X-Z) =     0.000     0.000     1.000 RAD/S

 FTOTH(X-Z) =    0.14871E+01   -0.61404E+01    0.86027E+01
 TTOTH(X-Z) =   -0.75119E+02    0.88218E+02   -0.30286E+05

 I,J,Ktt,Ktr,Krt,Krr=    1    1  0.1909E+02  0.2594E+00  0.3427E+00  0.1526E+05
 I,J,Ktt,Ktr,Krt,Krr=    1    2  0.3976E+00  0.4968E+01 -0.1121E+02  0.1999E+04
 I,J,Ktt,Ktr,Krt,Krr=    1    3 -0.2634E-02 -0.3204E+01 -0.1487E+01  0.7512E+02
 I,J,Ktt,Ktr,Krt,Krr=    2    1  0.3951E+00 -0.1133E+02  0.4939E+01  0.2003E+04
 I,J,Ktt,Ktr,Krt,Krr=    2    2  0.2134E+02  0.8460E+01  0.8416E+01  0.2966E+05
 I,J,Ktt,Ktr,Krt,Krr=    2    3 -0.1647E+00 -0.1605E+02  0.6140E+01 -0.8822E+02
 I,J,Ktt,Ktr,Krt,Krr=    3    1 -0.4433E-02 -0.1249E+01 -0.3138E+01  0.6832E+02
 I,J,Ktt,Ktr,Krt,Krr=    3    2 -0.1662E+00  0.5965E+01 -0.1606E+02 -0.8468E+02
 I,J,Ktt,Ktr,Krt,Krr=    3    3  0.2205E+02 -0.8963E+01 -0.8603E+01  0.3029E+05
  
  Friction Tensors in Center of Resistance
  
  Ktt Tensor (A)
    0.19095E+02    0.39761E+00   -0.26338E-02
    0.39514E+00    0.21342E+02   -0.16473E+00
   -0.44333E-02   -0.16616E+00    0.22051E+02
  
  Symmetric Krt Tensor (A^2)
    0.30104E+00   -0.11269E+02   -0.13679E+01
    0.49538E+01    0.84379E+01    0.60525E+01
   -0.31706E+01   -0.16056E+02   -0.87830E+01
  
  Krr Tensor (A^3)
    0.15263E+05    0.19985E+04    0.75119E+02
    0.20027E+04    0.29659E+05   -0.88218E+02
    0.68320E+02   -0.84677E+02    0.30286E+05
  
 Raw Dtt tensor (no rot/trans coupling correction)
    0.52391E-01   -0.97606E-03   -0.10340E-05
   -0.96998E-03    0.46876E-01    0.35008E-03
    0.32242E-05    0.35303E-03    0.45352E-01
  
 Raw Drr tensor (no rot/trans coupling correction)
    0.66102E-04   -0.44547E-05   -0.17693E-06
   -0.44640E-05    0.34018E-04    0.11016E-06
   -0.16159E-06    0.10516E-06    0.33019E-04
  
 Raw Dtt tensor, before CD transformation
    0.52391E-01   -0.97602E-03    0.32062E-05
   -0.96998E-03    0.46877E-01    0.36651E-03
    0.32240E-05    0.35309E-03    0.45361E-01
  
 Program finished at:                
 Elapsed time CPU_TIME:   71.280000000000001     
