 BEST ver.3.90 SFSU/ARAGON
  
 control gtensor value=   1.0000000000000000     
 true area (A^2)=    6296.1300000000001     
 total area (A^2) =    5924.0798095373239     
 centroid coords =   0.11709442176870623        1.8699363265306101       -4.5056492517006799     
  
 first few rows of gr matrix
   6.9116140726508029      -0.26847010574107499        1.1238199166474363       0.94472397630925409       0.12386908230615958     
 -0.26847010574107522        7.5752489724061354       0.66155816130427358       0.12386908230615958       0.95271259451828449     
   1.1238199166474367       0.66155816130427381        6.1878440925799261       0.26611976564348766       0.24136143493578113     
   1.0993006210182283       0.11418520082073436       0.30328939278538564        5.6013640996925602       -1.0038795026268628     
  0.11418520082073436        1.0952911283232314       0.25552497553218650       -1.0038795026268630        7.2018777982766959     
  0.30328939278538564       0.25552497553218650        1.6408641254560741       0.34565969611146741        3.6594121688526215E-002
  0.56960216905170491        2.6521154350256371E-002   7.1695274884466226E-002   1.1855420241257424      -0.10285221668191380     
   2.6521154350256371E-002  0.62377281935040430       0.16923742571147737      -0.10285221668191380        1.2835579294190911     
   7.1695274884466226E-002  0.16923742571147737        1.0322707945995331      -0.19707211945650532       0.28663923337796854     
 first few columns of gr matrix
   6.9116140726508029      -0.26847010574107522        1.1238199166474367        1.0993006210182283       0.11418520082073436     
 -0.26847010574107499        7.5752489724061354       0.66155816130427381       0.11418520082073436        1.0952911283232314     
   1.1238199166474363       0.66155816130427358        6.1878440925799261       0.30328939278538564       0.25552497553218650     
  0.94472397630925409       0.12386908230615958       0.26611976564348766        5.6013640996925602       -1.0038795026268630     
  0.12386908230615958       0.95271259451828449       0.24136143493578113       -1.0038795026268628        7.2018777982766959     
  0.26611976564348766       0.24136143493578113        1.3022569975619371       0.34565969611146763        3.6594121688526215E-002
  0.77637635377779046        4.3923437175283325E-002  0.12732734703114501        1.8156083946572867      -0.11202206220843482     
   4.3923437175283325E-002  0.84779506950937156       0.23341917035997237      -0.11202206220843482        1.9355130574919965     
  0.12732734703114501       0.23341917035997237        1.3591285163220659      -0.19619870228664771       0.33200749620332048     
  
 about to enter dgetrf
 Just out of dgetrf:                 
  
  **** TRANSLATION/ROTATION FLOWS ****
     U(X-Z) =     1.000     0.000     0.000 A/SEC
  OMGA(X-Z) =     0.000     0.000     0.000 RAD/S

 FTOTH(X-Z) =   -0.14384E+02   -0.40627E+00    0.17608E+00
 TTOTH(X-Z) =   -0.85641E+00   -0.35811E+01   -0.39439E+01

     U(X-Z) =     0.000     1.000     0.000 A/SEC
  OMGA(X-Z) =     0.000     0.000     0.000 RAD/S

 FTOTH(X-Z) =   -0.40616E+00   -0.14960E+02   -0.36153E-01
 TTOTH(X-Z) =    0.59885E+00   -0.50168E+00    0.90478E+00

     U(X-Z) =     0.000     0.000     1.000 A/SEC
  OMGA(X-Z) =     0.000     0.000     0.000 RAD/S

 FTOTH(X-Z) =    0.17613E+00   -0.36192E-01   -0.15352E+02
 TTOTH(X-Z) =    0.23549E+01    0.18179E+01    0.13162E+01

     U(X-Z) =     0.000     0.000     0.000 A/SEC
  OMGA(X-Z) =     1.000     0.000     0.000 RAD/S

 FTOTH(X-Z) =   -0.87323E+00    0.54383E+00    0.23882E+01
 TTOTH(X-Z) =   -0.71793E+04   -0.89324E+03    0.24153E+03

     U(X-Z) =     0.000     0.000     0.000 A/SEC
  OMGA(X-Z) =     0.000     1.000     0.000 RAD/S

 FTOTH(X-Z) =   -0.35235E+01   -0.45289E+00    0.17922E+01
 TTOTH(X-Z) =   -0.89099E+03   -0.86312E+04   -0.15457E+03

     U(X-Z) =     0.000     0.000     0.000 A/SEC
  OMGA(X-Z) =     0.000     0.000     1.000 RAD/S

 FTOTH(X-Z) =   -0.39643E+01    0.94169E+00    0.13038E+01
 TTOTH(X-Z) =    0.24033E+03   -0.15303E+03   -0.91544E+04

 I,J,Ktt,Ktr,Krt,Krr=    1    1  0.1438E+02  0.8564E+00  0.8732E+00  0.7179E+04
 I,J,Ktt,Ktr,Krt,Krr=    1    2  0.4062E+00 -0.5988E+00  0.3524E+01  0.8910E+03
 I,J,Ktt,Ktr,Krt,Krr=    1    3 -0.1761E+00 -0.2355E+01  0.3964E+01 -0.2403E+03
 I,J,Ktt,Ktr,Krt,Krr=    2    1  0.4063E+00  0.3581E+01 -0.5438E+00  0.8932E+03
 I,J,Ktt,Ktr,Krt,Krr=    2    2  0.1496E+02  0.5017E+00  0.4529E+00  0.8631E+04
 I,J,Ktt,Ktr,Krt,Krr=    2    3  0.3619E-01 -0.1818E+01 -0.9417E+00  0.1530E+03
 I,J,Ktt,Ktr,Krt,Krr=    3    1 -0.1761E+00  0.3944E+01 -0.2388E+01 -0.2415E+03
 I,J,Ktt,Ktr,Krt,Krr=    3    2  0.3615E-01 -0.9048E+00 -0.1792E+01  0.1546E+03
 I,J,Ktt,Ktr,Krt,Krr=    3    3  0.1535E+02 -0.1316E+01 -0.1304E+01  0.9154E+04
  
  Friction Tensors in Center of Resistance
  
  Ktt Tensor (A)
    0.14384E+02    0.40616E+00   -0.17613E+00
    0.40627E+00    0.14960E+02    0.36192E-01
   -0.17608E+00    0.36153E-01    0.15352E+02
  
  Symmetric Krt Tensor (A^2)
    0.86482E+00    0.35523E+01    0.39541E+01
   -0.57134E+00    0.47728E+00   -0.92323E+00
   -0.23715E+01   -0.18050E+01   -0.13100E+01
  
  Krr Tensor (A^3)
    0.71793E+04    0.89099E+03   -0.24033E+03
    0.89324E+03    0.86312E+04    0.15303E+03
   -0.24153E+03    0.15457E+03    0.91544E+04
  
 Raw Dtt tensor (no rot/trans coupling correction)
    0.69583E-01   -0.18910E-02    0.80278E-03
   -0.18916E-02    0.66896E-01   -0.17941E-03
    0.80253E-03   -0.17923E-03    0.65148E-01
  
 Raw Drr tensor (no rot/trans coupling correction)
    0.14125E-03   -0.14652E-04    0.39530E-05
   -0.14688E-04    0.11742E-03   -0.23484E-05
    0.39746E-05   -0.23692E-05    0.10938E-03
  
 Raw Dtt tensor, before CD transformation
    0.69583E-01   -0.18910E-02    0.80664E-03
   -0.18914E-02    0.66896E-01   -0.17012E-03
    0.80266E-03   -0.17926E-03    0.65159E-01
  
 Program finished at:                
 Elapsed time CPU_TIME:   80.239999999999995     
