 BEST ver.3.90 SFSU/ARAGON
  
 control gtensor value=   1.0000000000000000     
 true area (A^2)=    6296.1300000000001     
 total area (A^2) =    6006.0899043553400     
 centroid coords =  -0.26126937984495618        1.9410741971207064       -4.6257039497969688     
  
 first few rows of gr matrix
   4.7204784227988998      -0.45421694045679906       0.69725321101750803        1.2420518358117150        4.2868996450270237E-002
 -0.45421694045679917        5.1481204634710593       0.54451660920085954        4.2868996450270237E-002   1.3025464049802722     
  0.69725321101750781       0.54451660920085909        4.5401605579950512       0.26276067911268647       0.23776747130085363     
  0.62635683947462484        1.9785183642629656E-002  0.11728983813625965        5.5629907722281740      -0.99700221413008427     
   1.9785183642629656E-002  0.64251705207241983       0.11879124283719499      -0.99700221413008383        7.1525398137798613     
  0.11728983813625965       0.11879124283719499        1.1075619680385489       0.34329168137897537        3.6343425931236351E-002
  0.30201527996669564        3.1356944140319312E-003   2.3486501332114836E-002   1.1830525130188261       -5.6677355990404563E-002
   3.1356944140319312E-003  0.31001813266458367        4.8124309794678834E-002  -5.6677355990404563E-002   1.2557672971203031     
   2.3486501332114836E-002   4.8124309794678834E-002  0.58493852455624451       -9.9251710197627713E-002  0.16285741847650623     
 first few columns of gr matrix
   4.7204784227988998      -0.45421694045679917       0.69725321101750781       0.62635683947462484        1.9785183642629656E-002
 -0.45421694045679906        5.1481204634710593       0.54451660920085909        1.9785183642629656E-002  0.64251705207241983     
  0.69725321101750803       0.54451660920085954        4.5401605579950512       0.11728983813625965       0.11879124283719499     
   1.2420518358117150        4.2868996450270237E-002  0.26276067911268647        5.5629907722281740      -0.99700221413008383     
   4.2868996450270237E-002   1.3025464049802722       0.23776747130085363      -0.99700221413008427        7.1525398137798613     
  0.26276067911268647       0.23776747130085363        2.0879363487927853       0.34329168137897514        3.6343425931236295E-002
  0.42463821823636194        6.0047440164368113E-003   4.6849306527472212E-002  0.87239888968069179       -2.1684941331285693E-002
   6.0047440164368113E-003  0.43445964425009426        6.5023176098035679E-002  -2.1684941331285693E-002  0.91001483504973479     
   4.6849306527472212E-002   6.5023176098035679E-002  0.81365478193092433       -2.5250368142472536E-002   7.8350202464258403E-002
  
 about to enter dgetrf
 Just out of dgetrf:                 
  
  **** TRANSLATION/ROTATION FLOWS ****
     U(X-Z) =     1.000     0.000     0.000 A/SEC
  OMGA(X-Z) =     0.000     0.000     0.000 RAD/S

 FTOTH(X-Z) =   -0.14443E+02   -0.40790E+00    0.17719E+00
 TTOTH(X-Z) =   -0.77800E+00   -0.55674E+01   -0.54033E+01

     U(X-Z) =     0.000     1.000     0.000 A/SEC
  OMGA(X-Z) =     0.000     0.000     0.000 RAD/S

 FTOTH(X-Z) =   -0.40786E+00   -0.15015E+02   -0.35924E-01
 TTOTH(X-Z) =    0.25899E+01   -0.48348E+00   -0.45186E+01

     U(X-Z) =     0.000     0.000     1.000 A/SEC
  OMGA(X-Z) =     0.000     0.000     0.000 RAD/S

 FTOTH(X-Z) =    0.17724E+00   -0.35914E-01   -0.15419E+02
 TTOTH(X-Z) =    0.36733E+01    0.73628E+01    0.12433E+01

     U(X-Z) =     0.000     0.000     0.000 A/SEC
  OMGA(X-Z) =     1.000     0.000     0.000 RAD/S

 FTOTH(X-Z) =   -0.79179E+00    0.25890E+01    0.37486E+01
 TTOTH(X-Z) =   -0.72713E+04   -0.90204E+03    0.24405E+03

     U(X-Z) =     0.000     0.000     0.000 A/SEC
  OMGA(X-Z) =     0.000     1.000     0.000 RAD/S

 FTOTH(X-Z) =   -0.55560E+01   -0.48438E+00    0.73731E+01
 TTOTH(X-Z) =   -0.90198E+03   -0.87299E+04   -0.15783E+03

     U(X-Z) =     0.000     0.000     0.000 A/SEC
  OMGA(X-Z) =     0.000     0.000     1.000 RAD/S

 FTOTH(X-Z) =   -0.54812E+01   -0.45611E+01    0.12499E+01
 TTOTH(X-Z) =    0.24396E+03   -0.15689E+03   -0.92781E+04

 I,J,Ktt,Ktr,Krt,Krr=    1    1  0.1444E+02  0.7780E+00  0.7918E+00  0.7271E+04
 I,J,Ktt,Ktr,Krt,Krr=    1    2  0.4079E+00 -0.2590E+01  0.5556E+01  0.9020E+03
 I,J,Ktt,Ktr,Krt,Krr=    1    3 -0.1772E+00 -0.3673E+01  0.5481E+01 -0.2440E+03
 I,J,Ktt,Ktr,Krt,Krr=    2    1  0.4079E+00  0.5567E+01 -0.2589E+01  0.9020E+03
 I,J,Ktt,Ktr,Krt,Krr=    2    2  0.1501E+02  0.4835E+00  0.4844E+00  0.8730E+04
 I,J,Ktt,Ktr,Krt,Krr=    2    3  0.3591E-01 -0.7363E+01  0.4561E+01  0.1569E+03
 I,J,Ktt,Ktr,Krt,Krr=    3    1 -0.1772E+00  0.5403E+01 -0.3749E+01 -0.2441E+03
 I,J,Ktt,Ktr,Krt,Krr=    3    2  0.3592E-01  0.4519E+01 -0.7373E+01  0.1578E+03
 I,J,Ktt,Ktr,Krt,Krr=    3    3  0.1542E+02 -0.1243E+01 -0.1250E+01  0.9278E+04
  
  Friction Tensors in Center of Resistance
  
  Ktt Tensor (A)
    0.14443E+02    0.40786E+00   -0.17724E+00
    0.40790E+00    0.15015E+02    0.35914E-01
   -0.17719E+00    0.35924E-01    0.15419E+02
  
  Symmetric Krt Tensor (A^2)
    0.78489E+00    0.55617E+01    0.54422E+01
   -0.25895E+01    0.48393E+00    0.45399E+01
   -0.37110E+01   -0.73679E+01   -0.12466E+01
  
  Krr Tensor (A^3)
    0.72713E+04    0.90198E+03   -0.24396E+03
    0.90204E+03    0.87299E+04    0.15689E+03
   -0.24405E+03    0.15783E+03    0.92781E+04
  
 Raw Dtt tensor (no rot/trans coupling correction)
    0.69302E-01   -0.18844E-02    0.80101E-03
   -0.18846E-02    0.66652E-01   -0.17691E-03
    0.80080E-03   -0.17695E-03    0.64866E-01
  
 Raw Drr tensor (no rot/trans coupling correction)
    0.13945E-03   -0.14479E-04    0.39116E-05
   -0.14480E-04    0.11609E-03   -0.23437E-05
    0.39145E-05   -0.23556E-05    0.10792E-03
  
 Raw Dtt tensor, before CD transformation
    0.69302E-01   -0.18844E-02    0.79996E-03
   -0.18843E-02    0.66652E-01   -0.15550E-03
    0.80111E-03   -0.17702E-03    0.64891E-01
  
 Program finished at:                
 Elapsed time CPU_TIME:   195.69999999999999     
