 BEST ver.3.90 SFSU/ARAGON
  
 control gtensor value=   1.0000000000000000     
 true area (A^2)=    6296.1300000000001     
 total area (A^2) =    5876.6404077441557     
 centroid coords =    7.4445439469318031E-002   1.8733955223880574       -4.2236366500829234     
  
 first few rows of gr matrix
   10.047602137350880      -0.54577972887188109        1.5321867348749527        1.0956436566811698        9.6400427180291640E-002
 -0.54577972887188020        10.621072153945294       0.84922961806329589        9.6400427180291640E-002  0.93567051308623483     
   1.5321867348749527       0.84922961806329611        8.5916955100280958       0.35473058011109365       0.15218688073465420     
   2.1269455852138770       0.14621675126861533       0.65745897171163947        5.6239272674105560       -1.0079232857452769     
  0.14621675126861533        1.8787858616730297       0.29122446078729830       -1.0079232857452762        7.2308880846560353     
  0.65745897171163947       0.29122446078729830        2.9109546380247946       0.34705206724783833        3.6741528514872779E-002
   1.1014747365433188        5.1787741844717836E-002  0.20461760135018950        1.1951123569218520      -0.10368249508827231     
   5.1787741844717836E-002   1.1246852704892627       0.24520923619704613      -0.10368249508827231        1.2939194993150933     
  0.20461760135018950       0.24520923619704613        1.9415086359488578      -0.19866299158895734       0.28895313942265149     
 first few columns of gr matrix
   10.047602137350880      -0.54577972887188020        1.5321867348749527        2.1269455852138770       0.14621675126861533     
 -0.54577972887188109        10.621072153945294       0.84922961806329611       0.14621675126861533        1.8787858616730297     
   1.5321867348749527       0.84922961806329589        8.5916955100280958       0.65745897171163947       0.29122446078729830     
   1.0956436566811698        9.6400427180291640E-002  0.35473058011109365        5.6239272674105560       -1.0079232857452762     
   9.6400427180291640E-002  0.93567051308623483       0.15218688073465420       -1.0079232857452769        7.2308880846560353     
  0.35473058011109365       0.15218688073465420        1.4071807867028578       0.34705206724783888        3.6741528514872335E-002
  0.84057470983756399        4.1637760948694882E-002  0.17616201960112388        1.8302649620422327      -0.11292636453937244     
   4.1637760948694882E-002  0.85010037633888713       0.17929572063793045      -0.11292636453937244        1.9511375597993512     
  0.17616201960112388       0.17929572063793045        1.4686450495496841      -0.19778252372598779       0.33468763926430800     
  
 about to enter dgetrf
 Just out of dgetrf:                 
  
  **** TRANSLATION/ROTATION FLOWS ****
     U(X-Z) =     1.000     0.000     0.000 A/SEC
  OMGA(X-Z) =     0.000     0.000     0.000 RAD/S

 FTOTH(X-Z) =   -0.14352E+02   -0.41376E+00    0.17913E+00
 TTOTH(X-Z) =   -0.97573E+00   -0.22383E+00   -0.44492E+01

     U(X-Z) =     0.000     1.000     0.000 A/SEC
  OMGA(X-Z) =     0.000     0.000     0.000 RAD/S

 FTOTH(X-Z) =   -0.41392E+00   -0.14925E+02   -0.32601E-01
 TTOTH(X-Z) =   -0.28712E+01   -0.43491E+00    0.62856E+00

     U(X-Z) =     0.000     0.000     1.000 A/SEC
  OMGA(X-Z) =     0.000     0.000     0.000 RAD/S

 FTOTH(X-Z) =    0.17911E+00   -0.32629E-01   -0.15318E+02
 TTOTH(X-Z) =    0.29715E+01    0.19755E+01    0.13603E+01

     U(X-Z) =     0.000     0.000     0.000 A/SEC
  OMGA(X-Z) =     1.000     0.000     0.000 RAD/S

 FTOTH(X-Z) =   -0.97162E+00   -0.30075E+01    0.29517E+01
 TTOTH(X-Z) =   -0.71317E+04   -0.90490E+03    0.24675E+03

     U(X-Z) =     0.000     0.000     0.000 A/SEC
  OMGA(X-Z) =     0.000     1.000     0.000 RAD/S

 FTOTH(X-Z) =   -0.13708E+00   -0.40989E+00    0.19386E+01
 TTOTH(X-Z) =   -0.90220E+03   -0.85647E+04   -0.15536E+03

     U(X-Z) =     0.000     0.000     0.000 A/SEC
  OMGA(X-Z) =     0.000     0.000     1.000 RAD/S

 FTOTH(X-Z) =   -0.44611E+01    0.71156E+00    0.13627E+01
 TTOTH(X-Z) =    0.24625E+03   -0.15560E+03   -0.91004E+04

 I,J,Ktt,Ktr,Krt,Krr=    1    1  0.1435E+02  0.9757E+00  0.9716E+00  0.7132E+04
 I,J,Ktt,Ktr,Krt,Krr=    1    2  0.4139E+00  0.2871E+01  0.1371E+00  0.9022E+03
 I,J,Ktt,Ktr,Krt,Krr=    1    3 -0.1791E+00 -0.2971E+01  0.4461E+01 -0.2462E+03
 I,J,Ktt,Ktr,Krt,Krr=    2    1  0.4138E+00  0.2238E+00  0.3007E+01  0.9049E+03
 I,J,Ktt,Ktr,Krt,Krr=    2    2  0.1493E+02  0.4349E+00  0.4099E+00  0.8565E+04
 I,J,Ktt,Ktr,Krt,Krr=    2    3  0.3263E-01 -0.1975E+01 -0.7116E+00  0.1556E+03
 I,J,Ktt,Ktr,Krt,Krr=    3    1 -0.1791E+00  0.4449E+01 -0.2952E+01 -0.2467E+03
 I,J,Ktt,Ktr,Krt,Krr=    3    2  0.3260E-01 -0.6286E+00 -0.1939E+01  0.1554E+03
 I,J,Ktt,Ktr,Krt,Krr=    3    3  0.1532E+02 -0.1360E+01 -0.1363E+01  0.9100E+04
  
  Friction Tensors in Center of Resistance
  
  Ktt Tensor (A)
    0.14352E+02    0.41392E+00   -0.17911E+00
    0.41376E+00    0.14925E+02    0.32629E-01
   -0.17913E+00    0.32601E-01    0.15318E+02
  
  Symmetric Krt Tensor (A^2)
    0.97368E+00    0.18046E+00    0.44551E+01
    0.29394E+01    0.42240E+00   -0.67006E+00
   -0.29616E+01   -0.19570E+01   -0.13615E+01
  
  Krr Tensor (A^3)
    0.71317E+04    0.90220E+03   -0.24625E+03
    0.90490E+03    0.85647E+04    0.15560E+03
   -0.24675E+03    0.15536E+03    0.91004E+04
  
 Raw Dtt tensor (no rot/trans coupling correction)
    0.69741E-01   -0.19359E-02    0.81958E-03
   -0.19352E-02    0.67055E-01   -0.16546E-03
    0.81966E-03   -0.16535E-03    0.65292E-01
  
 Raw Drr tensor (no rot/trans coupling correction)
    0.14227E-03   -0.15062E-04    0.41073E-05
   -0.15107E-04    0.11839E-03   -0.24331E-05
    0.41155E-05   -0.24296E-05    0.11004E-03
  
 Raw Dtt tensor, before CD transformation
    0.69741E-01   -0.19359E-02    0.82237E-03
   -0.19352E-02    0.67055E-01   -0.16421E-03
    0.81983E-03   -0.16538E-03    0.65305E-01
  
 Program finished at:                
 Elapsed time CPU_TIME:   50.963999999999999     
