 BEST ver.3.90 SFSU/ARAGON
  
 control gtensor value=   1.0000000000000000     
 true area (A^2)=    6296.1300000000001     
 total area (A^2) =    5956.8452836275383     
 centroid coords =    2.0811674774145764E-002   1.8333435255964838       -4.4296663192031627     
  
 first few rows of gr matrix
   6.8925792838520294      -0.26773073115970425        1.1207248834849395       0.93952754640478109       0.12318774360863861     
 -0.26773073115970447        7.5543865135402024       0.65973621063599608       0.12318774360863861       0.94747222342506443     
   1.1207248834849399       0.65973621063599630        6.1708025876313117       0.26465598072531116       0.24003383257812028     
   1.0932539462599742       0.11355712806395818       0.30162115729025513        5.5859377779243102       -1.0011147888984835     
  0.11355712806395818        1.0892665076763008       0.25411946698419546       -1.0011147888984835        7.1820436146252664     
  0.30162115729025513       0.25411946698419546        1.6318385945872476       0.34470773912391484        3.6493340399192609E-002
  0.56646908698843856        2.6375275423688605E-002   7.1300916871161135E-002   1.1790209807504644      -0.10228648071256137     
   2.6375275423688605E-002  0.62034177302009696       0.16830653960931780      -0.10228648071256137        1.2764977520807157     
   7.1300916871161135E-002  0.16830653960931780        1.0265928156754394      -0.19598812933816182       0.28506258165590748     
 first few columns of gr matrix
   6.8925792838520294      -0.26773073115970447        1.1207248834849399        1.0932539462599742       0.11355712806395818     
 -0.26773073115970425        7.5543865135402024       0.65973621063599630       0.11355712806395818        1.0892665076763008     
   1.1207248834849395       0.65973621063599608        6.1708025876313117       0.30162115729025513       0.25411946698419546     
  0.93952754640478109       0.12318774360863861       0.26465598072531116        5.5859377779243102       -1.0011147888984835     
  0.12318774360863861       0.94747222342506443       0.24003383257812028       -1.0011147888984835        7.1820436146252664     
  0.26465598072531116       0.24003383257812028        1.2950939664807561       0.34470773912391495        3.6493340399191665E-002
  0.77210591563599773        4.3681837440155837E-002  0.12662698623755642        1.8056216874354920      -0.11140588773989336     
   4.3681837440155837E-002  0.84313179456077270       0.23213525422409259      -0.11140588773989336        1.9248668177598980     
  0.12662698623755642       0.23213525422409259        1.3516526649164198      -0.19511951637695607       0.33018129751984870     
  
 about to enter dgetrf
 Just out of dgetrf:                 
  
  **** TRANSLATION/ROTATION FLOWS ****
     U(X-Z) =     1.000     0.000     0.000 A/SEC
  OMGA(X-Z) =     0.000     0.000     0.000 RAD/S

 FTOTH(X-Z) =   -0.14405E+02   -0.40591E+00    0.17837E+00
 TTOTH(X-Z) =   -0.85921E+00   -0.26470E+01   -0.35309E+01

     U(X-Z) =     0.000     1.000     0.000 A/SEC
  OMGA(X-Z) =     0.000     0.000     0.000 RAD/S

 FTOTH(X-Z) =   -0.40584E+00   -0.14982E+02   -0.35725E-01
 TTOTH(X-Z) =   -0.38136E+00   -0.37142E+00   -0.50088E+00

     U(X-Z) =     0.000     0.000     1.000 A/SEC
  OMGA(X-Z) =     0.000     0.000     0.000 RAD/S

 FTOTH(X-Z) =    0.17855E+00   -0.35746E-01   -0.15379E+02
 TTOTH(X-Z) =    0.19353E+01    0.32242E+01    0.11886E+01

     U(X-Z) =     0.000     0.000     0.000 A/SEC
  OMGA(X-Z) =     1.000     0.000     0.000 RAD/S

 FTOTH(X-Z) =   -0.88473E+00   -0.38222E+00    0.20030E+01
 TTOTH(X-Z) =   -0.72082E+04   -0.89156E+03    0.24993E+03

     U(X-Z) =     0.000     0.000     0.000 A/SEC
  OMGA(X-Z) =     0.000     1.000     0.000 RAD/S

 FTOTH(X-Z) =   -0.26604E+01   -0.34735E+00    0.31885E+01
 TTOTH(X-Z) =   -0.89073E+03   -0.86677E+04   -0.15379E+03

     U(X-Z) =     0.000     0.000     0.000 A/SEC
  OMGA(X-Z) =     0.000     0.000     1.000 RAD/S

 FTOTH(X-Z) =   -0.35942E+01   -0.43316E+00    0.12092E+01
 TTOTH(X-Z) =    0.24965E+03   -0.15405E+03   -0.92013E+04

 I,J,Ktt,Ktr,Krt,Krr=    1    1  0.1440E+02  0.8592E+00  0.8847E+00  0.7208E+04
 I,J,Ktt,Ktr,Krt,Krr=    1    2  0.4058E+00  0.3814E+00  0.2660E+01  0.8907E+03
 I,J,Ktt,Ktr,Krt,Krr=    1    3 -0.1785E+00 -0.1935E+01  0.3594E+01 -0.2497E+03
 I,J,Ktt,Ktr,Krt,Krr=    2    1  0.4059E+00  0.2647E+01  0.3822E+00  0.8916E+03
 I,J,Ktt,Ktr,Krt,Krr=    2    2  0.1498E+02  0.3714E+00  0.3473E+00  0.8668E+04
 I,J,Ktt,Ktr,Krt,Krr=    2    3  0.3575E-01 -0.3224E+01  0.4332E+00  0.1540E+03
 I,J,Ktt,Ktr,Krt,Krr=    3    1 -0.1784E+00  0.3531E+01 -0.2003E+01 -0.2499E+03
 I,J,Ktt,Ktr,Krt,Krr=    3    2  0.3573E-01  0.5009E+00 -0.3189E+01  0.1538E+03
 I,J,Ktt,Ktr,Krt,Krr=    3    3  0.1538E+02 -0.1189E+01 -0.1209E+01  0.9201E+04
  
  Friction Tensors in Center of Resistance
  
  Ktt Tensor (A)
    0.14405E+02    0.40584E+00   -0.17855E+00
    0.40591E+00    0.14982E+02    0.35746E-01
   -0.17837E+00    0.35725E-01    0.15379E+02
  
  Symmetric Krt Tensor (A^2)
    0.87197E+00    0.26537E+01    0.35625E+01
    0.38179E+00    0.35938E+00    0.46702E+00
   -0.19692E+01   -0.32064E+01   -0.11989E+01
  
  Krr Tensor (A^3)
    0.72082E+04    0.89073E+03   -0.24965E+03
    0.89156E+03    0.86677E+04    0.15405E+03
   -0.24993E+03    0.15379E+03    0.92013E+04
  
 Raw Dtt tensor (no rot/trans coupling correction)
    0.69484E-01   -0.18842E-02    0.81108E-03
   -0.18845E-02    0.66800E-01   -0.17714E-03
    0.81029E-03   -0.17703E-03    0.65034E-01
  
 Raw Drr tensor (no rot/trans coupling correction)
    0.14067E-03   -0.14528E-04    0.40598E-05
   -0.14541E-04    0.11691E-03   -0.23517E-05
    0.40639E-05   -0.23486E-05    0.10883E-03
  
 Raw Dtt tensor, before CD transformation
    0.69484E-01   -0.18842E-02    0.81396E-03
   -0.18844E-02    0.66800E-01   -0.16996E-03
    0.81039E-03   -0.17705E-03    0.65042E-01
  
 Program finished at:                
 Elapsed time CPU_TIME:   120.44799999999999     
