 BEST ver.3.90 SFSU/ARAGON
  
 control gtensor value=   1.0000000000000000     
 true area (A^2)=    8195.8880000000008     
 total area (A^2) =    7618.9321671218513     
 centroid coords =    1.1823766666666731      -0.23006466666666661       -3.9615771999999940     
  
 first few rows of gr matrix
   8.5250777089129670       -9.2276149879728764E-002  -1.4104442366261818        1.8498153317345827       0.24744969055063651     
  -9.2276149879727876E-002   9.7202784025505942      -0.63709649747182717       0.24744969055063651        1.1006267099901930     
  -1.4104442366261809      -0.63709649747182628        7.5610808811871273        1.1225219799943533E-002  -2.2332927733770130E-002
   2.5328703047398982       0.42915355494616042       0.10977047618277944        7.0384579745598952      -0.34872892667045896     
  0.42915355494616042        1.6594647235744182        4.5746224639893959E-005 -0.34872892667045918        7.7634471641645995     
  0.10977047618277944        4.5746224639893959E-005   1.4750059158039897        1.4397426757809746      -0.16776908910157021     
   1.9417376704380245      -0.14699628048914032       0.17078832433698016       0.76200556952312026       0.23734812527331076     
 -0.14699628048914032        2.8212852804521185      -0.69467844249024224       0.23734812527331076       0.89084862614092231     
  0.17078832433698016      -0.69467844249024224        2.2809682520349268       -8.9409985295062930E-002 -0.12913395816167597     
 first few columns of gr matrix
   8.5250777089129670       -9.2276149879727876E-002  -1.4104442366261809        2.5328703047398982       0.42915355494616042     
  -9.2276149879728764E-002   9.7202784025505942      -0.63709649747182628       0.42915355494616042        1.6594647235744182     
  -1.4104442366261818      -0.63709649747182717        7.5610808811871273       0.10977047618277944        4.5746224639893959E-005
   1.8498153317345827       0.24744969055063651        1.1225219799943533E-002   7.0384579745598952      -0.34872892667045918     
  0.24744969055063651        1.1006267099901930       -2.2332927733770130E-002 -0.34872892667045896        7.7634471641645995     
   1.1225219799943533E-002  -2.2332927733770130E-002   1.0270947082204438        1.4397426757809755      -0.16776908910157012     
   1.1994628198606534      -0.15723530873614389        2.4672629548171756E-002   1.0073314753005091       0.30151327745172257     
 -0.15723530873614389        1.9527994009687741      -0.33679182582550765       0.30151327745172257        1.4286159375518235     
   2.4672629548171756E-002 -0.33679182582550765        1.2893503046843637       -8.8820904473183609E-002 -0.13500031674227736     
  
 about to enter dgetrf
 Just out of dgetrf:                 
  
  **** TRANSLATION/ROTATION FLOWS ****
     U(X-Z) =     1.000     0.000     0.000 A/SEC
  OMGA(X-Z) =     0.000     0.000     0.000 RAD/S

 FTOTH(X-Z) =   -0.15887E+02   -0.48304E-01    0.33460E+00
 TTOTH(X-Z) =   -0.20227E+01   -0.12538E+01    0.19952E+01

     U(X-Z) =     0.000     1.000     0.000 A/SEC
  OMGA(X-Z) =     0.000     0.000     0.000 RAD/S

 FTOTH(X-Z) =   -0.48241E-01   -0.17131E+02    0.15007E+00
 TTOTH(X-Z) =    0.98717E+00    0.46395E+01    0.21285E+01

     U(X-Z) =     0.000     0.000     1.000 A/SEC
  OMGA(X-Z) =     0.000     0.000     0.000 RAD/S

 FTOTH(X-Z) =    0.33446E+00    0.15034E+00   -0.17661E+02
 TTOTH(X-Z) =   -0.39292E+01    0.16674E+01   -0.26869E+01

     U(X-Z) =     0.000     0.000     0.000 A/SEC
  OMGA(X-Z) =     1.000     0.000     0.000 RAD/S

 FTOTH(X-Z) =   -0.20195E+01    0.97371E+00   -0.38840E+01
 TTOTH(X-Z) =   -0.93204E+04   -0.10816E+03    0.84677E+03

     U(X-Z) =     0.000     0.000     0.000 A/SEC
  OMGA(X-Z) =     0.000     1.000     0.000 RAD/S

 FTOTH(X-Z) =   -0.11979E+01    0.46314E+01    0.16259E+01
 TTOTH(X-Z) =   -0.11415E+03   -0.13733E+05    0.11326E+03

     U(X-Z) =     0.000     0.000     0.000 A/SEC
  OMGA(X-Z) =     0.000     0.000     1.000 RAD/S

 FTOTH(X-Z) =    0.19984E+01    0.22388E+01   -0.26497E+01
 TTOTH(X-Z) =    0.84799E+03    0.11492E+03   -0.13977E+05

 I,J,Ktt,Ktr,Krt,Krr=    1    1  0.1589E+02  0.2023E+01  0.2020E+01  0.9320E+04
 I,J,Ktt,Ktr,Krt,Krr=    1    2  0.4824E-01 -0.9872E+00  0.1198E+01  0.1142E+03
 I,J,Ktt,Ktr,Krt,Krr=    1    3 -0.3345E+00  0.3929E+01 -0.1998E+01 -0.8480E+03
 I,J,Ktt,Ktr,Krt,Krr=    2    1  0.4830E-01  0.1254E+01 -0.9737E+00  0.1082E+03
 I,J,Ktt,Ktr,Krt,Krr=    2    2  0.1713E+02 -0.4640E+01 -0.4631E+01  0.1373E+05
 I,J,Ktt,Ktr,Krt,Krr=    2    3 -0.1503E+00 -0.1667E+01 -0.2239E+01 -0.1149E+03
 I,J,Ktt,Ktr,Krt,Krr=    3    1 -0.3346E+00 -0.1995E+01  0.3884E+01 -0.8468E+03
 I,J,Ktt,Ktr,Krt,Krr=    3    2 -0.1501E+00 -0.2129E+01 -0.1626E+01 -0.1133E+03
 I,J,Ktt,Ktr,Krt,Krr=    3    3  0.1766E+02  0.2687E+01  0.2650E+01  0.1398E+05
  
  Friction Tensors in Center of Resistance
  
  Ktt Tensor (A)
    0.15887E+02    0.48241E-01   -0.33446E+00
    0.48304E-01    0.17131E+02   -0.15034E+00
   -0.33460E+00   -0.15007E+00    0.17661E+02
  
  Symmetric Krt Tensor (A^2)
    0.20211E+01    0.12259E+01   -0.19968E+01
   -0.98044E+00   -0.46354E+01   -0.21836E+01
    0.39066E+01   -0.16466E+01    0.26683E+01
  
  Krr Tensor (A^3)
    0.93204E+04    0.11415E+03   -0.84799E+03
    0.10816E+03    0.13733E+05   -0.11492E+03
   -0.84677E+03   -0.11326E+03    0.13977E+05
  
 Raw Dtt tensor (no rot/trans coupling correction)
    0.62968E-01   -0.16688E-03    0.11910E-02
   -0.16709E-03    0.58377E-01    0.49377E-03
    0.11915E-02    0.49289E-03    0.56648E-01
  
 Raw Drr tensor (no rot/trans coupling correction)
    0.10790E-03   -0.84291E-06    0.65393E-05
   -0.79513E-06    0.72826E-04    0.55053E-06
    0.65303E-05    0.53908E-06    0.71948E-04
  
 Raw Dtt tensor, before CD transformation
    0.62968E-01   -0.16687E-03    0.11927E-02
   -0.16707E-03    0.58377E-01    0.49442E-03
    0.11916E-02    0.49292E-03    0.56652E-01
  
 Program finished at:                
 Elapsed time CPU_TIME:   58.880000000000003     
