 BEST ver.3.90 SFSU/ARAGON
  
 control gtensor value=   1.0000000000000000     
 true area (A^2)=    8195.8880000000008     
 total area (A^2) =    7733.2795078228646     
 centroid coords =    1.1177157845868202        5.9616620241409818E-002  -3.9906818012999024     
  
 first few rows of gr matrix
   6.6036445105144983      -0.11122637223320031      -0.31222567285449765        3.0425763554079941       0.70460092251189677     
 -0.11122637223319987        6.4757962390948585       0.39669009956365009       0.70460092251189677        2.5195504463791578     
 -0.31222567285449765       0.39669009956365009        4.5121123541907613       0.27148993167743635        9.3300212564576754E-002
   1.6621204009650685       0.34708072349058522       0.11395524838977553        8.4067032901574663       0.12311119592783104     
  0.34708072349058522        1.2307000254932443        8.4241683977804613E-002  0.12311119592783115        9.2755336493139886     
  0.11395524838977553        8.4241683977804613E-002   1.0026068416339939        1.2738491942731134      -0.79553548973521981     
   1.3686701625333080       0.16495857936640479      -0.17811681874862867        1.6772251069539248       0.51035777256265091     
  0.16495857936640479        1.9009141835607368      -0.38830804516478346       0.51035777256265091        1.6861365457865281     
 -0.17811681874862867      -0.38830804516478346        1.4700541660527775       -8.2589133261830233E-002 -0.11432209318700665     
 first few columns of gr matrix
   6.6036445105144983      -0.11122637223319987      -0.31222567285449765        1.6621204009650685       0.34708072349058522     
 -0.11122637223320031        6.4757962390948585       0.39669009956365009       0.34708072349058522        1.2307000254932443     
 -0.31222567285449765       0.39669009956365009        4.5121123541907613       0.11395524838977553        8.4241683977804613E-002
   3.0425763554079941       0.70460092251189677       0.27148993167743635        8.4067032901574663       0.12311119592783115     
  0.70460092251189677        2.5195504463791578        9.3300212564576754E-002  0.12311119592783104        9.2755336493139886     
  0.27148993167743635        9.3300212564576754E-002   1.9784758190932052        1.2738491942731138      -0.79553548973521981     
   1.0017508312641781       0.19848714986045007      -0.12999236343364606       0.62684205191091835       0.20872539530587650     
  0.19848714986045007        1.4891201516216135      -0.26378593664514011       0.20872539530587650       0.68460664215323297     
 -0.12999236343364606      -0.26378593664514011        1.0437757403863019       -3.0654797402535790E-002  -3.1564748796258486E-002
  
 about to enter dgetrf
 Just out of dgetrf:                 
  
  **** TRANSLATION/ROTATION FLOWS ****
     U(X-Z) =     1.000     0.000     0.000 A/SEC
  OMGA(X-Z) =     0.000     0.000     0.000 RAD/S

 FTOTH(X-Z) =   -0.15975E+02   -0.44936E-01    0.33468E+00
 TTOTH(X-Z) =   -0.21088E+01   -0.15169E+01   -0.30880E+01

     U(X-Z) =     0.000     1.000     0.000 A/SEC
  OMGA(X-Z) =     0.000     0.000     0.000 RAD/S

 FTOTH(X-Z) =   -0.45041E-01   -0.17201E+02    0.15207E+00
 TTOTH(X-Z) =    0.13517E+01    0.44520E+01    0.31308E+00

     U(X-Z) =     0.000     0.000     1.000 A/SEC
  OMGA(X-Z) =     0.000     0.000     0.000 RAD/S

 FTOTH(X-Z) =    0.33459E+00    0.15211E+00   -0.17739E+02
 TTOTH(X-Z) =    0.18478E+01    0.36649E+01   -0.24141E+01

     U(X-Z) =     0.000     0.000     0.000 A/SEC
  OMGA(X-Z) =     1.000     0.000     0.000 RAD/S

 FTOTH(X-Z) =   -0.21169E+01    0.12768E+01    0.18679E+01
 TTOTH(X-Z) =   -0.94758E+04   -0.10707E+03    0.85321E+03

     U(X-Z) =     0.000     0.000     0.000 A/SEC
  OMGA(X-Z) =     0.000     1.000     0.000 RAD/S

 FTOTH(X-Z) =   -0.14149E+01    0.44587E+01    0.35691E+01
 TTOTH(X-Z) =   -0.11108E+03   -0.13891E+05    0.12573E+03

     U(X-Z) =     0.000     0.000     0.000 A/SEC
  OMGA(X-Z) =     0.000     0.000     1.000 RAD/S

 FTOTH(X-Z) =   -0.31143E+01    0.34895E+00   -0.23717E+01
 TTOTH(X-Z) =    0.85642E+03    0.12627E+03   -0.14166E+05

 I,J,Ktt,Ktr,Krt,Krr=    1    1  0.1597E+02  0.2109E+01  0.2117E+01  0.9476E+04
 I,J,Ktt,Ktr,Krt,Krr=    1    2  0.4504E-01 -0.1352E+01  0.1415E+01  0.1111E+03
 I,J,Ktt,Ktr,Krt,Krr=    1    3 -0.3346E+00 -0.1848E+01  0.3114E+01 -0.8564E+03
 I,J,Ktt,Ktr,Krt,Krr=    2    1  0.4494E-01  0.1517E+01 -0.1277E+01  0.1071E+03
 I,J,Ktt,Ktr,Krt,Krr=    2    2  0.1720E+02 -0.4452E+01 -0.4459E+01  0.1389E+05
 I,J,Ktt,Ktr,Krt,Krr=    2    3 -0.1521E+00 -0.3665E+01 -0.3490E+00 -0.1263E+03
 I,J,Ktt,Ktr,Krt,Krr=    3    1 -0.3347E+00  0.3088E+01 -0.1868E+01 -0.8532E+03
 I,J,Ktt,Ktr,Krt,Krr=    3    2 -0.1521E+00 -0.3131E+00 -0.3569E+01 -0.1257E+03
 I,J,Ktt,Ktr,Krt,Krr=    3    3  0.1774E+02  0.2414E+01  0.2372E+01  0.1417E+05
  
  Friction Tensors in Center of Resistance
  
  Ktt Tensor (A)
    0.15975E+02    0.45041E-01   -0.33459E+00
    0.44936E-01    0.17201E+02   -0.15211E+00
   -0.33468E+00   -0.15207E+00    0.17739E+02
  
  Symmetric Krt Tensor (A^2)
    0.21129E+01    0.14659E+01    0.31011E+01
   -0.13142E+01   -0.44553E+01   -0.33102E+00
   -0.18578E+01   -0.36170E+01    0.23929E+01
  
  Krr Tensor (A^3)
    0.94758E+04    0.11108E+03   -0.85642E+03
    0.10707E+03    0.13891E+05   -0.12627E+03
   -0.85321E+03   -0.12573E+03    0.14166E+05
  
 Raw Dtt tensor (no rot/trans coupling correction)
    0.62624E-01   -0.15355E-03    0.11799E-02
   -0.15316E-03    0.58140E-01    0.49565E-03
    0.11802E-02    0.49548E-03    0.56398E-01
  
 Raw Drr tensor (no rot/trans coupling correction)
    0.10612E-03   -0.79057E-06    0.64084E-05
   -0.75995E-06    0.72003E-04    0.59585E-06
    0.63847E-05    0.59144E-06    0.70983E-04
  
 Raw Dtt tensor, before CD transformation
    0.62624E-01   -0.15354E-03    0.11814E-02
   -0.15316E-03    0.58140E-01    0.49546E-03
    0.11803E-02    0.49553E-03    0.56403E-01
  
 Program finished at:                
 Elapsed time CPU_TIME:   146.34000000000000     
