 BEST ver.3.90 SFSU/ARAGON
  
 control gtensor value=   1.0000000000000000     
 true area (A^2)=    8195.8880000000008     
 total area (A^2) =    7527.1928224760422     
 centroid coords =    1.3493403969054871       -6.1063572149344485E-002  -4.0163765556676694     
  
 first few rows of gr matrix
   7.1475063054820946        1.6629358257412935E-002   1.2200406095897525       0.76642535626652497      -0.11784530497887358     
   1.6629358257412935E-002   7.8735356977383271      -0.12949368013454443      -0.11784530497887358       0.78769045184597808     
   1.2200406095897520      -0.12949368013454418        6.0766936674345065       0.19793710751341292      -0.22800022106775161     
  0.55218132048281854       -9.0411459027270949E-002  0.15014102243769875        9.2331537350217214      -0.36676020263248466     
  -9.0411459027270949E-002  0.57868509868203410      -0.17132560860494267      -0.36676020263248466        6.7401332566331185     
  0.15014102243769875      -0.17132560860494267       0.75353994926775769        1.4524783628085403E-003   1.1815753479209588     
  0.79808128654594201       -6.7408017352622349E-002  0.16000873359487783        1.4369549195980571       0.27693951325440114     
  -6.7408017352622349E-002  0.45869972094415534       -3.0478251249324163E-002  0.27693951325440114        1.1307821960512519     
  0.16000873359487783       -3.0478251249324163E-002  0.51522688448920839      -0.34551935417583512      -0.21006709613380214     
 first few columns of gr matrix
   7.1475063054820946        1.6629358257412935E-002   1.2200406095897520       0.55218132048281854       -9.0411459027270949E-002
   1.6629358257412935E-002   7.8735356977383271      -0.12949368013454418       -9.0411459027270949E-002  0.57868509868203410     
   1.2200406095897525      -0.12949368013454443        6.0766936674345065       0.15014102243769875      -0.17132560860494267     
  0.76642535626652497      -0.11784530497887358       0.19793710751341292        9.2331537350217214      -0.36676020263248466     
 -0.11784530497887358       0.78769045184597808      -0.22800022106775161      -0.36676020263248466        6.7401332566331185     
  0.19793710751341292      -0.22800022106775161        1.0634383067206401        1.4524783628085403E-003   1.1815753479209592     
   1.7275648273845605      -0.11797648442084206       0.32029859508290648        2.2461892681205358       0.43290605581648517     
 -0.11797648442084206       0.97939643077489480       -5.8100795825661362E-002  0.43290605581648517        1.6364350131125120     
  0.32029859508290648       -5.8100795825661362E-002   1.1020841107287864      -0.45466901140419341      -0.25539503711673822     
  
 about to enter dgetrf
 Just out of dgetrf:                 
  
  **** TRANSLATION/ROTATION FLOWS ****
     U(X-Z) =     1.000     0.000     0.000 A/SEC
  OMGA(X-Z) =     0.000     0.000     0.000 RAD/S

 FTOTH(X-Z) =   -0.15850E+02   -0.38018E-01    0.33514E+00
 TTOTH(X-Z) =   -0.20250E+01   -0.12897E+01   -0.16948E+01

     U(X-Z) =     0.000     1.000     0.000 A/SEC
  OMGA(X-Z) =     0.000     0.000     0.000 RAD/S

 FTOTH(X-Z) =   -0.38094E-01   -0.17080E+02    0.15110E+00
 TTOTH(X-Z) =    0.10017E+01    0.46539E+01    0.44806E+01

     U(X-Z) =     0.000     0.000     1.000 A/SEC
  OMGA(X-Z) =     0.000     0.000     0.000 RAD/S

 FTOTH(X-Z) =    0.33505E+00    0.15117E+00   -0.17631E+02
 TTOTH(X-Z) =    0.63139E-01   -0.59012E+00   -0.26973E+01

     U(X-Z) =     0.000     0.000     0.000 A/SEC
  OMGA(X-Z) =     1.000     0.000     0.000 RAD/S

 FTOTH(X-Z) =   -0.20558E+01    0.12392E+01   -0.96891E-01
 TTOTH(X-Z) =   -0.92598E+04   -0.88360E+02    0.84521E+03

     U(X-Z) =     0.000     0.000     0.000 A/SEC
  OMGA(X-Z) =     0.000     1.000     0.000 RAD/S

 FTOTH(X-Z) =   -0.14076E+01    0.46554E+01   -0.42317E+00
 TTOTH(X-Z) =   -0.93877E+02   -0.13619E+05    0.10496E+03

     U(X-Z) =     0.000     0.000     0.000 A/SEC
  OMGA(X-Z) =     0.000     0.000     1.000 RAD/S

 FTOTH(X-Z) =   -0.14658E+01    0.43891E+01   -0.26194E+01
 TTOTH(X-Z) =    0.84541E+03    0.10641E+03   -0.13882E+05

 I,J,Ktt,Ktr,Krt,Krr=    1    1  0.1585E+02  0.2025E+01  0.2056E+01  0.9260E+04
 I,J,Ktt,Ktr,Krt,Krr=    1    2  0.3809E-01 -0.1002E+01  0.1408E+01  0.9388E+02
 I,J,Ktt,Ktr,Krt,Krr=    1    3 -0.3351E+00 -0.6314E-01  0.1466E+01 -0.8454E+03
 I,J,Ktt,Ktr,Krt,Krr=    2    1  0.3802E-01  0.1290E+01 -0.1239E+01  0.8836E+02
 I,J,Ktt,Ktr,Krt,Krr=    2    2  0.1708E+02 -0.4654E+01 -0.4655E+01  0.1362E+05
 I,J,Ktt,Ktr,Krt,Krr=    2    3 -0.1512E+00  0.5901E+00 -0.4389E+01 -0.1064E+03
 I,J,Ktt,Ktr,Krt,Krr=    3    1 -0.3351E+00  0.1695E+01  0.9689E-01 -0.8452E+03
 I,J,Ktt,Ktr,Krt,Krr=    3    2 -0.1511E+00 -0.4481E+01  0.4232E+00 -0.1050E+03
 I,J,Ktt,Ktr,Krt,Krr=    3    3  0.1763E+02  0.2697E+01  0.2619E+01  0.1388E+05
  
  Friction Tensors in Center of Resistance
  
  Ktt Tensor (A)
    0.15850E+02    0.38094E-01   -0.33505E+00
    0.38018E-01    0.17080E+02   -0.15117E+00
   -0.33514E+00   -0.15110E+00    0.17631E+02
  
  Symmetric Krt Tensor (A^2)
    0.20404E+01    0.13486E+01    0.15803E+01
   -0.11205E+01   -0.46546E+01   -0.44349E+01
    0.16876E-01    0.50664E+00    0.26583E+01
  
  Krr Tensor (A^3)
    0.92598E+04    0.93877E+02   -0.84541E+03
    0.88360E+02    0.13619E+05   -0.10641E+03
   -0.84521E+03   -0.10496E+03    0.13882E+05
  
 Raw Dtt tensor (no rot/trans coupling correction)
    0.63118E-01   -0.13017E-03    0.11984E-02
   -0.12988E-03    0.58553E-01    0.49957E-03
    0.11987E-02    0.49933E-03    0.56745E-01
  
 Raw Drr tensor (no rot/trans coupling correction)
    0.10860E-03   -0.69767E-06    0.66088E-05
   -0.65299E-06    0.73435E-04    0.52315E-06
    0.66076E-05    0.51279E-06    0.72444E-04
  
 Raw Dtt tensor, before CD transformation
    0.63118E-01   -0.13015E-03    0.12012E-02
   -0.12975E-03    0.58553E-01    0.50587E-03
    0.11988E-02    0.49939E-03    0.56753E-01
  
 Program finished at:                
 Elapsed time CPU_TIME:   32.119999999999997     
