 BEST ver.3.90 SFSU/ARAGON
  
 control gtensor value=   1.0000000000000000     
 true area (A^2)=    8195.8880000000008     
 total area (A^2) =    7794.8558595472196     
 centroid coords =   0.94862410554561705      -0.17931387895050707       -4.0705605992844358     
  
 first few rows of gr matrix
   6.5775096734022700      -0.11078617847106297      -0.31098999654131720        2.2085122762852292       0.43037272080086553     
 -0.11078617847106341        6.4501673792113134       0.39512014359166814       0.43037272080086553        1.5848245611602074     
 -0.31098999654131709       0.39512014359166803        4.4942550450607657       0.32287001579252012       0.14011186526447572     
   1.5713654292287236       0.26421583874534399       0.20823414225835096        7.0237173050548796        1.6341351287085332E-002
  0.26421583874534399        1.0738060176431807       0.10965349003652665        1.6341351287085332E-002   7.7371724582818668     
  0.20823414225835096       0.10965349003652665       0.98929616000922305        1.1989104977595764      -0.12725095483422491     
   1.3578581966879677       0.16365547027932942      -0.17670976465078353        1.2553815228145007       0.37468275294226006     
  0.16365547027932942        1.8858976954468003      -0.38524056153233410       0.37468275294226006        1.1526157644720079     
 -0.17670976465078353      -0.38524056153233410        1.4584413057236354       -2.4734660795610288E-002  -3.5059023353839980E-002
 first few columns of gr matrix
   6.5775096734022700      -0.11078617847106341      -0.31098999654131709        1.5713654292287236       0.26421583874534399     
 -0.11078617847106297        6.4501673792113134       0.39512014359166803       0.26421583874534399        1.0738060176431807     
 -0.31098999654131720       0.39512014359166814        4.4942550450607657       0.20823414225835096       0.10965349003652665     
   2.2085122762852292       0.43037272080086553       0.32287001579252012        7.0237173050548796        1.6341351287085332E-002
  0.43037272080086553        1.5848245611602074       0.14011186526447572        1.6341351287085332E-002   7.7371724582818668     
  0.32287001579252012       0.14011186526447572        1.4304197813270201        1.1989104977595764      -0.12725095483422513     
  0.99383738646961672       0.19691917801173364      -0.12896547395210856       0.65543284654214751       0.21234603249456302     
  0.19691917801173364        1.4773566773677862      -0.26170212959245348       0.21234603249456302       0.65761671867329241     
 -0.12896547395210856      -0.26170212959245348        1.0355303150353434       -4.5344611557365348E-003  -1.5609996623495606E-003
  
 about to enter dgetrf
 Just out of dgetrf:                 
  
  **** TRANSLATION/ROTATION FLOWS ****
     U(X-Z) =     1.000     0.000     0.000 A/SEC
  OMGA(X-Z) =     0.000     0.000     0.000 RAD/S

 FTOTH(X-Z) =   -0.16000E+02   -0.42315E-01    0.33536E+00
 TTOTH(X-Z) =   -0.20471E+01   -0.25180E+01    0.68681E+00

     U(X-Z) =     0.000     1.000     0.000 A/SEC
  OMGA(X-Z) =     0.000     0.000     0.000 RAD/S

 FTOTH(X-Z) =   -0.42266E-01   -0.17227E+02    0.14907E+00
 TTOTH(X-Z) =    0.24958E+01    0.45134E+01   -0.27461E+01

     U(X-Z) =     0.000     0.000     1.000 A/SEC
  OMGA(X-Z) =     0.000     0.000     0.000 RAD/S

 FTOTH(X-Z) =    0.33541E+00    0.14914E+00   -0.17767E+02
 TTOTH(X-Z) =   -0.22445E+01    0.68274E+01   -0.25202E+01

     U(X-Z) =     0.000     0.000     0.000 A/SEC
  OMGA(X-Z) =     1.000     0.000     0.000 RAD/S

 FTOTH(X-Z) =   -0.20447E+01    0.24931E+01   -0.22770E+01
 TTOTH(X-Z) =   -0.95195E+04   -0.10297E+03    0.85808E+03

     U(X-Z) =     0.000     0.000     0.000 A/SEC
  OMGA(X-Z) =     0.000     1.000     0.000 RAD/S

 FTOTH(X-Z) =   -0.25199E+01    0.45261E+01    0.68060E+01
 TTOTH(X-Z) =   -0.10428E+03   -0.13952E+05    0.12856E+03

     U(X-Z) =     0.000     0.000     0.000 A/SEC
  OMGA(X-Z) =     0.000     0.000     1.000 RAD/S

 FTOTH(X-Z) =    0.68552E+00   -0.27360E+01   -0.25099E+01
 TTOTH(X-Z) =    0.85819E+03    0.12893E+03   -0.14226E+05

 I,J,Ktt,Ktr,Krt,Krr=    1    1  0.1600E+02  0.2047E+01  0.2045E+01  0.9519E+04
 I,J,Ktt,Ktr,Krt,Krr=    1    2  0.4227E-01 -0.2496E+01  0.2520E+01  0.1043E+03
 I,J,Ktt,Ktr,Krt,Krr=    1    3 -0.3354E+00  0.2245E+01 -0.6855E+00 -0.8582E+03
 I,J,Ktt,Ktr,Krt,Krr=    2    1  0.4231E-01  0.2518E+01 -0.2493E+01  0.1030E+03
 I,J,Ktt,Ktr,Krt,Krr=    2    2  0.1723E+02 -0.4513E+01 -0.4526E+01  0.1395E+05
 I,J,Ktt,Ktr,Krt,Krr=    2    3 -0.1491E+00 -0.6827E+01  0.2736E+01 -0.1289E+03
 I,J,Ktt,Ktr,Krt,Krr=    3    1 -0.3354E+00 -0.6868E+00  0.2277E+01 -0.8581E+03
 I,J,Ktt,Ktr,Krt,Krr=    3    2 -0.1491E+00  0.2746E+01 -0.6806E+01 -0.1286E+03
 I,J,Ktt,Ktr,Krt,Krr=    3    3  0.1777E+02  0.2520E+01  0.2510E+01  0.1423E+05
  
  Friction Tensors in Center of Resistance
  
  Ktt Tensor (A)
    0.16000E+02    0.42266E-01   -0.33541E+00
    0.42315E-01    0.17227E+02   -0.14914E+00
   -0.33536E+00   -0.14907E+00    0.17767E+02
  
  Symmetric Krt Tensor (A^2)
    0.20459E+01    0.25190E+01   -0.68616E+00
   -0.24944E+01   -0.45197E+01    0.27411E+01
    0.22608E+01   -0.68167E+01    0.25151E+01
  
  Krr Tensor (A^3)
    0.95195E+04    0.10428E+03   -0.85819E+03
    0.10297E+03    0.13952E+05   -0.12893E+03
   -0.85808E+03   -0.12856E+03    0.14226E+05
  
 Raw Dtt tensor (no rot/trans coupling correction)
    0.62526E-01   -0.14320E-03    0.11792E-02
   -0.14337E-03    0.58052E-01    0.48461E-03
    0.11790E-02    0.48438E-03    0.56312E-01
  
 Raw Drr tensor (no rot/trans coupling correction)
    0.10563E-03   -0.73079E-06    0.63657E-05
   -0.72076E-06    0.71683E-04    0.60617E-06
    0.63650E-05    0.60373E-06    0.70685E-04
  
 Raw Dtt tensor, before CD transformation
    0.62525E-01   -0.14320E-03    0.11785E-02
   -0.14353E-03    0.58052E-01    0.47732E-03
    0.11791E-02    0.48440E-03    0.56315E-01
  
 Program finished at:                
 Elapsed time CPU_TIME:   266.56000000000000     
