 BEST ver.3.90 SFSU/ARAGON
  
 control gtensor value=   1.0000000000000000     
 true area (A^2)=    8195.8880000000008     
 total area (A^2) =    7631.5192897951274     
 centroid coords =    1.1373364126251020      -0.23871773158840159       -4.1317621247113143     
  
 first few rows of gr matrix
   7.0984832962329021        1.6515301529258980E-002   1.2116726474597392        1.1675534700076819       0.36796017030322425     
   1.6515301529259424E-002   7.8195330292778564      -0.12860551444323473       0.36796017030322425        1.5080378402453674     
   1.2116726474597388      -0.12860551444323495        6.0350151019137366       -9.2469457598296681E-002 -0.10500205170317231     
  0.76176685606773831       0.24165631158233353       -8.5788107777674913E-002   8.7337701226596600       0.65092900929327957     
  0.24165631158233353       0.80897974594662403       -9.9472317524526649E-002  0.65092900929327979        6.3263297304945727     
  -8.5788107777674913E-002  -9.9472317524526649E-002  0.57508146569308216      -0.50674246120917354       0.54400358224248491     
  0.62084508634839342       0.17353051787885132      -0.11770225711593153        2.9922093557543659       0.32550742702683411     
  0.17353051787885132       0.59824136317265020      -0.11256497039999575       0.32550742702683411        2.3646341799668851     
 -0.11770225711593153      -0.11256497039999575       0.51050617725862824      -0.83522167896160460      -0.29541804413209866     
 first few columns of gr matrix
   7.0984832962329021        1.6515301529259424E-002   1.2116726474597388       0.76176685606773831       0.24165631158233353     
   1.6515301529258980E-002   7.8195330292778564      -0.12860551444323495       0.24165631158233353       0.80897974594662403     
   1.2116726474597392      -0.12860551444323473        6.0350151019137366       -8.5788107777674913E-002  -9.9472317524526649E-002
   1.1675534700076819       0.36796017030322425       -9.2469457598296681E-002   8.7337701226596600       0.65092900929327979     
  0.36796017030322425        1.5080378402453674      -0.10500205170317231       0.65092900929327957        6.3263297304945727     
  -9.2469457598296681E-002 -0.10500205170317231       0.95592391596733894      -0.50674246120917310       0.54400358224248513     
  0.54332119913909627       0.15630854663570501      -0.10395712856662354        2.1058799074452694       0.21234809174095037     
  0.15630854663570501       0.53912141053600349      -0.10250503152610263       0.21234809174095037        1.5857333706344421     
 -0.10395712856662354      -0.10250503152610263       0.45714974129672453      -0.55811905859113309      -0.18342653628127342     
  
 about to enter dgetrf
 Just out of dgetrf:                 
  
  **** TRANSLATION/ROTATION FLOWS ****
     U(X-Z) =     1.000     0.000     0.000 A/SEC
  OMGA(X-Z) =     0.000     0.000     0.000 RAD/S

 FTOTH(X-Z) =   -0.15908E+02   -0.46500E-01    0.33653E+00
 TTOTH(X-Z) =   -0.19776E+01   -0.36754E+01    0.17917E+01

     U(X-Z) =     0.000     1.000     0.000 A/SEC
  OMGA(X-Z) =     0.000     0.000     0.000 RAD/S

 FTOTH(X-Z) =   -0.46542E-01   -0.17142E+02    0.15150E+00
 TTOTH(X-Z) =    0.35664E+01    0.46477E+01    0.13311E+01

     U(X-Z) =     0.000     0.000     1.000 A/SEC
  OMGA(X-Z) =     0.000     0.000     0.000 RAD/S

 FTOTH(X-Z) =    0.33657E+00    0.15166E+00   -0.17679E+02
 TTOTH(X-Z) =   -0.36890E+01    0.25350E+01   -0.27063E+01

     U(X-Z) =     0.000     0.000     0.000 A/SEC
  OMGA(X-Z) =     1.000     0.000     0.000 RAD/S

 FTOTH(X-Z) =   -0.19867E+01    0.36121E+01   -0.36979E+01
 TTOTH(X-Z) =   -0.93611E+04   -0.98949E+02    0.85414E+03

     U(X-Z) =     0.000     0.000     0.000 A/SEC
  OMGA(X-Z) =     0.000     1.000     0.000 RAD/S

 FTOTH(X-Z) =   -0.36744E+01    0.46418E+01    0.24906E+01
 TTOTH(X-Z) =   -0.10191E+03   -0.13760E+05    0.11847E+03

     U(X-Z) =     0.000     0.000     0.000 A/SEC
  OMGA(X-Z) =     0.000     0.000     1.000 RAD/S

 FTOTH(X-Z) =    0.18373E+01    0.13900E+01   -0.26876E+01
 TTOTH(X-Z) =    0.85905E+03    0.11888E+03   -0.14014E+05

 I,J,Ktt,Ktr,Krt,Krr=    1    1  0.1591E+02  0.1978E+01  0.1987E+01  0.9361E+04
 I,J,Ktt,Ktr,Krt,Krr=    1    2  0.4654E-01 -0.3566E+01  0.3674E+01  0.1019E+03
 I,J,Ktt,Ktr,Krt,Krr=    1    3 -0.3366E+00  0.3689E+01 -0.1837E+01 -0.8590E+03
 I,J,Ktt,Ktr,Krt,Krr=    2    1  0.4650E-01  0.3675E+01 -0.3612E+01  0.9895E+02
 I,J,Ktt,Ktr,Krt,Krr=    2    2  0.1714E+02 -0.4648E+01 -0.4642E+01  0.1376E+05
 I,J,Ktt,Ktr,Krt,Krr=    2    3 -0.1517E+00 -0.2535E+01 -0.1390E+01 -0.1189E+03
 I,J,Ktt,Ktr,Krt,Krr=    3    1 -0.3365E+00 -0.1792E+01  0.3698E+01 -0.8541E+03
 I,J,Ktt,Ktr,Krt,Krr=    3    2 -0.1515E+00 -0.1331E+01 -0.2491E+01 -0.1185E+03
 I,J,Ktt,Ktr,Krt,Krr=    3    3  0.1768E+02  0.2706E+01  0.2688E+01  0.1401E+05
  
  Friction Tensors in Center of Resistance
  
  Ktt Tensor (A)
    0.15908E+02    0.46542E-01   -0.33657E+00
    0.46500E-01    0.17142E+02   -0.15166E+00
   -0.33653E+00   -0.15150E+00    0.17679E+02
  
  Symmetric Krt Tensor (A^2)
    0.19822E+01    0.36749E+01   -0.18145E+01
   -0.35892E+01   -0.46448E+01   -0.13605E+01
    0.36935E+01   -0.25128E+01    0.26969E+01
  
  Krr Tensor (A^3)
    0.93611E+04    0.10191E+03   -0.85905E+03
    0.98949E+02    0.13760E+05   -0.11888E+03
   -0.85414E+03   -0.11847E+03    0.14014E+05
  
 Raw Dtt tensor (no rot/trans coupling correction)
    0.62889E-01   -0.16018E-03    0.11959E-02
   -0.16001E-03    0.58342E-01    0.49743E-03
    0.11957E-02    0.49689E-03    0.56590E-01
  
 Raw Drr tensor (no rot/trans coupling correction)
    0.10743E-03   -0.73900E-06    0.65793E-05
   -0.71602E-06    0.72682E-04    0.57266E-06
    0.65419E-05    0.56938E-06    0.71764E-04
  
 Raw Dtt tensor, before CD transformation
    0.62889E-01   -0.16016E-03    0.11983E-02
   -0.16006E-03    0.58342E-01    0.49529E-03
    0.11958E-02    0.49692E-03    0.56593E-01
  
 Program finished at:                
 Elapsed time CPU_TIME:   68.304000000000002     
