 BEST ver.3.90 SFSU/ARAGON
  
 control gtensor value=   1.0000000000000000     
 true area (A^2)=    8195.8880000000008     
 total area (A^2) =    7752.6670869281679     
 centroid coords =    1.0118362648732631        1.4582600448352254E-002  -4.0291728746335567     
  
 first few rows of gr matrix
   6.5953822685360173      -0.11108720980549518      -0.31183502734701940        3.0349675945631152       0.70283888294929253     
 -0.11108720980549606        6.4676939562651956       0.39619377521005394       0.70283888294929253        2.5132496491127134     
 -0.31183502734701929       0.39619377521005383        4.5064669618555024       0.27081099983789370        9.3066890892001611E-002
   1.6579638326002817       0.34621275703373239       0.11367027337822799        8.3961851260264346       0.12295716363711651     
  0.34621275703373239        1.2276223370240227        8.4031015533800699E-002  0.12295716363711651        9.2639284359551848     
  0.11367027337822799        8.4031015533800699E-002   1.0000995600448652        1.2722554000780413      -0.79454014440610665     
   1.3652474435196256       0.16454605713751144      -0.17767139088815778        1.6730307653068668       0.50908148898480010     
  0.16454605713751144        1.8961604486598398      -0.38733697896802244       0.50908148898480010        1.6819199187474358     
 -0.17767139088815778      -0.38733697896802244        1.4663779097252636       -8.2382597454681183E-002 -0.11403620078374688     
 first few columns of gr matrix
   6.5953822685360173      -0.11108720980549606      -0.31183502734701929        1.6579638326002817       0.34621275703373239     
 -0.11108720980549518        6.4676939562651956       0.39619377521005383       0.34621275703373239        1.2276223370240227     
 -0.31183502734701940       0.39619377521005394        4.5064669618555024       0.11367027337822799        8.4031015533800699E-002
   3.0349675945631152       0.70283888294929253       0.27081099983789370        8.3961851260264346       0.12295716363711651     
  0.70283888294929253        2.5132496491127134        9.3066890892001611E-002  0.12295716363711651        9.2639284359551848     
  0.27081099983789370        9.3066890892001611E-002   1.9735281209629345        1.2722554000780404      -0.79454014440610665     
  0.99924569035367949       0.19799078063987632      -0.12966728340623149       0.62527446881574777       0.20820342266505437     
  0.19799078063987632        1.4853962157924141      -0.26312627066745381       0.20820342266505437       0.68289460353711051     
 -0.12966728340623149      -0.26312627066745381        1.0411655051591169       -3.0578137034828159E-002  -3.1485812856231032E-002
  
 about to enter dgetrf
 Just out of dgetrf:                 
  
  **** TRANSLATION/ROTATION FLOWS ****
     U(X-Z) =     1.000     0.000     0.000 A/SEC
  OMGA(X-Z) =     0.000     0.000     0.000 RAD/S

 FTOTH(X-Z) =   -0.15985E+02   -0.42848E-01    0.33570E+00
 TTOTH(X-Z) =   -0.21061E+01   -0.21321E+01   -0.22960E+01

     U(X-Z) =     0.000     1.000     0.000 A/SEC
  OMGA(X-Z) =     0.000     0.000     0.000 RAD/S

 FTOTH(X-Z) =   -0.42963E-01   -0.17211E+02    0.15036E+00
 TTOTH(X-Z) =    0.19177E+01    0.45096E+01   -0.17358E+01

     U(X-Z) =     0.000     0.000     1.000 A/SEC
  OMGA(X-Z) =     0.000     0.000     0.000 RAD/S

 FTOTH(X-Z) =    0.33566E+00    0.15043E+00   -0.17750E+02
 TTOTH(X-Z) =    0.10102E+01    0.57272E+01   -0.24691E+01

     U(X-Z) =     0.000     0.000     0.000 A/SEC
  OMGA(X-Z) =     1.000     0.000     0.000 RAD/S

 FTOTH(X-Z) =   -0.21052E+01    0.18590E+01    0.10262E+01
 TTOTH(X-Z) =   -0.94957E+04   -0.10402E+03    0.85753E+03

     U(X-Z) =     0.000     0.000     0.000 A/SEC
  OMGA(X-Z) =     0.000     1.000     0.000 RAD/S

 FTOTH(X-Z) =   -0.20654E+01    0.45110E+01    0.56466E+01
 TTOTH(X-Z) =   -0.10766E+03   -0.13913E+05    0.12933E+03

     U(X-Z) =     0.000     0.000     0.000 A/SEC
  OMGA(X-Z) =     0.000     0.000     1.000 RAD/S

 FTOTH(X-Z) =   -0.23085E+01   -0.16921E+01   -0.24326E+01
 TTOTH(X-Z) =    0.85913E+03    0.12715E+03   -0.14188E+05

 I,J,Ktt,Ktr,Krt,Krr=    1    1  0.1598E+02  0.2106E+01  0.2105E+01  0.9496E+04
 I,J,Ktt,Ktr,Krt,Krr=    1    2  0.4296E-01 -0.1918E+01  0.2065E+01  0.1077E+03
 I,J,Ktt,Ktr,Krt,Krr=    1    3 -0.3357E+00 -0.1010E+01  0.2308E+01 -0.8591E+03
 I,J,Ktt,Ktr,Krt,Krr=    2    1  0.4285E-01  0.2132E+01 -0.1859E+01  0.1040E+03
 I,J,Ktt,Ktr,Krt,Krr=    2    2  0.1721E+02 -0.4510E+01 -0.4511E+01  0.1391E+05
 I,J,Ktt,Ktr,Krt,Krr=    2    3 -0.1504E+00 -0.5727E+01  0.1692E+01 -0.1271E+03
 I,J,Ktt,Ktr,Krt,Krr=    3    1 -0.3357E+00  0.2296E+01 -0.1026E+01 -0.8575E+03
 I,J,Ktt,Ktr,Krt,Krr=    3    2 -0.1504E+00  0.1736E+01 -0.5647E+01 -0.1293E+03
 I,J,Ktt,Ktr,Krt,Krr=    3    3  0.1775E+02  0.2469E+01  0.2433E+01  0.1419E+05
  
  Friction Tensors in Center of Resistance
  
  Ktt Tensor (A)
    0.15985E+02    0.42963E-01   -0.33566E+00
    0.42848E-01    0.17211E+02   -0.15043E+00
   -0.33570E+00   -0.15036E+00    0.17750E+02
  
  Symmetric Krt Tensor (A^2)
    0.21056E+01    0.20988E+01    0.23023E+01
   -0.18884E+01   -0.45103E+01    0.17139E+01
   -0.10182E+01   -0.56869E+01    0.24508E+01
  
  Krr Tensor (A^3)
    0.94957E+04    0.10766E+03   -0.85913E+03
    0.10402E+03    0.13913E+05   -0.12715E+03
   -0.85753E+03   -0.12933E+03    0.14188E+05
  
 Raw Dtt tensor (no rot/trans coupling correction)
    0.62585E-01   -0.14590E-03    0.11823E-02
   -0.14548E-03    0.58107E-01    0.48968E-03
    0.11824E-02    0.48947E-03    0.56363E-01
  
 Raw Drr tensor (no rot/trans coupling correction)
    0.10590E-03   -0.75990E-06    0.64058E-05
   -0.73335E-06    0.71888E-04    0.59986E-06
    0.63941E-05    0.60936E-06    0.70877E-04
  
 Raw Dtt tensor, before CD transformation
    0.62585E-01   -0.14589E-03    0.11828E-02
   -0.14555E-03    0.58107E-01    0.48615E-03
    0.11825E-02    0.48950E-03    0.56367E-01
  
 Program finished at:                
 Elapsed time CPU_TIME:   183.98000000000002     
