 BEST ver.3.90 SFSU/ARAGON
  
 control gtensor value=   1.0000000000000000     
 true area (A^2)=    8195.8880000000008     
 total area (A^2) =    7770.7857883398101     
 centroid coords =   0.97930278460279419      -0.14607698607698696       -4.0747780507780522     
  
 first few rows of gr matrix
   6.5876887415034293      -0.11095762634591556      -0.31147127114382733        3.0278911323960207       0.70120011330520826     
 -0.11095762634591466        6.4601493779124892       0.39573161435331894       0.70120011330520826        2.5073896471508155     
 -0.31147127114382722       0.39573161435331861        4.5012101588407818       0.27017956515693708        9.2849892089911901E-002
   1.6540980521692639       0.34540551234311068       0.11340523483530343        8.3863909587427745       0.12281373385188599     
  0.34540551234311068        1.2247599595017684        8.3835085170869017E-002  0.12281373385188554        9.2531220443090145     
  0.11340523483530343        8.3835085170869017E-002  0.99776768450435604        1.2707713115272443      -0.79361331168730764     
   1.3620641733258627       0.16416239440906483      -0.17725712456187132        1.6691298541616169       0.50789449248993590     
  0.16416239440906483        1.8917392786606129      -0.38643384725666657       0.50789449248993590        1.6779982812662195     
 -0.17725712456187132      -0.38643384725666657        1.4629588393472337       -8.2190510614887469E-002 -0.11377030902860216     
 first few columns of gr matrix
   6.5876887415034293      -0.11095762634591466      -0.31147127114382722        1.6540980521692639       0.34540551234311068     
 -0.11095762634591556        6.4601493779124892       0.39573161435331861       0.34540551234311068        1.2247599595017684     
 -0.31147127114382733       0.39573161435331894        4.5012101588407818       0.11340523483530343        8.3835085170869017E-002
   3.0278911323960207       0.70120011330520826       0.27017956515693708        8.3863909587427745       0.12281373385188554     
  0.70120011330520826        2.5073896471508155        9.2849892089911901E-002  0.12281373385188599        9.2531220443090145     
  0.27017956515693708        9.2849892089911901E-002   1.9689265571410632        1.2707713115272448      -0.79361331168730742     
  0.99691580573280203       0.19752913674254313      -0.12936494554042380       0.62381655172610229       0.20771796652832616     
  0.19752913674254313        1.4819328015065243      -0.26251275403456265       0.20771796652832616       0.68130233684052022     
 -0.12936494554042380      -0.26251275403456265        1.0387378784786361       -3.0506839723365840E-002  -3.1412399168428612E-002
  
 about to enter dgetrf
 Just out of dgetrf:                 
  
  **** TRANSLATION/ROTATION FLOWS ****
     U(X-Z) =     1.000     0.000     0.000 A/SEC
  OMGA(X-Z) =     0.000     0.000     0.000 RAD/S

 FTOTH(X-Z) =   -0.15989E+02   -0.42489E-01    0.33473E+00
 TTOTH(X-Z) =   -0.20636E+01   -0.28130E+01    0.18367E+00

     U(X-Z) =     0.000     1.000     0.000 A/SEC
  OMGA(X-Z) =     0.000     0.000     0.000 RAD/S

 FTOTH(X-Z) =   -0.42501E-01   -0.17217E+02    0.14900E+00
 TTOTH(X-Z) =    0.27394E+01    0.45232E+01   -0.23160E+01

     U(X-Z) =     0.000     0.000     1.000 A/SEC
  OMGA(X-Z) =     0.000     0.000     0.000 RAD/S

 FTOTH(X-Z) =    0.33477E+00    0.14905E+00   -0.17756E+02
 TTOTH(X-Z) =   -0.17524E+01    0.63390E+01   -0.25238E+01

     U(X-Z) =     0.000     0.000     0.000 A/SEC
  OMGA(X-Z) =     1.000     0.000     0.000 RAD/S

 FTOTH(X-Z) =   -0.20609E+01    0.26917E+01   -0.17607E+01
 TTOTH(X-Z) =   -0.95035E+04   -0.10391E+03    0.85703E+03

     U(X-Z) =     0.000     0.000     0.000 A/SEC
  OMGA(X-Z) =     0.000     1.000     0.000 RAD/S

 FTOTH(X-Z) =   -0.27714E+01    0.45285E+01    0.62758E+01
 TTOTH(X-Z) =   -0.10650E+03   -0.13928E+05    0.13006E+03

     U(X-Z) =     0.000     0.000     0.000 A/SEC
  OMGA(X-Z) =     0.000     0.000     1.000 RAD/S

 FTOTH(X-Z) =    0.19014E+00   -0.22714E+01   -0.24959E+01
 TTOTH(X-Z) =    0.85729E+03    0.12857E+03   -0.14202E+05

 I,J,Ktt,Ktr,Krt,Krr=    1    1  0.1599E+02  0.2064E+01  0.2061E+01  0.9503E+04
 I,J,Ktt,Ktr,Krt,Krr=    1    2  0.4250E-01 -0.2739E+01  0.2771E+01  0.1065E+03
 I,J,Ktt,Ktr,Krt,Krr=    1    3 -0.3348E+00  0.1752E+01 -0.1901E+00 -0.8573E+03
 I,J,Ktt,Ktr,Krt,Krr=    2    1  0.4249E-01  0.2813E+01 -0.2692E+01  0.1039E+03
 I,J,Ktt,Ktr,Krt,Krr=    2    2  0.1722E+02 -0.4523E+01 -0.4529E+01  0.1393E+05
 I,J,Ktt,Ktr,Krt,Krr=    2    3 -0.1490E+00 -0.6339E+01  0.2271E+01 -0.1286E+03
 I,J,Ktt,Ktr,Krt,Krr=    3    1 -0.3347E+00 -0.1837E+00  0.1761E+01 -0.8570E+03
 I,J,Ktt,Ktr,Krt,Krr=    3    2 -0.1490E+00  0.2316E+01 -0.6276E+01 -0.1301E+03
 I,J,Ktt,Ktr,Krt,Krr=    3    3  0.1776E+02  0.2524E+01  0.2496E+01  0.1420E+05
  
  Friction Tensors in Center of Resistance
  
  Ktt Tensor (A)
    0.15989E+02    0.42501E-01   -0.33477E+00
    0.42489E-01    0.17217E+02   -0.14905E+00
   -0.33473E+00   -0.14900E+00    0.17756E+02
  
  Symmetric Krt Tensor (A^2)
    0.20622E+01    0.27922E+01   -0.18691E+00
   -0.27155E+01   -0.45259E+01    0.22937E+01
    0.17566E+01   -0.63074E+01    0.25099E+01
  
  Krr Tensor (A^3)
    0.95035E+04    0.10650E+03   -0.85729E+03
    0.10391E+03    0.13928E+05   -0.12857E+03
   -0.85703E+03   -0.13006E+03    0.14202E+05
  
 Raw Dtt tensor (no rot/trans coupling correction)
    0.62568E-01   -0.14425E-03    0.11784E-02
   -0.14420E-03    0.58085E-01    0.48487E-03
    0.11783E-02    0.48471E-03    0.56346E-01
  
 Raw Drr tensor (no rot/trans coupling correction)
    0.10581E-03   -0.74950E-06    0.63802E-05
   -0.73051E-06    0.71810E-04    0.60601E-06
    0.63783E-05    0.61238E-06    0.70803E-04
  
 Raw Dtt tensor, before CD transformation
    0.62568E-01   -0.14425E-03    0.11780E-02
   -0.14433E-03    0.58085E-01    0.47870E-03
    0.11784E-02    0.48474E-03    0.56348E-01
  
 Program finished at:                
 Elapsed time CPU_TIME:   259.51200000000000     
