 BEST ver.3.90 SFSU/ARAGON
  
 control gtensor value=   1.0000000000000000     
 true area (A^2)=    7518.4110000000001     
 total area (A^2) =    7103.4889035048054     
 centroid coords =    40.902489187609561       -15.597524936684206        22.683855542567738     
  
 first few rows of gr matrix
   4.7126325764606980      -0.20730110951775682       -5.0151231127406506E-002  0.57954966277956199       0.15943103973457493     
 -0.20730110951775682        7.0202748660109062        9.0104998232002922E-002  0.15943103973457493       0.46242632090052632     
  -5.0151231127406465E-002   9.0104998232002922E-002   7.0407206463276335       -3.6508774970401940E-002  -2.3629559833303511E-002
  0.67100934047972582       0.18445892866547814       -3.9008413982707650E-002   6.2528596152947520       0.37348572003631442     
  0.18445892866547814       0.53920271701995615       -2.6201555487249787E-002  0.37348572003631431        4.9801267627290482     
  -3.9008413982707650E-002  -2.6201555487249787E-002  0.41486718583810028      -0.42997515290277122       0.89531430633077425     
  0.55992238592353982       0.15944612603696529        1.3555888067110281E-002   1.9759101005463708       0.30919715342374648     
  0.15944612603696529       0.45885772205081582        1.0460504139361098E-002  0.30919715342374648        1.6544381984966718     
   1.3555888067110281E-002   1.0460504139361098E-002  0.34303756061554469       0.34159632615519953       0.36464293617688603     
 first few columns of gr matrix
   4.7126325764606980      -0.20730110951775682       -5.0151231127406465E-002  0.67100934047972582       0.18445892866547814     
 -0.20730110951775682        7.0202748660109062        9.0104998232002922E-002  0.18445892866547814       0.53920271701995615     
  -5.0151231127406506E-002   9.0104998232002922E-002   7.0407206463276335       -3.9008413982707650E-002  -2.6201555487249787E-002
  0.57954966277956199       0.15943103973457493       -3.6508774970401940E-002   6.2528596152947520       0.37348572003631431     
  0.15943103973457493       0.46242632090052632       -2.3629559833303511E-002  0.37348572003631442        4.9801267627290482     
  -3.6508774970401940E-002  -2.3629559833303511E-002  0.35829805750102217      -0.42997515290277122       0.89531430633077447     
  0.70059955807272878       0.19451367901561795       -4.7737851239621702E-004   2.9858140613388136       0.46340129403098151     
  0.19451367901561795       0.55754550788935642        1.8590718344040724E-003  0.46340129403098151        2.3586239479312803     
  -4.7737851239621702E-004   1.8590718344040724E-003  0.42460014010651931       0.37814635691926923       0.44493578560715619     
  
 about to enter dgetrf
 Just out of dgetrf:                 
  
  **** TRANSLATION/ROTATION FLOWS ****
     U(X-Z) =     1.000     0.000     0.000 A/SEC
  OMGA(X-Z) =     0.000     0.000     0.000 RAD/S

 FTOTH(X-Z) =   -0.16485E+02    0.12919E+00   -0.47249E-01
 TTOTH(X-Z) =   -0.24010E+00   -0.25525E+01    0.61190E+01

     U(X-Z) =     0.000     1.000     0.000 A/SEC
  OMGA(X-Z) =     0.000     0.000     0.000 RAD/S

 FTOTH(X-Z) =    0.12929E+00   -0.15986E+02    0.18079E+00
 TTOTH(X-Z) =   -0.16838E+01    0.63113E-01   -0.45250E+01

     U(X-Z) =     0.000     0.000     1.000 A/SEC
  OMGA(X-Z) =     0.000     0.000     0.000 RAD/S

 FTOTH(X-Z) =   -0.47280E-01    0.18091E+00   -0.16120E+02
 TTOTH(X-Z) =   -0.38995E+01    0.49955E+01    0.17009E+00

     U(X-Z) =     0.000     0.000     0.000 A/SEC
  OMGA(X-Z) =     1.000     0.000     0.000 RAD/S

 FTOTH(X-Z) =   -0.21810E+00   -0.17230E+01   -0.38363E+01
 TTOTH(X-Z) =   -0.11206E+05    0.10925E+03    0.61842E+02

     U(X-Z) =     0.000     0.000     0.000 A/SEC
  OMGA(X-Z) =     0.000     1.000     0.000 RAD/S

 FTOTH(X-Z) =   -0.24914E+01    0.48470E-01    0.50777E+01
 TTOTH(X-Z) =    0.10969E+03   -0.99159E+04    0.34539E+03

     U(X-Z) =     0.000     0.000     0.000 A/SEC
  OMGA(X-Z) =     0.000     0.000     1.000 RAD/S

 FTOTH(X-Z) =    0.61085E+01   -0.45805E+01    0.15675E+00
 TTOTH(X-Z) =    0.63442E+02    0.34511E+03   -0.10384E+05

 I,J,Ktt,Ktr,Krt,Krr=    1    1  0.1648E+02  0.2401E+00  0.2181E+00  0.1121E+05
 I,J,Ktt,Ktr,Krt,Krr=    1    2 -0.1293E+00  0.1684E+01  0.2491E+01 -0.1097E+03
 I,J,Ktt,Ktr,Krt,Krr=    1    3  0.4728E-01  0.3899E+01 -0.6108E+01 -0.6344E+02
 I,J,Ktt,Ktr,Krt,Krr=    2    1 -0.1292E+00  0.2553E+01  0.1723E+01 -0.1092E+03
 I,J,Ktt,Ktr,Krt,Krr=    2    2  0.1599E+02 -0.6311E-01 -0.4847E-01  0.9916E+04
 I,J,Ktt,Ktr,Krt,Krr=    2    3 -0.1809E+00 -0.4995E+01  0.4580E+01 -0.3451E+03
 I,J,Ktt,Ktr,Krt,Krr=    3    1  0.4725E-01 -0.6119E+01  0.3836E+01 -0.6184E+02
 I,J,Ktt,Ktr,Krt,Krr=    3    2 -0.1808E+00  0.4525E+01 -0.5078E+01 -0.3454E+03
 I,J,Ktt,Ktr,Krt,Krr=    3    3  0.1612E+02 -0.1701E+00 -0.1567E+00  0.1038E+05
  
  Friction Tensors in Center of Resistance
  
  Ktt Tensor (A)
    0.16485E+02   -0.12929E+00    0.47280E-01
   -0.12919E+00    0.15986E+02   -0.18091E+00
    0.47249E-01   -0.18079E+00    0.16120E+02
  
  Symmetric Krt Tensor (A^2)
    0.22910E+00    0.25219E+01   -0.61137E+01
    0.17034E+01   -0.55791E-01    0.45527E+01
    0.38679E+01   -0.50366E+01   -0.16342E+00
  
  Krr Tensor (A^3)
    0.11206E+05   -0.10969E+03   -0.63442E+02
   -0.10925E+03    0.99159E+04   -0.34511E+03
   -0.61842E+02   -0.34539E+03    0.10384E+05
  
 Raw Dtt tensor (no rot/trans coupling correction)
    0.60666E-01    0.48873E-03   -0.17245E-03
    0.48833E-03    0.62568E-01    0.70077E-03
   -0.17234E-03    0.70031E-03    0.62044E-01
  
 Raw Drr tensor (no rot/trans coupling correction)
    0.89250E-04    0.10074E-05    0.57876E-06
    0.10030E-05    0.10098E-03    0.33620E-05
    0.56489E-06    0.33646E-05    0.96416E-04
  
 Raw Dtt tensor, before CD transformation
    0.60666E-01    0.48876E-03   -0.17017E-03
    0.48834E-03    0.62568E-01    0.69570E-03
   -0.17240E-03    0.70054E-03    0.62065E-01
  
 Program finished at:                
 Elapsed time CPU_TIME:   168.31999999999999     
