 BEST ver.3.90 SFSU/ARAGON
  
 control gtensor value=   1.0000000000000000     
 true area (A^2)=    7518.4110000000001     
 total area (A^2) =    7006.9447958709052     
 centroid coords =    40.912655439721938       -15.288551724137896        22.824949211440774     
  
 first few rows of gr matrix
   4.7449876482721685      -0.20872435696517005       -5.0495549649640925E-002  0.58753489837832862       0.16162773571388248     
 -0.20872435696517028        7.0684732972997359        9.0723623520749266E-002  0.16162773571388248       0.46879779060642118     
  -5.0495549649640953E-002   9.0723623520749266E-002   7.0890594502594935       -3.7011805492691965E-002  -2.3955136077208342E-002
  0.68025473913461498       0.18700046755038677       -3.9545885395411449E-002   6.2957892769217647       0.37604992530720549     
  0.18700046755038677       0.54663203845247876       -2.6562569576389940E-002  0.37604992530720516        5.0143183438514916     
  -3.9545885395411449E-002  -2.6562569576389940E-002  0.42058336934034934      -0.43292719228279952       0.90146118033488420     
  0.53689907533487347       0.14647354815361205       -1.8683974413161712E-002   2.0451224380860582       0.45764720471750775     
  0.14647354815361205       0.42186198878605929       -1.2153760113122487E-002  0.45764720471750775        1.6145279917440238     
  -1.8683974413161712E-002  -1.2153760113122487E-002  0.32360863488882802        3.8240489018376130E-002  0.12535531233075894     
 first few columns of gr matrix
   4.7449876482721685      -0.20872435696517028       -5.0495549649640953E-002  0.68025473913461498       0.18700046755038677     
 -0.20872435696517005        7.0684732972997359        9.0723623520749266E-002  0.18700046755038677       0.54663203845247876     
  -5.0495549649640925E-002   9.0723623520749266E-002   7.0890594502594935       -3.9545885395411449E-002  -2.6562569576389940E-002
  0.58753489837832862       0.16162773571388248       -3.7011805492691965E-002   6.2957892769217647       0.37604992530720516     
  0.16162773571388248       0.46879779060642118       -2.3955136077208342E-002  0.37604992530720549        5.0143183438514916     
  -3.7011805492691965E-002  -2.3955136077208342E-002  0.36323481199761543      -0.43292719228279986       0.90146118033488398     
   1.1049544239717850       0.30314683722862168       -4.0193589527021172E-002   4.5289383407171320       0.92503642104785955     
  0.30314683722862168       0.86988374422308601       -2.4568911205357230E-002  0.92503642104785955        3.5577626777905436     
  -4.0193589527021172E-002  -2.4568911205357230E-002  0.66769401187138566       0.14750012549452354       0.37159358941135773     
  
 about to enter dgetrf
 Just out of dgetrf:                 
  
  **** TRANSLATION/ROTATION FLOWS ****
     U(X-Z) =     1.000     0.000     0.000 A/SEC
  OMGA(X-Z) =     0.000     0.000     0.000 RAD/S

 FTOTH(X-Z) =   -0.16422E+02    0.12431E+00   -0.41503E-01
 TTOTH(X-Z) =   -0.19986E+00   -0.33402E+00    0.82334E+00

     U(X-Z) =     0.000     1.000     0.000 A/SEC
  OMGA(X-Z) =     0.000     0.000     0.000 RAD/S

 FTOTH(X-Z) =    0.12426E+00   -0.15927E+02    0.17816E+00
 TTOTH(X-Z) =   -0.37371E+01   -0.90344E-01   -0.41292E+01

     U(X-Z) =     0.000     0.000     1.000 A/SEC
  OMGA(X-Z) =     0.000     0.000     0.000 RAD/S

 FTOTH(X-Z) =   -0.41570E-01    0.17839E+00   -0.16054E+02
 TTOTH(X-Z) =    0.12564E+01    0.44686E+01    0.25213E+00

     U(X-Z) =     0.000     0.000     0.000 A/SEC
  OMGA(X-Z) =     1.000     0.000     0.000 RAD/S

 FTOTH(X-Z) =   -0.22870E+00   -0.37442E+01    0.12486E+01
 TTOTH(X-Z) =   -0.11070E+05    0.10620E+03    0.77703E+02

     U(X-Z) =     0.000     0.000     0.000 A/SEC
  OMGA(X-Z) =     0.000     1.000     0.000 RAD/S

 FTOTH(X-Z) =   -0.35496E+00   -0.38887E-01    0.44941E+01
 TTOTH(X-Z) =    0.10536E+03   -0.98119E+04    0.33021E+03

     U(X-Z) =     0.000     0.000     0.000 A/SEC
  OMGA(X-Z) =     0.000     0.000     1.000 RAD/S

 FTOTH(X-Z) =    0.86025E+00   -0.41647E+01    0.25043E+00
 TTOTH(X-Z) =    0.77594E+02    0.33264E+03   -0.10261E+05

 I,J,Ktt,Ktr,Krt,Krr=    1    1  0.1642E+02  0.1999E+00  0.2287E+00  0.1107E+05
 I,J,Ktt,Ktr,Krt,Krr=    1    2 -0.1243E+00  0.3737E+01  0.3550E+00 -0.1054E+03
 I,J,Ktt,Ktr,Krt,Krr=    1    3  0.4157E-01 -0.1256E+01 -0.8603E+00 -0.7759E+02
 I,J,Ktt,Ktr,Krt,Krr=    2    1 -0.1243E+00  0.3340E+00  0.3744E+01 -0.1062E+03
 I,J,Ktt,Ktr,Krt,Krr=    2    2  0.1593E+02  0.9034E-01  0.3889E-01  0.9812E+04
 I,J,Ktt,Ktr,Krt,Krr=    2    3 -0.1784E+00 -0.4469E+01  0.4165E+01 -0.3326E+03
 I,J,Ktt,Ktr,Krt,Krr=    3    1  0.4150E-01 -0.8233E+00 -0.1249E+01 -0.7770E+02
 I,J,Ktt,Ktr,Krt,Krr=    3    2 -0.1782E+00  0.4129E+01 -0.4494E+01 -0.3302E+03
 I,J,Ktt,Ktr,Krt,Krr=    3    3  0.1605E+02 -0.2521E+00 -0.2504E+00  0.1026E+05
  
  Friction Tensors in Center of Resistance
  
  Ktt Tensor (A)
    0.16422E+02   -0.12426E+00    0.41570E-01
   -0.12431E+00    0.15927E+02   -0.17839E+00
    0.41503E-01   -0.17816E+00    0.16054E+02
  
  Symmetric Krt Tensor (A^2)
    0.21428E+00    0.34449E+00   -0.84179E+00
    0.37406E+01    0.64615E-01    0.41469E+01
   -0.12525E+01   -0.44813E+01   -0.25128E+00
  
  Krr Tensor (A^3)
    0.11070E+05   -0.10536E+03   -0.77594E+02
   -0.10620E+03    0.98119E+04   -0.33264E+03
   -0.77703E+02   -0.33021E+03    0.10261E+05
  
 Raw Dtt tensor (no rot/trans coupling correction)
    0.60899E-01    0.47342E-03   -0.15243E-03
    0.47362E-03    0.62799E-01    0.69655E-03
   -0.15218E-03    0.69567E-03    0.62296E-01
  
 Raw Drr tensor (no rot/trans coupling correction)
    0.90352E-04    0.99424E-06    0.71549E-06
    0.10022E-05    0.10204E-03    0.33155E-05
    0.71647E-06    0.32913E-05    0.97570E-04
  
 Raw Dtt tensor, before CD transformation
    0.60899E-01    0.47349E-03   -0.14647E-03
    0.47362E-03    0.62799E-01    0.69689E-03
   -0.15220E-03    0.69575E-03    0.62303E-01
  
 Program finished at:                
 Elapsed time CPU_TIME:   86.307999999999993     
