 BEST ver.3.90 SFSU/ARAGON
  
 control gtensor value=   1.0000000000000000     
 true area (A^2)=    7518.4110000000001     
 total area (A^2) =    6944.8420982657999     
 centroid coords =    40.963450220863088       -15.531999320421340        22.868349983010521     
  
 first few rows of gr matrix
   10.449089538180262      -0.27689523716172293       0.20588800537273128        6.8408814086164176        1.1536754897771473     
 -0.27689523716172282        8.5474080591829136        1.7932008169460163        1.1536754897771473        5.1193037264821113     
  0.20588800537272950        1.7932008169460163        9.4317342373819812       0.10414840477792608       0.40271502238322199     
   3.5164725078045098       0.81881957263431060        1.8806995559229746E-002   12.793879398944487        2.0533154131231415     
  0.81881957263431060        2.8972375592789996       0.16106334891460772        2.0533154131231406        13.852718236506991     
   1.8806995559229746E-002  0.16106334891460772        2.4238814536673927       -1.3616343143637324        1.5026731632803068     
  0.85989222019410172       -6.2773333170163719E-003  0.11729094631902524        1.7412168340947043       0.10629658224572822     
  -6.2773333170163719E-003  0.84414800528833789       -3.6708184495371977E-002  0.10629658224572822        1.8287463174297780     
  0.11729094631902524       -3.6708184495371977E-002   1.6352241417702138      -0.26409256723870739      -0.39462196150979095     
 first few columns of gr matrix
   10.449089538180262      -0.27689523716172282       0.20588800537272950        3.5164725078045098       0.81881957263431060     
 -0.27689523716172293        8.5474080591829136        1.7932008169460163       0.81881957263431060        2.8972375592789996     
  0.20588800537273128        1.7932008169460163        9.4317342373819812        1.8806995559229746E-002  0.16106334891460772     
   6.8408814086164176        1.1536754897771473       0.10414840477792608        12.793879398944487        2.0533154131231406     
   1.1536754897771473        5.1193037264821113       0.40271502238322199        2.0533154131231415        13.852718236506991     
  0.10414840477792608       0.40271502238322199        4.5725259218204179       -1.3616343143637324        1.5026731632803068     
  0.91822720125819923        7.1210088696984520E-003  0.12974761324822054       0.95487974523409980        4.7080473792614180E-002
   7.1210088696984520E-003  0.91293188838015560       -2.9606385646008829E-002   4.7080473792614180E-002  0.99528491025630417     
  0.12974761324822054       -2.9606385646008829E-002   1.7348356294088192      -0.14356233308377178      -0.20622914945654963     
  
 about to enter dgetrf
 Just out of dgetrf:                 
  
  **** TRANSLATION/ROTATION FLOWS ****
     U(X-Z) =     1.000     0.000     0.000 A/SEC
  OMGA(X-Z) =     0.000     0.000     0.000 RAD/S

 FTOTH(X-Z) =   -0.16393E+02    0.12357E+00   -0.45135E-01
 TTOTH(X-Z) =   -0.21920E+00    0.72051E-01    0.45488E+01

     U(X-Z) =     0.000     1.000     0.000 A/SEC
  OMGA(X-Z) =     0.000     0.000     0.000 RAD/S

 FTOTH(X-Z) =    0.12376E+00   -0.15881E+02    0.18248E+00
 TTOTH(X-Z) =   -0.41961E+01    0.72825E-02   -0.39070E+01

     U(X-Z) =     0.000     0.000     1.000 A/SEC
  OMGA(X-Z) =     0.000     0.000     0.000 RAD/S

 FTOTH(X-Z) =   -0.45102E-01    0.18247E+00   -0.16010E+02
 TTOTH(X-Z) =   -0.25785E+01    0.42818E+01    0.20832E+00

     U(X-Z) =     0.000     0.000     0.000 A/SEC
  OMGA(X-Z) =     1.000     0.000     0.000 RAD/S

 FTOTH(X-Z) =   -0.21617E+00   -0.42129E+01   -0.26592E+01
 TTOTH(X-Z) =   -0.11003E+05    0.10036E+03    0.71285E+02

     U(X-Z) =     0.000     0.000     0.000 A/SEC
  OMGA(X-Z) =     0.000     1.000     0.000 RAD/S

 FTOTH(X-Z) =    0.10183E+00   -0.20011E-01    0.42643E+01
 TTOTH(X-Z) =    0.10675E+03   -0.97340E+04    0.33876E+03

     U(X-Z) =     0.000     0.000     0.000 A/SEC
  OMGA(X-Z) =     0.000     0.000     1.000 RAD/S

 FTOTH(X-Z) =    0.46837E+01   -0.38642E+01    0.21877E+00
 TTOTH(X-Z) =    0.76796E+02    0.33709E+03   -0.10171E+05

 I,J,Ktt,Ktr,Krt,Krr=    1    1  0.1639E+02  0.2192E+00  0.2162E+00  0.1100E+05
 I,J,Ktt,Ktr,Krt,Krr=    1    2 -0.1238E+00  0.4196E+01 -0.1018E+00 -0.1068E+03
 I,J,Ktt,Ktr,Krt,Krr=    1    3  0.4510E-01  0.2579E+01 -0.4684E+01 -0.7680E+02
 I,J,Ktt,Ktr,Krt,Krr=    2    1 -0.1236E+00 -0.7205E-01  0.4213E+01 -0.1004E+03
 I,J,Ktt,Ktr,Krt,Krr=    2    2  0.1588E+02 -0.7282E-02  0.2001E-01  0.9734E+04
 I,J,Ktt,Ktr,Krt,Krr=    2    3 -0.1825E+00 -0.4282E+01  0.3864E+01 -0.3371E+03
 I,J,Ktt,Ktr,Krt,Krr=    3    1  0.4513E-01 -0.4549E+01  0.2659E+01 -0.7128E+02
 I,J,Ktt,Ktr,Krt,Krr=    3    2 -0.1825E+00  0.3907E+01 -0.4264E+01 -0.3388E+03
 I,J,Ktt,Ktr,Krt,Krr=    3    3  0.1601E+02 -0.2083E+00 -0.2188E+00  0.1017E+05
  
  Friction Tensors in Center of Resistance
  
  Ktt Tensor (A)
    0.16393E+02   -0.12376E+00    0.45102E-01
   -0.12357E+00    0.15881E+02   -0.18247E+00
    0.45135E-01   -0.18248E+00    0.16010E+02
  
  Symmetric Krt Tensor (A^2)
    0.21768E+00   -0.86940E-01   -0.46162E+01
    0.42045E+01    0.63644E-02    0.38856E+01
    0.26188E+01   -0.42730E+01   -0.21354E+00
  
  Krr Tensor (A^3)
    0.11003E+05   -0.10675E+03   -0.76796E+02
   -0.10036E+03    0.97340E+04   -0.33709E+03
   -0.71285E+02   -0.33876E+03    0.10171E+05
  
 Raw Dtt tensor (no rot/trans coupling correction)
    0.61006E-01    0.47350E-03   -0.16647E-03
    0.47278E-03    0.62979E-01    0.71648E-03
   -0.16660E-03    0.71652E-03    0.62470E-01
  
 Raw Drr tensor (no rot/trans coupling correction)
    0.90895E-04    0.10219E-05    0.72016E-06
    0.96034E-06    0.10286E-03    0.34163E-05
    0.66903E-06    0.34330E-05    0.98436E-04
  
 Raw Dtt tensor, before CD transformation
    0.61006E-01    0.47357E-03   -0.16064E-03
    0.47278E-03    0.62979E-01    0.71702E-03
   -0.16663E-03    0.71668E-03    0.62484E-01
  
 Program finished at:                
 Elapsed time CPU_TIME:   46.039999999999999     
