 BEST ver.3.90 SFSU/ARAGON
  
 control gtensor value=   1.0000000000000000     
 true area (A^2)=    7518.4110000000001     
 total area (A^2) =    7078.8415998240589     
 centroid coords =    40.834911059806444       -15.426633905013192        22.789376868953397     
  
 first few rows of gr matrix
   4.7208297336847576      -0.20766168924890899       -5.0238464222680038E-002  0.58156755459634701       0.15998615107547187     
 -0.20766168924890904        7.0324859382511331        9.0261726944712614E-002  0.15998615107547187       0.46403640947229052     
  -5.0238464222680010E-002   9.0261726944712614E-002   7.0529672819760192       -3.6635892218473985E-002  -2.3711833878970572E-002
  0.67334567909589604       0.18510118279241838       -3.9144234542043230E-002   6.2637358447768809       0.37413536142430881     
  0.18510118279241838       0.54108012774097092       -2.6292784777507988E-002  0.37413536142430881        4.9887891995745912     
  -3.9144234542043230E-002  -2.6292784777507988E-002  0.41631168171674554      -0.43072305205968608       0.89687161681803840     
  0.56187193895264687       0.16000128990576121        1.3603087327771881E-002   1.9827898782059290       0.31027372450252960     
  0.16000128990576121       0.46045538537781033        1.0496925807870103E-002  0.31027372450252960        1.6601986665230208     
   1.3603087327771881E-002   1.0496925807870103E-002  0.34423195814671759       0.34278570555693438       0.36591255989374027     
 first few columns of gr matrix
   4.7208297336847576      -0.20766168924890904       -5.0238464222680010E-002  0.67334567909589604       0.18510118279241838     
 -0.20766168924890899        7.0324859382511331        9.0261726944712614E-002  0.18510118279241838       0.54108012774097092     
  -5.0238464222680038E-002   9.0261726944712614E-002   7.0529672819760192       -3.9144234542043230E-002  -2.6292784777507988E-002
  0.58156755459634701       0.15998615107547187       -3.6635892218473985E-002   6.2637358447768809       0.37413536142430881     
  0.15998615107547187       0.46403640947229052       -2.3711833878970572E-002  0.37413536142430881        4.9887891995745912     
  -3.6635892218473985E-002  -2.3711833878970572E-002  0.35954558944631515      -0.43072305205968631       0.89687161681803818     
  0.70303892471526608       0.19519094204646137       -4.7904066191598943E-004   2.9962101501432152       0.46501477729077312     
  0.19519094204646137       0.55948678503972049        1.8655448014030824E-003  0.46501477729077312        2.3668362690990246     
  -4.7904066191598943E-004   1.8655448014030824E-003  0.42607852445069694       0.37946299721462334       0.44648497515627167     
  
 about to enter dgetrf
 Just out of dgetrf:                 
  
  **** TRANSLATION/ROTATION FLOWS ****
     U(X-Z) =     1.000     0.000     0.000 A/SEC
  OMGA(X-Z) =     0.000     0.000     0.000 RAD/S

 FTOTH(X-Z) =   -0.16464E+02    0.12689E+00   -0.44521E-01
 TTOTH(X-Z) =   -0.22374E+00   -0.90185E+00    0.30842E+01

     U(X-Z) =     0.000     1.000     0.000 A/SEC
  OMGA(X-Z) =     0.000     0.000     0.000 RAD/S

 FTOTH(X-Z) =    0.12681E+00   -0.15965E+02    0.18308E+00
 TTOTH(X-Z) =   -0.32006E+01   -0.15300E-01   -0.55422E+01

     U(X-Z) =     0.000     0.000     1.000 A/SEC
  OMGA(X-Z) =     0.000     0.000     0.000 RAD/S

 FTOTH(X-Z) =   -0.44546E-01    0.18322E+00   -0.16100E+02
 TTOTH(X-Z) =   -0.98679E+00    0.61552E+01    0.23698E+00

     U(X-Z) =     0.000     0.000     0.000 A/SEC
  OMGA(X-Z) =     1.000     0.000     0.000 RAD/S

 FTOTH(X-Z) =   -0.22623E+00   -0.32494E+01   -0.96948E+00
 TTOTH(X-Z) =   -0.11158E+05    0.10667E+03    0.66559E+02

     U(X-Z) =     0.000     0.000     0.000 A/SEC
  OMGA(X-Z) =     0.000     1.000     0.000 RAD/S

 FTOTH(X-Z) =   -0.85874E+00   -0.11738E-02    0.61941E+01
 TTOTH(X-Z) =    0.10940E+03   -0.98827E+04    0.34498E+03

     U(X-Z) =     0.000     0.000     0.000 A/SEC
  OMGA(X-Z) =     0.000     0.000     1.000 RAD/S

 FTOTH(X-Z) =    0.30957E+01   -0.55628E+01    0.21632E+00
 TTOTH(X-Z) =    0.65939E+02    0.34395E+03   -0.10344E+05

 I,J,Ktt,Ktr,Krt,Krr=    1    1  0.1646E+02  0.2237E+00  0.2262E+00  0.1116E+05
 I,J,Ktt,Ktr,Krt,Krr=    1    2 -0.1268E+00  0.3201E+01  0.8587E+00 -0.1094E+03
 I,J,Ktt,Ktr,Krt,Krr=    1    3  0.4455E-01  0.9868E+00 -0.3096E+01 -0.6594E+02
 I,J,Ktt,Ktr,Krt,Krr=    2    1 -0.1269E+00  0.9018E+00  0.3249E+01 -0.1067E+03
 I,J,Ktt,Ktr,Krt,Krr=    2    2  0.1597E+02  0.1530E-01  0.1174E-02  0.9883E+04
 I,J,Ktt,Ktr,Krt,Krr=    2    3 -0.1832E+00 -0.6155E+01  0.5563E+01 -0.3439E+03
 I,J,Ktt,Ktr,Krt,Krr=    3    1  0.4452E-01 -0.3084E+01  0.9695E+00 -0.6656E+02
 I,J,Ktt,Ktr,Krt,Krr=    3    2 -0.1831E+00  0.5542E+01 -0.6194E+01 -0.3450E+03
 I,J,Ktt,Ktr,Krt,Krr=    3    3  0.1610E+02 -0.2370E+00 -0.2163E+00  0.1034E+05
  
  Friction Tensors in Center of Resistance
  
  Ktt Tensor (A)
    0.16464E+02   -0.12681E+00    0.44546E-01
   -0.12689E+00    0.15965E+02   -0.18322E+00
    0.44521E-01   -0.18308E+00    0.16100E+02
  
  Symmetric Krt Tensor (A^2)
    0.22498E+00    0.88029E+00   -0.30900E+01
    0.32250E+01    0.82370E-02    0.55525E+01
    0.97813E+00   -0.61746E+01   -0.22665E+00
  
  Krr Tensor (A^3)
    0.11158E+05   -0.10940E+03   -0.65939E+02
   -0.10667E+03    0.98827E+04   -0.34395E+03
   -0.66559E+02   -0.34498E+03    0.10344E+05
  
 Raw Dtt tensor (no rot/trans coupling correction)
    0.60742E-01    0.48061E-03   -0.16259E-03
    0.48090E-03    0.62648E-01    0.71159E-03
   -0.16250E-03    0.71105E-03    0.62119E-01
  
 Raw Drr tensor (no rot/trans coupling correction)
    0.89637E-04    0.10134E-05    0.60511E-06
    0.98872E-06    0.10132E-03    0.33752E-05
    0.60976E-06    0.33855E-05    0.96793E-04
  
 Raw Dtt tensor, before CD transformation
    0.60742E-01    0.48068E-03   -0.15608E-03
    0.48091E-03    0.62648E-01    0.71103E-03
   -0.16254E-03    0.71122E-03    0.62135E-01
  
 Program finished at:                
 Elapsed time CPU_TIME:   131.23200000000000     
