 BEST ver.3.90 SFSU/ARAGON
  
 control gtensor value=   1.0000000000000000     
 true area (A^2)=    7860.8570000000000     
 total area (A^2) =    7439.5585499023982     
 centroid coords =   -1.6368255193443815       0.95046169239565692        1.3709142367066878     
  
 first few rows of gr matrix
   9.9074633939120034       -1.5610015593978672       0.48088249893250179        1.9967723911713604      -0.44298191585051055     
  -1.5610015593978672        8.3270785830430363       0.77768603909704925      -0.44298191585051055        1.6504367758565168     
  0.48088249893250157       0.77768603909704925        10.137747191866406      -0.23164421679360567       0.23507732632733216     
   4.4531714326547647      -0.88353741038901523      -0.46564201495888019        6.5786948962662253      -0.82041453964126787     
 -0.88353741038901523        3.5959366144898932       0.48089861101688847      -0.82041453964126698        4.9972963360845917     
 -0.46564201495888019       0.48089861101688847        3.9703285023829054       0.30464813828574228       0.23747615215312812     
   2.9027187157269196      -0.29955907997063852      -0.58130075307001372        2.1591099957158018      -0.13111728786613841     
 -0.29955907997063852        2.5231598032144684       0.41458576741514092      -0.13111728786613841        1.8518116600988164     
 -0.58130075307001372       0.41458576741514092        3.9308414512255152       0.12848281512477522      -0.19310296770159538     
 first few columns of gr matrix
   9.9074633939120034       -1.5610015593978672       0.48088249893250157        4.4531714326547647      -0.88353741038901523     
  -1.5610015593978672        8.3270785830430363       0.77768603909704925      -0.88353741038901523        3.5959366144898932     
  0.48088249893250179       0.77768603909704925        10.137747191866406      -0.46564201495888019       0.48089861101688847     
   1.9967723911713604      -0.44298191585051055      -0.23164421679360567        6.5786948962662253      -0.82041453964126698     
 -0.44298191585051055        1.6504367758565168       0.23507732632733216      -0.82041453964126787        4.9972963360845917     
 -0.23164421679360567       0.23507732632733216        1.6724990397373325       0.30464813828574272       0.23747615215312767     
  0.92745211382061254      -0.11492087553115816      -0.23367799970118255        1.4351736417284582       -9.6635355259809375E-002
 -0.11492087553115816       0.85359616211720213       0.19695979157321036       -9.6635355259809375E-002   1.2478227593893771     
 -0.23367799970118255       0.19695979157321036        1.2711681614003094       0.27447727355278062      -0.11218885052851667     
  
 about to enter dgetrf
 Just out of dgetrf:                 
  
  **** TRANSLATION/ROTATION FLOWS ****
     U(X-Z) =     1.000     0.000     0.000 A/SEC
  OMGA(X-Z) =     0.000     0.000     0.000 RAD/S

 FTOTH(X-Z) =   -0.17664E+02   -0.28256E-01   -0.17907E+00
 TTOTH(X-Z) =    0.18003E+01    0.16381E+02   -0.12026E+02

     U(X-Z) =     0.000     1.000     0.000 A/SEC
  OMGA(X-Z) =     0.000     0.000     0.000 RAD/S

 FTOTH(X-Z) =   -0.28088E-01   -0.16361E+02    0.92938E+00
 TTOTH(X-Z) =   -0.26348E+02    0.20044E+01   -0.11038E+02

     U(X-Z) =     0.000     0.000     1.000 A/SEC
  OMGA(X-Z) =     0.000     0.000     0.000 RAD/S

 FTOTH(X-Z) =   -0.17920E+00    0.92947E+00   -0.17312E+02
 TTOTH(X-Z) =    0.10209E+02    0.92049E+01   -0.38690E+01

     U(X-Z) =     0.000     0.000     0.000 A/SEC
  OMGA(X-Z) =     1.000     0.000     0.000 RAD/S

 FTOTH(X-Z) =    0.18275E+01   -0.26316E+02    0.10176E+02
 TTOTH(X-Z) =   -0.16185E+05   -0.17858E+03   -0.34678E+03

     U(X-Z) =     0.000     0.000     0.000 A/SEC
  OMGA(X-Z) =     0.000     1.000     0.000 RAD/S

 FTOTH(X-Z) =    0.16354E+02    0.19763E+01    0.92517E+01
 TTOTH(X-Z) =   -0.17575E+03   -0.10654E+05    0.31530E+04

     U(X-Z) =     0.000     0.000     0.000 A/SEC
  OMGA(X-Z) =     0.000     0.000     1.000 RAD/S

 FTOTH(X-Z) =   -0.11968E+02   -0.11067E+02   -0.38493E+01
 TTOTH(X-Z) =   -0.34948E+03    0.31519E+04   -0.13995E+05

 I,J,Ktt,Ktr,Krt,Krr=    1    1  0.1766E+02 -0.1800E+01 -0.1828E+01  0.1619E+05
 I,J,Ktt,Ktr,Krt,Krr=    1    2  0.2809E-01  0.2635E+02 -0.1635E+02  0.1757E+03
 I,J,Ktt,Ktr,Krt,Krr=    1    3  0.1792E+00 -0.1021E+02  0.1197E+02  0.3495E+03
 I,J,Ktt,Ktr,Krt,Krr=    2    1  0.2826E-01 -0.1638E+02  0.2632E+02  0.1786E+03
 I,J,Ktt,Ktr,Krt,Krr=    2    2  0.1636E+02 -0.2004E+01 -0.1976E+01  0.1065E+05
 I,J,Ktt,Ktr,Krt,Krr=    2    3 -0.9295E+00 -0.9205E+01  0.1107E+02 -0.3152E+04
 I,J,Ktt,Ktr,Krt,Krr=    3    1  0.1791E+00  0.1203E+02 -0.1018E+02  0.3468E+03
 I,J,Ktt,Ktr,Krt,Krr=    3    2 -0.9294E+00  0.1104E+02 -0.9252E+01 -0.3153E+04
 I,J,Ktt,Ktr,Krt,Krr=    3    3  0.1731E+02  0.3869E+01  0.3849E+01  0.1399E+05
  
  Friction Tensors in Center of Resistance
  
  Ktt Tensor (A)
    0.17664E+02    0.28088E-01    0.17920E+00
    0.28256E-01    0.16361E+02   -0.92947E+00
    0.17907E+00   -0.92938E+00    0.17312E+02
  
  Symmetric Krt Tensor (A^2)
   -0.18139E+01   -0.16367E+02    0.11997E+02
    0.26332E+02   -0.19904E+01    0.11053E+02
   -0.10193E+02   -0.92283E+01    0.38591E+01
  
  Krr Tensor (A^3)
    0.16185E+05    0.17575E+03    0.34948E+03
    0.17858E+03    0.10654E+05   -0.31519E+04
    0.34678E+03   -0.31530E+04    0.13995E+05
  
 Raw Dtt tensor (no rot/trans coupling correction)
    0.56619E-01   -0.13090E-03   -0.59310E-03
   -0.13146E-03    0.61310E-01    0.32930E-02
   -0.59269E-03    0.32927E-02    0.57945E-01
  
 Raw Drr tensor (no rot/trans coupling correction)
    0.61844E-04   -0.15828E-05   -0.19009E-05
   -0.15964E-05    0.10061E-03    0.22700E-04
   -0.18922E-05    0.22707E-04    0.76618E-04
  
 Raw Dtt tensor, before CD transformation
    0.56619E-01   -0.12635E-03   -0.51315E-03
   -0.13081E-03    0.61306E-01    0.32300E-02
   -0.59346E-03    0.32970E-02    0.58021E-01
  
 Program finished at:                
 Elapsed time CPU_TIME:   130.71600000000001     
