 BEST ver.3.90 SFSU/ARAGON
  
 control gtensor value=   1.0000000000000000     
 true area (A^2)=    7860.8570000000000     
 total area (A^2) =    7470.2622218860224     
 centroid coords =   -1.5453712871287035       0.75375033003300485        1.0349176567656766     
  
 first few rows of gr matrix
   9.8870819995791841       -1.5577903047031723       0.47989323907366499        1.9885654176135941      -0.44116120714779106     
  -1.5577903047031709        8.3099483181615454       0.77608620216606394      -0.44116120714779106        1.6436532831369230     
  0.47989323907366588       0.77608620216606417        10.116892063268018      -0.23069213133288635       0.23411113037544665     
   4.4348683649853999      -0.87990596586563996      -0.46372817053622989        6.5651613640647906      -0.81872680267127018     
 -0.87990596586563996        3.5811568845412260       0.47892206015810007      -0.81872680267127040        4.9870160187950772     
 -0.46372817053622989       0.47892206015810007        3.9540099769572179       0.30402142349586153       0.23698762195026635     
   2.8907881943260403      -0.29832785629228142      -0.57891153738843149        2.1502357951702153      -0.13057838011718981     
 -0.29832785629228142        2.5127893143803322       0.41288177028175255      -0.13057838011718981        1.8442004924987612     
 -0.57891153738843149       0.41288177028175255        3.9146852223070208       0.12795473537415145      -0.19230929138832900     
 first few columns of gr matrix
   9.8870819995791841       -1.5577903047031709       0.47989323907366588        4.4348683649853999      -0.87990596586563996     
  -1.5577903047031723        8.3099483181615454       0.77608620216606417      -0.87990596586563996        3.5811568845412260     
  0.47989323907366499       0.77608620216606394        10.116892063268018      -0.46372817053622989       0.47892206015810007     
   1.9885654176135941      -0.44116120714779106      -0.23069213133288635        6.5651613640647906      -0.81872680267127040     
 -0.44116120714779106        1.6436532831369230       0.23411113037544665      -0.81872680267127018        4.9870160187950772     
 -0.23069213133288635       0.23411113037544665        1.6656248684721415       0.30402142349586109       0.23698762195026668     
  0.92364017460918235      -0.11444853697575309      -0.23271755514923601        1.4292749062588956       -9.6238172381647058E-002
 -0.11444853697575309       0.85008777970843696       0.19615026325214119       -9.6238172381647058E-002   1.2426940584736652     
 -0.23271755514923601       0.19615026325214119        1.2659435080876960       0.27334913910129738      -0.11172774092291861     
  
 about to enter dgetrf
 Just out of dgetrf:                 
  
  **** TRANSLATION/ROTATION FLOWS ****
     U(X-Z) =     1.000     0.000     0.000 A/SEC
  OMGA(X-Z) =     0.000     0.000     0.000 RAD/S

 FTOTH(X-Z) =   -0.17682E+02   -0.28946E-01   -0.17747E+00
 TTOTH(X-Z) =    0.17473E+01    0.10826E+02   -0.88444E+01

     U(X-Z) =     0.000     1.000     0.000 A/SEC
  OMGA(X-Z) =     0.000     0.000     0.000 RAD/S

 FTOTH(X-Z) =   -0.28815E-01   -0.16381E+02    0.93037E+00
 TTOTH(X-Z) =   -0.21031E+02    0.21145E+01   -0.95592E+01

     U(X-Z) =     0.000     0.000     1.000 A/SEC
  OMGA(X-Z) =     0.000     0.000     0.000 RAD/S

 FTOTH(X-Z) =   -0.17741E+00    0.93052E+00   -0.17335E+02
 TTOTH(X-Z) =    0.68870E+01    0.75418E+01   -0.39196E+01

     U(X-Z) =     0.000     0.000     0.000 A/SEC
  OMGA(X-Z) =     1.000     0.000     0.000 RAD/S

 FTOTH(X-Z) =    0.17649E+01   -0.21016E+02    0.68466E+01
 TTOTH(X-Z) =   -0.16220E+05   -0.17521E+03   -0.34945E+03

     U(X-Z) =     0.000     0.000     0.000 A/SEC
  OMGA(X-Z) =     0.000     1.000     0.000 RAD/S

 FTOTH(X-Z) =    0.10824E+02    0.20956E+01    0.75484E+01
 TTOTH(X-Z) =   -0.17524E+03   -0.10679E+05    0.31561E+04

     U(X-Z) =     0.000     0.000     0.000 A/SEC
  OMGA(X-Z) =     0.000     0.000     1.000 RAD/S

 FTOTH(X-Z) =   -0.88054E+01   -0.95515E+01   -0.39023E+01
 TTOTH(X-Z) =   -0.35259E+03    0.31537E+04   -0.14036E+05

 I,J,Ktt,Ktr,Krt,Krr=    1    1  0.1768E+02 -0.1747E+01 -0.1765E+01  0.1622E+05
 I,J,Ktt,Ktr,Krt,Krr=    1    2  0.2882E-01  0.2103E+02 -0.1082E+02  0.1752E+03
 I,J,Ktt,Ktr,Krt,Krr=    1    3  0.1774E+00 -0.6887E+01  0.8805E+01  0.3526E+03
 I,J,Ktt,Ktr,Krt,Krr=    2    1  0.2895E-01 -0.1083E+02  0.2102E+02  0.1752E+03
 I,J,Ktt,Ktr,Krt,Krr=    2    2  0.1638E+02 -0.2115E+01 -0.2096E+01  0.1068E+05
 I,J,Ktt,Ktr,Krt,Krr=    2    3 -0.9305E+00 -0.7542E+01  0.9551E+01 -0.3154E+04
 I,J,Ktt,Ktr,Krt,Krr=    3    1  0.1775E+00  0.8844E+01 -0.6847E+01  0.3495E+03
 I,J,Ktt,Ktr,Krt,Krr=    3    2 -0.9304E+00  0.9559E+01 -0.7548E+01 -0.3156E+04
 I,J,Ktt,Ktr,Krt,Krr=    3    3  0.1733E+02  0.3920E+01  0.3902E+01  0.1404E+05
  
  Friction Tensors in Center of Resistance
  
  Ktt Tensor (A)
    0.17682E+02    0.28815E-01    0.17741E+00
    0.28946E-01    0.16381E+02   -0.93052E+00
    0.17747E+00   -0.93037E+00    0.17335E+02
  
  Symmetric Krt Tensor (A^2)
   -0.17561E+01   -0.10825E+02    0.88249E+01
    0.21024E+02   -0.21051E+01    0.95553E+01
   -0.68668E+01   -0.75451E+01    0.39109E+01
  
  Krr Tensor (A^3)
    0.16220E+05    0.17524E+03    0.35259E+03
    0.17521E+03    0.10679E+05   -0.31537E+04
    0.34945E+03   -0.31561E+04    0.14036E+05
  
 Raw Dtt tensor (no rot/trans coupling correction)
    0.56562E-01   -0.13278E-03   -0.58602E-03
   -0.13325E-03    0.61235E-01    0.32884E-02
   -0.58623E-03    0.32879E-02    0.57870E-01
  
 Raw Drr tensor (no rot/trans coupling correction)
    0.61709E-04   -0.15754E-05   -0.19042E-05
   -0.15704E-05    0.10034E-03    0.22585E-04
   -0.18895E-05    0.22602E-04    0.76373E-04
  
 Raw Dtt tensor, before CD transformation
    0.56561E-01   -0.12956E-03   -0.52938E-03
   -0.13286E-03    0.61233E-01    0.32503E-02
   -0.58676E-03    0.32909E-02    0.57923E-01
  
 Program finished at:                
 Elapsed time CPU_TIME:   201.58000000000001     
