 BEST ver.3.90 SFSU/ARAGON
  
 control gtensor value=   1.0000000000000000     
 true area (A^2)=    7860.8570000000000     
 total area (A^2) =    7479.4061189437753     
 centroid coords =   -1.5513327023189714       0.83412131250986143        1.1585469316926957     
  
 first few rows of gr matrix
   9.8810364588690334       -1.5568377805200635       0.47959980425503246        1.9861343104932694      -0.44062186851582386     
  -1.5568377805200631        8.3048671293073610       0.77561165763108786      -0.44062186851582386        1.6416438459997149     
  0.47959980425503179       0.77561165763108786        10.110706003232176      -0.23041010023748831       0.23382491940600558     
   4.4294465468425468      -0.87883024281433697      -0.46316124281676613        6.5611470400916643      -0.81822618517702450     
 -0.87883024281433697        3.5767787655597809       0.47833655725226715      -0.81822618517702383        4.9839666652684169     
 -0.46316124281676613       0.47833655725226715        3.9491760289647075       0.30383552700055960       0.23684271384529187     
   2.8872540808891798      -0.29796313760151200      -0.57820379302754299        2.1476070390299418      -0.13041874240708803     
 -0.29796313760151200        2.5097173209020860       0.41237700448290393      -0.13041874240708803        1.8419458777353783     
 -0.57820379302754299       0.41237700448290393        3.9098993505256101       0.12779830518307650      -0.19207418497269627     
 first few columns of gr matrix
   9.8810364588690334       -1.5568377805200631       0.47959980425503179        4.4294465468425468      -0.87883024281433697     
  -1.5568377805200635        8.3048671293073610       0.77561165763108786      -0.87883024281433697        3.5767787655597809     
  0.47959980425503246       0.77561165763108786        10.110706003232176      -0.46316124281676613       0.47833655725226715     
   1.9861343104932694      -0.44062186851582386      -0.23041010023748831        6.5611470400916643      -0.81822618517702383     
 -0.44062186851582386        1.6416438459997149       0.23382491940600558      -0.81822618517702450        4.9839666652684169     
 -0.23041010023748831       0.23382491940600558        1.6635885701227526       0.30383552700055871       0.23684271384529210     
  0.92251098459854264      -0.11430861869562864      -0.23243304788569491        1.4275275559476230       -9.6120517058846208E-002
 -0.11430861869562864       0.84904851067770215       0.19591046108248977       -9.6120517058846208E-002   1.2411748113082801     
 -0.23243304788569491       0.19591046108248977        1.2643958374658850       0.27301495797126840      -0.11159114893349470     
  
 about to enter dgetrf
 Just out of dgetrf:                 
  
  **** TRANSLATION/ROTATION FLOWS ****
     U(X-Z) =     1.000     0.000     0.000 A/SEC
  OMGA(X-Z) =     0.000     0.000     0.000 RAD/S

 FTOTH(X-Z) =   -0.17687E+02   -0.29105E-01   -0.17627E+00
 TTOTH(X-Z) =    0.17195E+01    0.12982E+02   -0.10194E+02

     U(X-Z) =     0.000     1.000     0.000 A/SEC
  OMGA(X-Z) =     0.000     0.000     0.000 RAD/S

 FTOTH(X-Z) =   -0.28930E-01   -0.16386E+02    0.93087E+00
 TTOTH(X-Z) =   -0.23072E+02    0.21238E+01   -0.96624E+01

     U(X-Z) =     0.000     0.000     1.000 A/SEC
  OMGA(X-Z) =     0.000     0.000     0.000 RAD/S

 FTOTH(X-Z) =   -0.17625E+00    0.93100E+00   -0.17339E+02
 TTOTH(X-Z) =    0.83125E+01    0.76703E+01   -0.38991E+01

     U(X-Z) =     0.000     0.000     0.000 A/SEC
  OMGA(X-Z) =     1.000     0.000     0.000 RAD/S

 FTOTH(X-Z) =    0.17418E+01   -0.23043E+02    0.82878E+01
 TTOTH(X-Z) =   -0.16236E+05   -0.17571E+03   -0.35069E+03

     U(X-Z) =     0.000     0.000     0.000 A/SEC
  OMGA(X-Z) =     0.000     1.000     0.000 RAD/S

 FTOTH(X-Z) =    0.12960E+02    0.21076E+01    0.76501E+01
 TTOTH(X-Z) =   -0.17563E+03   -0.10693E+05    0.31611E+04

     U(X-Z) =     0.000     0.000     0.000 A/SEC
  OMGA(X-Z) =     0.000     0.000     1.000 RAD/S

 FTOTH(X-Z) =   -0.10172E+02   -0.96128E+01   -0.38881E+01
 TTOTH(X-Z) =   -0.35292E+03    0.31606E+04   -0.14047E+05

 I,J,Ktt,Ktr,Krt,Krr=    1    1  0.1769E+02 -0.1720E+01 -0.1742E+01  0.1624E+05
 I,J,Ktt,Ktr,Krt,Krr=    1    2  0.2893E-01  0.2307E+02 -0.1296E+02  0.1756E+03
 I,J,Ktt,Ktr,Krt,Krr=    1    3  0.1762E+00 -0.8312E+01  0.1017E+02  0.3529E+03
 I,J,Ktt,Ktr,Krt,Krr=    2    1  0.2910E-01 -0.1298E+02  0.2304E+02  0.1757E+03
 I,J,Ktt,Ktr,Krt,Krr=    2    2  0.1639E+02 -0.2124E+01 -0.2108E+01  0.1069E+05
 I,J,Ktt,Ktr,Krt,Krr=    2    3 -0.9310E+00 -0.7670E+01  0.9613E+01 -0.3161E+04
 I,J,Ktt,Ktr,Krt,Krr=    3    1  0.1763E+00  0.1019E+02 -0.8288E+01  0.3507E+03
 I,J,Ktt,Ktr,Krt,Krr=    3    2 -0.9309E+00  0.9662E+01 -0.7650E+01 -0.3161E+04
 I,J,Ktt,Ktr,Krt,Krr=    3    3  0.1734E+02  0.3899E+01  0.3888E+01  0.1405E+05
  
  Friction Tensors in Center of Resistance
  
  Ktt Tensor (A)
    0.17687E+02    0.28930E-01    0.17625E+00
    0.29105E-01    0.16386E+02   -0.93100E+00
    0.17627E+00   -0.93087E+00    0.17339E+02
  
  Symmetric Krt Tensor (A^2)
   -0.17307E+01   -0.12971E+02    0.10183E+02
    0.23057E+02   -0.21157E+01    0.96376E+01
   -0.83001E+01   -0.76602E+01    0.38936E+01
  
  Krr Tensor (A^3)
    0.16236E+05    0.17563E+03    0.35292E+03
    0.17571E+03    0.10693E+05   -0.31606E+04
    0.35069E+03   -0.31611E+04    0.14047E+05
  
 Raw Dtt tensor (no rot/trans coupling correction)
    0.56545E-01   -0.13289E-03   -0.58190E-03
   -0.13350E-03    0.61213E-01    0.32881E-02
   -0.58199E-03    0.32876E-02    0.57855E-01
  
 Raw Drr tensor (no rot/trans coupling correction)
    0.61648E-04   -0.15751E-05   -0.19032E-05
   -0.15724E-05    0.10022E-03    0.22588E-04
   -0.18929E-05    0.22592E-04    0.76318E-04
  
 Raw Dtt tensor, before CD transformation
    0.56544E-01   -0.12941E-03   -0.52077E-03
   -0.13304E-03    0.61211E-01    0.32423E-02
   -0.58257E-03    0.32909E-02    0.57913E-01
  
 Program finished at:                
 Elapsed time CPU_TIME:   301.07999999999998     
