 BEST ver.3.90 SFSU/ARAGON
  
 control gtensor value=   1.0000000000000000     
 true area (A^2)=    7860.8570000000000     
 total area (A^2) =    7346.1845424358753     
 centroid coords =   -1.7797137424600076       0.62076186729609151        1.1774767899291914     
  
 first few rows of gr matrix
   10.163808260771376       -1.3622128681398706       0.32716719588159471        1.9229080922933806      -0.28554913292735795     
  -1.3622128681398702        8.2457368723724951        1.0638586722877115      -0.28554913292735795        1.6232982949444650     
  0.32716719588159515        1.0638586722877115        10.144702551805441      -0.35643294758199201       0.31870473576514796     
   4.1615377195518128      -0.53034109804971374      -0.71749900198231242        7.1763709718291819      -0.84943886497311194     
 -0.53034109804971374        3.3048469727265188       0.32680821026233930      -0.84943886497311216        5.2833127014531733     
 -0.71749900198231242       0.32680821026233930        4.6152663970000480        2.4590102445458673E-003 -0.58318618993539784     
   1.8880455647728618      -0.10712876808767005      -0.57989475634570686        1.4982504851889120       -1.2146714978613721E-002
 -0.10712876808767005        1.4617727708672874       0.10114439902066105       -1.2146714978613721E-002   1.1585107022611669     
 -0.57989475634570686       0.10114439902066105        2.3430040025873500      -0.43589286829257151       -4.8576347115214469E-002
 first few columns of gr matrix
   10.163808260771376       -1.3622128681398702       0.32716719588159515        4.1615377195518128      -0.53034109804971374     
  -1.3622128681398706        8.2457368723724951        1.0638586722877115      -0.53034109804971374        3.3048469727265188     
  0.32716719588159471        1.0638586722877115        10.144702551805441      -0.71749900198231242       0.32680821026233930     
   1.9229080922933806      -0.28554913292735795      -0.35643294758199201        7.1763709718291819      -0.84943886497311216     
 -0.28554913292735795        1.6232982949444650       0.31870473576514796      -0.84943886497311194        5.2833127014531733     
 -0.35643294758199201       0.31870473576514796        2.1461690515888336        2.4590102445460893E-003 -0.58318618993539806     
   1.0131149037116436       -8.7680485684833484E-002 -0.33493989548238273        1.7844448260063863       -3.6555619920434763E-003
  -8.7680485684833484E-002  0.75407308178155619        9.1249618998765464E-002  -3.6555619920434763E-003   1.5235549675596156     
 -0.33493989548238273        9.1249618998765464E-002   1.1102944740879286      -0.56227407816058783       -7.8391645402145202E-002
  
 about to enter dgetrf
 Just out of dgetrf:                 
  
  **** TRANSLATION/ROTATION FLOWS ****
     U(X-Z) =     1.000     0.000     0.000 A/SEC
  OMGA(X-Z) =     0.000     0.000     0.000 RAD/S

 FTOTH(X-Z) =   -0.17604E+02   -0.28469E-01   -0.17126E+00
 TTOTH(X-Z) =    0.17886E+01    0.12152E+02   -0.57924E+01

     U(X-Z) =     0.000     1.000     0.000 A/SEC
  OMGA(X-Z) =     0.000     0.000     0.000 RAD/S

 FTOTH(X-Z) =   -0.28140E-01   -0.16303E+02    0.92870E+00
 TTOTH(X-Z) =   -0.22009E+02    0.18661E+01   -0.13026E+02

     U(X-Z) =     0.000     0.000     1.000 A/SEC
  OMGA(X-Z) =     0.000     0.000     0.000 RAD/S

 FTOTH(X-Z) =   -0.17150E+00    0.92876E+00   -0.17258E+02
 TTOTH(X-Z) =    0.39488E+01    0.11124E+02   -0.37469E+01

     U(X-Z) =     0.000     0.000     0.000 A/SEC
  OMGA(X-Z) =     1.000     0.000     0.000 RAD/S

 FTOTH(X-Z) =    0.18076E+01   -0.22020E+02    0.39931E+01
 TTOTH(X-Z) =   -0.16024E+05   -0.16508E+03   -0.34801E+03

     U(X-Z) =     0.000     0.000     0.000 A/SEC
  OMGA(X-Z) =     0.000     1.000     0.000 RAD/S

 FTOTH(X-Z) =    0.12130E+02    0.18829E+01    0.11229E+02
 TTOTH(X-Z) =   -0.16875E+03   -0.10527E+05    0.31079E+04

     U(X-Z) =     0.000     0.000     0.000 A/SEC
  OMGA(X-Z) =     0.000     0.000     1.000 RAD/S

 FTOTH(X-Z) =   -0.57778E+01   -0.13102E+02   -0.37510E+01
 TTOTH(X-Z) =   -0.35091E+03    0.31072E+04   -0.13862E+05

 I,J,Ktt,Ktr,Krt,Krr=    1    1  0.1760E+02 -0.1789E+01 -0.1808E+01  0.1602E+05
 I,J,Ktt,Ktr,Krt,Krr=    1    2  0.2814E-01  0.2201E+02 -0.1213E+02  0.1687E+03
 I,J,Ktt,Ktr,Krt,Krr=    1    3  0.1715E+00 -0.3949E+01  0.5778E+01  0.3509E+03
 I,J,Ktt,Ktr,Krt,Krr=    2    1  0.2847E-01 -0.1215E+02  0.2202E+02  0.1651E+03
 I,J,Ktt,Ktr,Krt,Krr=    2    2  0.1630E+02 -0.1866E+01 -0.1883E+01  0.1053E+05
 I,J,Ktt,Ktr,Krt,Krr=    2    3 -0.9288E+00 -0.1112E+02  0.1310E+02 -0.3107E+04
 I,J,Ktt,Ktr,Krt,Krr=    3    1  0.1713E+00  0.5792E+01 -0.3993E+01  0.3480E+03
 I,J,Ktt,Ktr,Krt,Krr=    3    2 -0.9287E+00  0.1303E+02 -0.1123E+02 -0.3108E+04
 I,J,Ktt,Ktr,Krt,Krr=    3    3  0.1726E+02  0.3747E+01  0.3751E+01  0.1386E+05
  
  Friction Tensors in Center of Resistance
  
  Ktt Tensor (A)
    0.17604E+02    0.28140E-01    0.17150E+00
    0.28469E-01    0.16303E+02   -0.92876E+00
    0.17126E+00   -0.92870E+00    0.17258E+02
  
  Symmetric Krt Tensor (A^2)
   -0.17981E+01   -0.12141E+02    0.57851E+01
    0.22015E+02   -0.18745E+01    0.13064E+02
   -0.39709E+01   -0.11176E+02    0.37490E+01
  
  Krr Tensor (A^3)
    0.16024E+05    0.16875E+03    0.35091E+03
    0.16508E+03    0.10527E+05   -0.31072E+04
    0.34801E+03   -0.31079E+04    0.13862E+05
  
 Raw Dtt tensor (no rot/trans coupling correction)
    0.56811E-01   -0.13062E-03   -0.57160E-03
   -0.13173E-03    0.61527E-01    0.33125E-02
   -0.57088E-03    0.33123E-02    0.58129E-01
  
 Raw Drr tensor (no rot/trans coupling correction)
    0.62466E-04   -0.15723E-05   -0.19338E-05
   -0.15448E-05    0.10177E-03    0.22851E-04
   -0.19146E-05    0.22857E-04    0.77314E-04
  
 Raw Dtt tensor, before CD transformation
    0.56810E-01   -0.12535E-03   -0.47921E-03
   -0.13130E-03    0.61524E-01    0.32695E-02
   -0.57160E-03    0.33164E-02    0.58202E-01
  
 Program finished at:                
 Elapsed time CPU_TIME:   91.876000000000005     
