 BEST ver.3.90 SFSU/ARAGON
  
 control gtensor value=   1.0000000000000000     
 true area (A^2)=    7860.8570000000000     
 total area (A^2) =    7449.0900626614693     
 centroid coords =   -1.6763836254107247       0.88455932822198213        1.3282376779846687     
  
 first few rows of gr matrix
   9.9011227979222411       -1.5600025468520715       0.48057474289818281        1.9942174131319872      -0.44241509658165357     
  -1.5600025468520720        8.3217494045267149       0.77718833420683309      -0.44241509658165357        1.6483249529285096     
  0.48057474289818236       0.77718833420683198        10.131259218443313      -0.23134781551648850       0.23477653220128331     
   4.4474733594711093      -0.88240687658832284      -0.46504620087025911        6.5744846514418267      -0.81988948928951011     
 -0.88240687658832284        3.5913354195206404       0.48028327529021986      -0.81988948928951033        4.9940981575147170     
 -0.46504620087025911       0.48028327529021986        3.9652482527873394       0.30445316903003034       0.23732417174420373     
   2.8990045304717795      -0.29917577796075306      -0.58055694738393160        2.1563472979501297      -0.13094951621997514     
 -0.29917577796075306        2.5199312840725039       0.41405528255073382      -0.13094951621997514        1.8494421671383132     
 -0.58055694738393160       0.41405528255073382        3.9258117274430027       0.12831841442866579      -0.19285588203274459     
 first few columns of gr matrix
   9.9011227979222411       -1.5600025468520720       0.48057474289818236        4.4474733594711093      -0.88240687658832284     
  -1.5600025468520715        8.3217494045267149       0.77718833420683198      -0.88240687658832284        3.5913354195206404     
  0.48057474289818281       0.77718833420683309        10.131259218443313      -0.46504620087025911       0.48028327529021986     
   1.9942174131319872      -0.44241509658165357      -0.23134781551648850        6.5744846514418267      -0.81988948928951033     
 -0.44241509658165357        1.6483249529285096       0.23477653220128331      -0.81988948928951011        4.9940981575147170     
 -0.23134781551648850       0.23477653220128331        1.6703589869519999       0.30445316903003028       0.23732417174420373     
  0.92626538878682352      -0.11477382806869031      -0.23337899608907287        1.4333372595982183       -9.6511705107389656E-002
 -0.11477382806869031       0.85250393975958871       0.19670777089006486       -9.6511705107389656E-002   1.2462261028243293     
 -0.23337899608907287       0.19670777089006486        1.2695416331334481       0.27412606506786014      -0.11204529883948579     
  
 about to enter dgetrf
 Just out of dgetrf:                 
  
  **** TRANSLATION/ROTATION FLOWS ****
     U(X-Z) =     1.000     0.000     0.000 A/SEC
  OMGA(X-Z) =     0.000     0.000     0.000 RAD/S

 FTOTH(X-Z) =   -0.17669E+02   -0.29593E-01   -0.17895E+00
 TTOTH(X-Z) =    0.17720E+01    0.15758E+02   -0.11047E+02

     U(X-Z) =     0.000     1.000     0.000 A/SEC
  OMGA(X-Z) =     0.000     0.000     0.000 RAD/S

 FTOTH(X-Z) =   -0.29446E-01   -0.16363E+02    0.92987E+00
 TTOTH(X-Z) =   -0.25665E+02    0.19729E+01   -0.11673E+02

     U(X-Z) =     0.000     0.000     1.000 A/SEC
  OMGA(X-Z) =     0.000     0.000     0.000 RAD/S

 FTOTH(X-Z) =   -0.17899E+00    0.92998E+00   -0.17318E+02
 TTOTH(X-Z) =    0.92729E+01    0.99081E+01   -0.38048E+01

     U(X-Z) =     0.000     0.000     0.000 A/SEC
  OMGA(X-Z) =     1.000     0.000     0.000 RAD/S

 FTOTH(X-Z) =    0.17968E+01   -0.25650E+02    0.92417E+01
 TTOTH(X-Z) =   -0.16197E+05   -0.18114E+03   -0.35389E+03

     U(X-Z) =     0.000     0.000     0.000 A/SEC
  OMGA(X-Z) =     0.000     1.000     0.000 RAD/S

 FTOTH(X-Z) =    0.15758E+02    0.19443E+01    0.99198E+01
 TTOTH(X-Z) =   -0.17951E+03   -0.10661E+05    0.31574E+04

     U(X-Z) =     0.000     0.000     0.000 A/SEC
  OMGA(X-Z) =     0.000     0.000     1.000 RAD/S

 FTOTH(X-Z) =   -0.11020E+02   -0.11668E+02   -0.37813E+01
 TTOTH(X-Z) =   -0.35548E+03    0.31582E+04   -0.14006E+05

 I,J,Ktt,Ktr,Krt,Krr=    1    1  0.1767E+02 -0.1772E+01 -0.1797E+01  0.1620E+05
 I,J,Ktt,Ktr,Krt,Krr=    1    2  0.2945E-01  0.2566E+02 -0.1576E+02  0.1795E+03
 I,J,Ktt,Ktr,Krt,Krr=    1    3  0.1790E+00 -0.9273E+01  0.1102E+02  0.3555E+03
 I,J,Ktt,Ktr,Krt,Krr=    2    1  0.2959E-01 -0.1576E+02  0.2565E+02  0.1811E+03
 I,J,Ktt,Ktr,Krt,Krr=    2    2  0.1636E+02 -0.1973E+01 -0.1944E+01  0.1066E+05
 I,J,Ktt,Ktr,Krt,Krr=    2    3 -0.9300E+00 -0.9908E+01  0.1167E+02 -0.3158E+04
 I,J,Ktt,Ktr,Krt,Krr=    3    1  0.1790E+00  0.1105E+02 -0.9242E+01  0.3539E+03
 I,J,Ktt,Ktr,Krt,Krr=    3    2 -0.9299E+00  0.1167E+02 -0.9920E+01 -0.3157E+04
 I,J,Ktt,Ktr,Krt,Krr=    3    3  0.1732E+02  0.3805E+01  0.3781E+01  0.1401E+05
  
  Friction Tensors in Center of Resistance
  
  Ktt Tensor (A)
    0.17669E+02    0.29446E-01    0.17899E+00
    0.29593E-01    0.16363E+02   -0.92998E+00
    0.17895E+00   -0.92987E+00    0.17318E+02
  
  Symmetric Krt Tensor (A^2)
   -0.17844E+01   -0.15758E+02    0.11033E+02
    0.25658E+02   -0.19586E+01    0.11671E+02
   -0.92573E+01   -0.99139E+01    0.37931E+01
  
  Krr Tensor (A^3)
    0.16197E+05    0.17951E+03    0.35548E+03
    0.18114E+03    0.10661E+05   -0.31582E+04
    0.35389E+03   -0.31574E+04    0.14006E+05
  
 Raw Dtt tensor (no rot/trans coupling correction)
    0.56604E-01   -0.13552E-03   -0.59230E-03
   -0.13603E-03    0.61301E-01    0.32933E-02
   -0.59222E-03    0.32929E-02    0.57927E-01
  
 Raw Drr tensor (no rot/trans coupling correction)
    0.61801E-04   -0.16128E-05   -0.19323E-05
   -0.16209E-05    0.10055E-03    0.22715E-04
   -0.19270E-05    0.22709E-04    0.76569E-04
  
 Raw Dtt tensor, before CD transformation
    0.56603E-01   -0.13074E-03   -0.50814E-03
   -0.13541E-03    0.61297E-01    0.32333E-02
   -0.59299E-03    0.32972E-02    0.58002E-01
  
 Program finished at:                
 Elapsed time CPU_TIME:   195.94799999999998     
