 BEST ver.3.90 SFSU/ARAGON
  
 control gtensor value=   1.0000000000000000     
 true area (A^2)=    7860.8570000000000     
 total area (A^2) =    7346.2386319499419     
 centroid coords =   -1.7880281989890947       0.57780872572492670        1.1600986964618270     
  
 first few rows of gr matrix
   10.163770843224153       -1.3622078532219368       0.32716599143207303        1.9228939341412272      -0.28554703046178126     
  -1.3622078532219368        8.2457065161082994        1.0638547557456945      -0.28554703046178126        1.6232863427849509     
  0.32716599143207281        1.0638547557456945        10.144665204594922      -0.35643032320700263       0.31870238917866311     
   4.1615070786260038      -0.53033719320892114      -0.71749371911930893        7.1763445523815852      -0.84943573780679560     
 -0.53033719320892114        3.3048226395165989       0.32680580401087722      -0.84943573780679560        5.2832932512040713     
 -0.71749371911930893       0.32680580401087722        4.6152324153218487        2.4590011918237953E-003 -0.58318404296486936     
   1.8880316633095078      -0.10712797931081450      -0.57989048664700105        1.4982394537421060       -1.2146625543741862E-002
 -0.10712797931081450        1.4617620080017162       0.10114365430602985       -1.2146625543741862E-002   1.1585021722794899     
 -0.57989048664700105       0.10114365430602985        2.3429867513171008      -0.43588965886328235       -4.8575989453131574E-002
 first few columns of gr matrix
   10.163770843224153       -1.3622078532219368       0.32716599143207281        4.1615070786260038      -0.53033719320892114     
  -1.3622078532219368        8.2457065161082994        1.0638547557456945      -0.53033719320892114        3.3048226395165989     
  0.32716599143207303        1.0638547557456945        10.144665204594922      -0.71749371911930893       0.32680580401087722     
   1.9228939341412272      -0.28554703046178126      -0.35643032320700263        7.1763445523815852      -0.84943573780679560     
 -0.28554703046178126        1.6232863427849509       0.31870238917866311      -0.84943573780679560        5.2832932512040713     
 -0.35643032320700263       0.31870238917866311        2.1461532495917957        2.4590011918237953E-003 -0.58318404296486936     
   1.0131074442625869       -8.7679840103454865E-002 -0.33493742935827553        1.7844316873434105       -3.6555350765592851E-003
  -8.7679840103454865E-002  0.75406752962777968        9.1248947138266853E-002  -3.6555350765592851E-003   1.5235437497988038     
 -0.33493742935827553        9.1248947138266853E-002   1.1102862991168201      -0.56226993820091709       -7.8391068213434237E-002
  
 about to enter dgetrf
 Just out of dgetrf:                 
  
  **** TRANSLATION/ROTATION FLOWS ****
     U(X-Z) =     1.000     0.000     0.000 A/SEC
  OMGA(X-Z) =     0.000     0.000     0.000 RAD/S

 FTOTH(X-Z) =   -0.17602E+02   -0.29522E-01   -0.17245E+00
 TTOTH(X-Z) =    0.17396E+01    0.11958E+02   -0.50214E+01

     U(X-Z) =     0.000     1.000     0.000 A/SEC
  OMGA(X-Z) =     0.000     0.000     0.000 RAD/S

 FTOTH(X-Z) =   -0.29175E-01   -0.16303E+02    0.92814E+00
 TTOTH(X-Z) =   -0.21762E+02    0.18607E+01   -0.13008E+02

     U(X-Z) =     0.000     0.000     1.000 A/SEC
  OMGA(X-Z) =     0.000     0.000     0.000 RAD/S

 FTOTH(X-Z) =   -0.17276E+00    0.92813E+00   -0.17257E+02
 TTOTH(X-Z) =    0.32250E+01    0.11116E+02   -0.36823E+01

     U(X-Z) =     0.000     0.000     0.000 A/SEC
  OMGA(X-Z) =     1.000     0.000     0.000 RAD/S

 FTOTH(X-Z) =    0.17744E+01   -0.21799E+02    0.32784E+01
 TTOTH(X-Z) =   -0.16020E+05   -0.17109E+03   -0.34753E+03

     U(X-Z) =     0.000     0.000     0.000 A/SEC
  OMGA(X-Z) =     0.000     1.000     0.000 RAD/S

 FTOTH(X-Z) =    0.11936E+02    0.18651E+01    0.11253E+02
 TTOTH(X-Z) =   -0.17437E+03   -0.10522E+05    0.31044E+04

     U(X-Z) =     0.000     0.000     0.000 A/SEC
  OMGA(X-Z) =     0.000     0.000     1.000 RAD/S

 FTOTH(X-Z) =   -0.49866E+01   -0.13120E+02   -0.36996E+01
 TTOTH(X-Z) =   -0.34909E+03    0.31046E+04   -0.13861E+05

 I,J,Ktt,Ktr,Krt,Krr=    1    1  0.1760E+02 -0.1740E+01 -0.1774E+01  0.1602E+05
 I,J,Ktt,Ktr,Krt,Krr=    1    2  0.2918E-01  0.2176E+02 -0.1194E+02  0.1744E+03
 I,J,Ktt,Ktr,Krt,Krr=    1    3  0.1728E+00 -0.3225E+01  0.4987E+01  0.3491E+03
 I,J,Ktt,Ktr,Krt,Krr=    2    1  0.2952E-01 -0.1196E+02  0.2180E+02  0.1711E+03
 I,J,Ktt,Ktr,Krt,Krr=    2    2  0.1630E+02 -0.1861E+01 -0.1865E+01  0.1052E+05
 I,J,Ktt,Ktr,Krt,Krr=    2    3 -0.9281E+00 -0.1112E+02  0.1312E+02 -0.3105E+04
 I,J,Ktt,Ktr,Krt,Krr=    3    1  0.1724E+00  0.5021E+01 -0.3278E+01  0.3475E+03
 I,J,Ktt,Ktr,Krt,Krr=    3    2 -0.9281E+00  0.1301E+02 -0.1125E+02 -0.3104E+04
 I,J,Ktt,Ktr,Krt,Krr=    3    3  0.1726E+02  0.3682E+01  0.3700E+01  0.1386E+05
  
  Friction Tensors in Center of Resistance
  
  Ktt Tensor (A)
    0.17602E+02    0.29175E-01    0.17276E+00
    0.29522E-01    0.16303E+02   -0.92813E+00
    0.17245E+00   -0.92814E+00    0.17257E+02
  
  Symmetric Krt Tensor (A^2)
   -0.17570E+01   -0.11947E+02    0.50040E+01
    0.21780E+02   -0.18629E+01    0.13064E+02
   -0.32517E+01   -0.11184E+02    0.36909E+01
  
  Krr Tensor (A^3)
    0.16020E+05    0.17437E+03    0.34909E+03
    0.17109E+03    0.10522E+05   -0.31046E+04
    0.34753E+03   -0.31044E+04    0.13861E+05
  
 Raw Dtt tensor (no rot/trans coupling correction)
    0.56816E-01   -0.13447E-03   -0.57602E-03
   -0.13562E-03    0.61526E-01    0.33105E-02
   -0.57508E-03    0.33105E-02    0.58133E-01
  
 Raw Drr tensor (no rot/trans coupling correction)
    0.62480E-04   -0.16058E-05   -0.19332E-05
   -0.15827E-05    0.10180E-03    0.22841E-04
   -0.19210E-05    0.22840E-04    0.77307E-04
  
 Raw Dtt tensor, before CD transformation
    0.56815E-01   -0.12917E-03   -0.48295E-03
   -0.13522E-03    0.61524E-01    0.32698E-02
   -0.57578E-03    0.33146E-02    0.58204E-01
  
 Program finished at:                
 Elapsed time CPU_TIME:   60.528000000000006     
