 BEST ver.3.90 SFSU/ARAGON
  
 control gtensor value=   1.0000000000000000     
 true area (A^2)=    7860.8570000000000     
 total area (A^2) =    7400.8233655260574     
 centroid coords =   -1.7574802689594329       0.61034931657848246        1.1089400352733694     
  
 first few rows of gr matrix
   10.126220057137512       -1.3571750778385776       0.32595725302694856        1.9087116401036299      -0.28344097984938443     
  -1.3571750778385776        8.2152421573288983        1.0599242674479488      -0.28344097984938443        1.6113138029522340     
  0.32595725302694856        1.0599242674479497        10.107185005671285      -0.35380147324399408       0.31635180139346775     
   4.1308139051853239      -0.52642569404631989      -0.71220184799006458        7.1498310286779141      -0.84629743607048713     
 -0.52642569404631989        3.2804479376240194       0.32439544953246108      -0.84629743607048713        5.2637737423751974     
 -0.71220184799006458       0.32439544953246108        4.5811927930609411        2.4499162341674596E-003 -0.58102942736163432     
   1.8741064957659808      -0.10633785746620029      -0.57561350743082318        1.4871891965779220       -1.2057038171309105E-002
 -0.10633785746620029        1.4509807900456015       0.10039766981882574       -1.2057038171309105E-002   1.1499576456372511     
 -0.57561350743082318       0.10039766981882574        2.3257060649290460      -0.43267475699054259       -4.8217717499926198E-002
 first few columns of gr matrix
   10.126220057137512       -1.3571750778385776       0.32595725302694856        4.1308139051853239      -0.52642569404631989     
  -1.3571750778385776        8.2152421573288983        1.0599242674479497      -0.52642569404631989        3.2804479376240194     
  0.32595725302694856        1.0599242674479488        10.107185005671285      -0.71220184799006458       0.32439544953246108     
   1.9087116401036299      -0.28344097984938443      -0.35380147324399408        7.1498310286779141      -0.84629743607048713     
 -0.28344097984938443        1.6113138029522340       0.31635180139346775      -0.84629743607048713        5.2637737423751974     
 -0.35380147324399408       0.31635180139346775        2.1303243076543135        2.4499162341672376E-003 -0.58102942736163454     
   1.0056352756675837       -8.7033157906668837E-002 -0.33246710012013270        1.7712706208744922       -3.6285736969428493E-003
  -8.7033157906668837E-002  0.74850590855263577        9.0575941011428837E-002  -3.6285736969428493E-003   1.5123068609329380     
 -0.33246710012013270        9.0575941011428837E-002   1.1020973883919940      -0.55812291924657764       -7.7812895304577953E-002
  
 about to enter dgetrf
 Just out of dgetrf:                 
  
  **** TRANSLATION/ROTATION FLOWS ****
     U(X-Z) =     1.000     0.000     0.000 A/SEC
  OMGA(X-Z) =     0.000     0.000     0.000 RAD/S

 FTOTH(X-Z) =   -0.17648E+02   -0.28169E-01   -0.17602E+00
 TTOTH(X-Z) =    0.17581E+01    0.11553E+02   -0.59342E+01

     U(X-Z) =     0.000     1.000     0.000 A/SEC
  OMGA(X-Z) =     0.000     0.000     0.000 RAD/S

 FTOTH(X-Z) =   -0.27893E-01   -0.16343E+02    0.93275E+00
 TTOTH(X-Z) =   -0.21568E+02    0.18805E+01   -0.12873E+02

     U(X-Z) =     0.000     0.000     1.000 A/SEC
  OMGA(X-Z) =     0.000     0.000     0.000 RAD/S

 FTOTH(X-Z) =   -0.17610E+00    0.93281E+00   -0.17298E+02
 TTOTH(X-Z) =    0.40092E+01    0.11025E+02   -0.37028E+01

     U(X-Z) =     0.000     0.000     0.000 A/SEC
  OMGA(X-Z) =     1.000     0.000     0.000 RAD/S

 FTOTH(X-Z) =    0.17951E+01   -0.21599E+02    0.39541E+01
 TTOTH(X-Z) =   -0.16141E+05   -0.17325E+03   -0.35054E+03

     U(X-Z) =     0.000     0.000     0.000 A/SEC
  OMGA(X-Z) =     0.000     1.000     0.000 RAD/S

 FTOTH(X-Z) =    0.11543E+02    0.18664E+01    0.11071E+02
 TTOTH(X-Z) =   -0.17249E+03   -0.10610E+05    0.31443E+04

     U(X-Z) =     0.000     0.000     0.000 A/SEC
  OMGA(X-Z) =     0.000     0.000     1.000 RAD/S

 FTOTH(X-Z) =   -0.58882E+01   -0.12906E+02   -0.37073E+01
 TTOTH(X-Z) =   -0.35280E+03    0.31434E+04   -0.13965E+05

 I,J,Ktt,Ktr,Krt,Krr=    1    1  0.1765E+02 -0.1758E+01 -0.1795E+01  0.1614E+05
 I,J,Ktt,Ktr,Krt,Krr=    1    2  0.2789E-01  0.2157E+02 -0.1154E+02  0.1725E+03
 I,J,Ktt,Ktr,Krt,Krr=    1    3  0.1761E+00 -0.4009E+01  0.5888E+01  0.3528E+03
 I,J,Ktt,Ktr,Krt,Krr=    2    1  0.2817E-01 -0.1155E+02  0.2160E+02  0.1733E+03
 I,J,Ktt,Ktr,Krt,Krr=    2    2  0.1634E+02 -0.1880E+01 -0.1866E+01  0.1061E+05
 I,J,Ktt,Ktr,Krt,Krr=    2    3 -0.9328E+00 -0.1102E+02  0.1291E+02 -0.3143E+04
 I,J,Ktt,Ktr,Krt,Krr=    3    1  0.1760E+00  0.5934E+01 -0.3954E+01  0.3505E+03
 I,J,Ktt,Ktr,Krt,Krr=    3    2 -0.9328E+00  0.1287E+02 -0.1107E+02 -0.3144E+04
 I,J,Ktt,Ktr,Krt,Krr=    3    3  0.1730E+02  0.3703E+01  0.3707E+01  0.1396E+05
  
  Friction Tensors in Center of Resistance
  
  Ktt Tensor (A)
    0.17648E+02    0.27893E-01    0.17610E+00
    0.28169E-01    0.16343E+02   -0.93281E+00
    0.17602E+00   -0.93275E+00    0.17298E+02
  
  Symmetric Krt Tensor (A^2)
   -0.17766E+01   -0.11548E+02    0.59112E+01
    0.21583E+02   -0.18735E+01    0.12890E+02
   -0.39817E+01   -0.11048E+02    0.37051E+01
  
  Krr Tensor (A^3)
    0.16141E+05    0.17249E+03    0.35280E+03
    0.17325E+03    0.10610E+05   -0.31434E+04
    0.35054E+03   -0.31443E+04    0.13965E+05
  
 Raw Dtt tensor (no rot/trans coupling correction)
    0.56670E-01   -0.13005E-03   -0.58394E-03
   -0.13100E-03    0.61379E-01    0.33113E-02
   -0.58375E-03    0.33111E-02    0.57996E-01
  
 Raw Drr tensor (no rot/trans coupling correction)
    0.62014E-04   -0.15776E-05   -0.19218E-05
   -0.15791E-05    0.10102E-03    0.22779E-04
   -0.19122E-05    0.22786E-04    0.76785E-04
  
 Raw Dtt tensor, before CD transformation
    0.56669E-01   -0.12503E-03   -0.49595E-03
   -0.13058E-03    0.61377E-01    0.32698E-02
   -0.58445E-03    0.33151E-02    0.58066E-01
  
 Program finished at:                
 Elapsed time CPU_TIME:   93.171999999999997     
