 BEST ver.3.90 SFSU/ARAGON
  
 control gtensor value=   1.0000000000000000     
 true area (A^2)=    7860.8570000000000     
 total area (A^2) =    7284.4098175816098     
 centroid coords =   -1.6532479474548500       0.66062282430213437        1.0605811165845656     
  
 first few rows of gr matrix
   10.206813867883810       -1.3679767304548283       0.32855152186701009        1.7412422499597289      -0.22157122661681264     
  -1.3679767304548291        8.2806266411665845        1.0683601236049456      -0.22157122661681264        1.2299289672363201     
  0.32855152186700987        1.0683601236049465        10.187627317899205      -0.47843873308443874       0.15146597409179327     
   2.0518771376167408      -0.20872159412214331      -0.61166631202151889        7.6464241689673624       -1.3930135501080123     
 -0.20872159412214331        1.5040164445953603       0.19093919960942896       -1.3930135501080123        9.2725460306480372     
 -0.61166631202151889       0.19093919960942896        2.1489219301868978      -0.43562700751732875      -0.38583682514992867     
   1.2861376089429468      -0.11408221320257937      -0.41788205607500534        2.7249473139624305      -0.26272930497652996     
 -0.11408221320257937        1.0106452980366987       0.14611874760991581      -0.26272930497652996        2.7449018736263096     
 -0.41788205607500534       0.14611874760991581        1.5737690786473868      -0.59696250266410300       0.23096101127685711     
 first few columns of gr matrix
   10.206813867883810       -1.3679767304548291       0.32855152186700987        2.0518771376167408      -0.20872159412214331     
  -1.3679767304548283        8.2806266411665845        1.0683601236049465      -0.20872159412214331        1.5040164445953603     
  0.32855152186701009        1.0683601236049456        10.187627317899205      -0.61166631202151889       0.19093919960942896     
   1.7412422499597289      -0.22157122661681264      -0.47843873308443874        7.6464241689673624       -1.3930135501080123     
 -0.22157122661681264        1.2299289672363201       0.15146597409179327       -1.3930135501080123        9.2725460306480372     
 -0.47843873308443874       0.15146597409179327        1.5618646881314524      -0.43562700751732886      -0.38583682514992867     
  0.98853842529955760       -8.8822182044851108E-002 -0.33140297548231701        2.4014758744462426      -0.16058179799898489     
  -8.8822182044851108E-002  0.75884889924034538       0.10443250278196264      -0.16058179799898489        2.4644205207757266     
 -0.33140297548231701       0.10443250278196264        1.1420020719040251      -0.42495817344454373        5.8370536159212732E-003
  
 about to enter dgetrf
 Just out of dgetrf:                 
  
  **** TRANSLATION/ROTATION FLOWS ****
     U(X-Z) =     1.000     0.000     0.000 A/SEC
  OMGA(X-Z) =     0.000     0.000     0.000 RAD/S

 FTOTH(X-Z) =   -0.17558E+02   -0.23771E-01   -0.17294E+00
 TTOTH(X-Z) =    0.17543E+01    0.10186E+02   -0.59148E+01

     U(X-Z) =     0.000     1.000     0.000 A/SEC
  OMGA(X-Z) =     0.000     0.000     0.000 RAD/S

 FTOTH(X-Z) =   -0.23406E-01   -0.16266E+02    0.93051E+00
 TTOTH(X-Z) =   -0.20257E+02    0.19014E+01   -0.10681E+02

     U(X-Z) =     0.000     0.000     1.000 A/SEC
  OMGA(X-Z) =     0.000     0.000     0.000 RAD/S

 FTOTH(X-Z) =   -0.17285E+00    0.93067E+00   -0.17213E+02
 TTOTH(X-Z) =    0.39932E+01    0.86692E+01   -0.37325E+01

     U(X-Z) =     0.000     0.000     0.000 A/SEC
  OMGA(X-Z) =     1.000     0.000     0.000 RAD/S

 FTOTH(X-Z) =    0.18033E+01   -0.20197E+02    0.39756E+01
 TTOTH(X-Z) =   -0.15908E+05   -0.15526E+03   -0.33377E+03

     U(X-Z) =     0.000     0.000     0.000 A/SEC
  OMGA(X-Z) =     0.000     1.000     0.000 RAD/S

 FTOTH(X-Z) =    0.10108E+02    0.18871E+01    0.87041E+01
 TTOTH(X-Z) =   -0.15887E+03   -0.10434E+05    0.30813E+04

     U(X-Z) =     0.000     0.000     0.000 A/SEC
  OMGA(X-Z) =     0.000     0.000     1.000 RAD/S

 FTOTH(X-Z) =   -0.57779E+01   -0.10805E+02   -0.37599E+01
 TTOTH(X-Z) =   -0.33729E+03    0.30850E+04   -0.13757E+05

 I,J,Ktt,Ktr,Krt,Krr=    1    1  0.1756E+02 -0.1754E+01 -0.1803E+01  0.1591E+05
 I,J,Ktt,Ktr,Krt,Krr=    1    2  0.2341E-01  0.2026E+02 -0.1011E+02  0.1589E+03
 I,J,Ktt,Ktr,Krt,Krr=    1    3  0.1728E+00 -0.3993E+01  0.5778E+01  0.3373E+03
 I,J,Ktt,Ktr,Krt,Krr=    2    1  0.2377E-01 -0.1019E+02  0.2020E+02  0.1553E+03
 I,J,Ktt,Ktr,Krt,Krr=    2    2  0.1627E+02 -0.1901E+01 -0.1887E+01  0.1043E+05
 I,J,Ktt,Ktr,Krt,Krr=    2    3 -0.9307E+00 -0.8669E+01  0.1080E+02 -0.3085E+04
 I,J,Ktt,Ktr,Krt,Krr=    3    1  0.1729E+00  0.5915E+01 -0.3976E+01  0.3338E+03
 I,J,Ktt,Ktr,Krt,Krr=    3    2 -0.9305E+00  0.1068E+02 -0.8704E+01 -0.3081E+04
 I,J,Ktt,Ktr,Krt,Krr=    3    3  0.1721E+02  0.3732E+01  0.3760E+01  0.1376E+05
  
  Friction Tensors in Center of Resistance
  
  Ktt Tensor (A)
    0.17558E+02    0.23406E-01    0.17285E+00
    0.23771E-01    0.16266E+02   -0.93067E+00
    0.17294E+00   -0.93051E+00    0.17213E+02
  
  Symmetric Krt Tensor (A^2)
   -0.17788E+01   -0.10147E+02    0.58463E+01
    0.20227E+02   -0.18943E+01    0.10743E+02
   -0.39844E+01   -0.86866E+01    0.37462E+01
  
  Krr Tensor (A^3)
    0.15908E+05    0.15887E+03    0.33729E+03
    0.15526E+03    0.10434E+05   -0.30850E+04
    0.33377E+03   -0.30813E+04    0.13757E+05
  
 Raw Dtt tensor (no rot/trans coupling correction)
    0.56961E-01   -0.11504E-03   -0.57820E-03
   -0.11634E-03    0.61669E-01    0.33354E-02
   -0.57856E-03    0.33348E-02    0.58280E-01
  
 Raw Drr tensor (no rot/trans coupling correction)
    0.62914E-04   -0.15137E-05   -0.18820E-05
   -0.14859E-05    0.10267E-03    0.23060E-04
   -0.18592E-05    0.23033E-04    0.77900E-04
  
 Raw Dtt tensor, before CD transformation
    0.56960E-01   -0.11103E-03   -0.50823E-03
   -0.11601E-03    0.61667E-01    0.33013E-02
   -0.57909E-03    0.33379E-02    0.58334E-01
  
 Program finished at:                
 Elapsed time CPU_TIME:   33.388000000000005     
