 BEST ver.3.90 SFSU/ARAGON
  
 control gtensor value=   1.0000000000000000     
 true area (A^2)=    7860.8570000000000     
 total area (A^2) =    7410.3591372092005     
 centroid coords =   -1.6965544851209580       0.57603318347248866        1.1670758938128858     
  
 first few rows of gr matrix
   10.119702666761011       -1.3563015791646773       0.32574746194478332        1.9062554786582830      -0.28307624334749071     
  -1.3563015791646769        8.2099547016075416        1.0592420839499108      -0.28307624334749071        1.6092403379216804     
  0.32574746194478332        1.0592420839499108        10.100679866545548      -0.35334619570513959       0.31594471470660462     
   4.1254983060981480      -0.52574828082873848      -0.71128537497046218        7.1452292878825325      -0.84575274607418205     
 -0.52574828082873848        3.2762266034116849       0.32397801214726035      -0.84575274607418227        5.2603858969462944     
 -0.71128537497046218       0.32397801214726035        4.5752976390338054        2.4483394305432893E-003 -0.58065546792000822     
   1.8716948647879577      -0.10620102016705027      -0.57487279852819673        1.4852754571267608       -1.2041522976830230E-002
 -0.10620102016705027        1.4491136441658456       0.10026847645057299       -1.2041522976830230E-002   1.1484778612771389     
 -0.57487279852819673       0.10026847645057299        2.3227133082182543      -0.43211798401647966       -4.8155670150175765E-002
 first few columns of gr matrix
   10.119702666761011       -1.3563015791646769       0.32574746194478332        4.1254983060981480      -0.52574828082873848     
  -1.3563015791646773        8.2099547016075416        1.0592420839499108      -0.52574828082873848        3.2762266034116849     
  0.32574746194478332        1.0592420839499108        10.100679866545548      -0.71128537497046218       0.32397801214726035     
   1.9062554786582830      -0.28307624334749071      -0.35334619570513959        7.1452292878825325      -0.84575274607418227     
 -0.28307624334749071        1.6092403379216804       0.31594471470660462      -0.84575274607418205        5.2603858969462944     
 -0.35334619570513959       0.31594471470660462        2.1275829713934495        2.4483394305432893E-003 -0.58065546792000799     
   1.0043412077003337       -8.6921162211548969E-002 -0.33203927600254241        1.7689913207870103       -3.6239043887931217E-003
  -8.6921162211548969E-002  0.74754271887244839        9.0459386404900824E-002  -3.6239043887931217E-003   1.5103607996592936     
 -0.33203927600254241        9.0459386404900824E-002   1.1006791913959098      -0.55740471751970955       -7.7712764394605865E-002
  
 about to enter dgetrf
 Just out of dgetrf:                 
  
  **** TRANSLATION/ROTATION FLOWS ****
     U(X-Z) =     1.000     0.000     0.000 A/SEC
  OMGA(X-Z) =     0.000     0.000     0.000 RAD/S

 FTOTH(X-Z) =   -0.17649E+02   -0.28932E-01   -0.17434E+00
 TTOTH(X-Z) =    0.17590E+01    0.12475E+02   -0.50730E+01

     U(X-Z) =     0.000     1.000     0.000 A/SEC
  OMGA(X-Z) =     0.000     0.000     0.000 RAD/S

 FTOTH(X-Z) =   -0.28574E-01   -0.16344E+02    0.93285E+00
 TTOTH(X-Z) =   -0.22480E+02    0.18712E+01   -0.11899E+02

     U(X-Z) =     0.000     0.000     1.000 A/SEC
  OMGA(X-Z) =     0.000     0.000     0.000 RAD/S

 FTOTH(X-Z) =   -0.17444E+00    0.93296E+00   -0.17300E+02
 TTOTH(X-Z) =    0.33528E+01    0.99636E+01   -0.36950E+01

     U(X-Z) =     0.000     0.000     0.000 A/SEC
  OMGA(X-Z) =     1.000     0.000     0.000 RAD/S

 FTOTH(X-Z) =    0.17659E+01   -0.22490E+02    0.33210E+01
 TTOTH(X-Z) =   -0.16152E+05   -0.17747E+03   -0.35095E+03

     U(X-Z) =     0.000     0.000     0.000 A/SEC
  OMGA(X-Z) =     0.000     1.000     0.000 RAD/S

 FTOTH(X-Z) =    0.12465E+02    0.18784E+01    0.99994E+01
 TTOTH(X-Z) =   -0.17566E+03   -0.10608E+05    0.31411E+04

     U(X-Z) =     0.000     0.000     0.000 A/SEC
  OMGA(X-Z) =     0.000     0.000     1.000 RAD/S

 FTOTH(X-Z) =   -0.50381E+01   -0.11908E+02   -0.36925E+01
 TTOTH(X-Z) =   -0.35371E+03    0.31393E+04   -0.13967E+05

 I,J,Ktt,Ktr,Krt,Krr=    1    1  0.1765E+02 -0.1759E+01 -0.1766E+01  0.1615E+05
 I,J,Ktt,Ktr,Krt,Krr=    1    2  0.2857E-01  0.2248E+02 -0.1246E+02  0.1757E+03
 I,J,Ktt,Ktr,Krt,Krr=    1    3  0.1744E+00 -0.3353E+01  0.5038E+01  0.3537E+03
 I,J,Ktt,Ktr,Krt,Krr=    2    1  0.2893E-01 -0.1247E+02  0.2249E+02  0.1775E+03
 I,J,Ktt,Ktr,Krt,Krr=    2    2  0.1634E+02 -0.1871E+01 -0.1878E+01  0.1061E+05
 I,J,Ktt,Ktr,Krt,Krr=    2    3 -0.9330E+00 -0.9964E+01  0.1191E+02 -0.3139E+04
 I,J,Ktt,Ktr,Krt,Krr=    3    1  0.1743E+00  0.5073E+01 -0.3321E+01  0.3509E+03
 I,J,Ktt,Ktr,Krt,Krr=    3    2 -0.9329E+00  0.1190E+02 -0.9999E+01 -0.3141E+04
 I,J,Ktt,Ktr,Krt,Krr=    3    3  0.1730E+02  0.3695E+01  0.3692E+01  0.1397E+05
  
  Friction Tensors in Center of Resistance
  
  Ktt Tensor (A)
    0.17649E+02    0.28574E-01    0.17444E+00
    0.28932E-01    0.16344E+02   -0.93296E+00
    0.17434E+00   -0.93285E+00    0.17300E+02
  
  Symmetric Krt Tensor (A^2)
   -0.17625E+01   -0.12470E+02    0.50555E+01
    0.22485E+02   -0.18748E+01    0.11903E+02
   -0.33369E+01   -0.99815E+01    0.36937E+01
  
  Krr Tensor (A^3)
    0.16152E+05    0.17566E+03    0.35371E+03
    0.17747E+03    0.10608E+05   -0.31393E+04
    0.35095E+03   -0.31411E+04    0.13967E+05
  
 Raw Dtt tensor (no rot/trans coupling correction)
    0.56668E-01   -0.13209E-03   -0.57849E-03
   -0.13332E-03    0.61373E-01    0.33110E-02
   -0.57825E-03    0.33106E-02    0.57986E-01
  
 Raw Drr tensor (no rot/trans coupling correction)
    0.61971E-04   -0.15971E-05   -0.19283E-05
   -0.16043E-05    0.10103E-03    0.22747E-04
   -0.19179E-05    0.22760E-04    0.76760E-04
  
 Raw Dtt tensor, before CD transformation
    0.56667E-01   -0.12714E-03   -0.49186E-03
   -0.13295E-03    0.61371E-01    0.32737E-02
   -0.57884E-03    0.33140E-02    0.58046E-01
  
 Program finished at:                
 Elapsed time CPU_TIME:   137.52799999999999     
