 BEST ver.3.90 SFSU/ARAGON
  
 control gtensor value=   1.0000000000000000     
 true area (A^2)=    29756.738000000001     
 total area (A^2) =    27103.229686714560     
 centroid coords =   -1.9857439931699099        2.9287103305281175        38.304728686425292     
  
 first few rows of gr matrix
   8.5191609041513168       -1.2412195005198563       0.32991616292559656        1.1021761283204106       0.34044822093789429     
  -1.2412195005198554        7.0220265367942094       0.67071486145327763       0.34044822093789429        1.3127637784022737     
  0.32991616292559756       0.67071486145327741        8.9565892873257056       0.13661082811397973       0.19629069790160078     
  0.76341263595500530       0.23676596262455374       0.10985447938860519        10.737549233323220      -0.23555188968471119     
  0.23676596262455374       0.92526083574867524       0.15489176025776333      -0.23555188968471119        8.4010001117951418     
  0.10985447938860519       0.15489176025776333       0.66296018771145204      -0.38191747401180920       -1.5559192833286142     
  0.92144919263175307       0.24406458529652958       0.14896448683816094        3.9501903488604753       0.86804784868171070     
  0.24406458529652958        1.2248146523707988       0.26862548908668143       0.86804784868171070        3.8801831537098219     
  0.14896448683816094       0.26862548908668143       0.93915630297000252       -3.9820517553844165E-002  -7.9690867953714301E-002
 first few columns of gr matrix
   8.5191609041513168       -1.2412195005198554       0.32991616292559756       0.76341263595500530       0.23676596262455374     
  -1.2412195005198563        7.0220265367942094       0.67071486145327741       0.23676596262455374       0.92526083574867524     
  0.32991616292559656       0.67071486145327763        8.9565892873257056       0.10985447938860519       0.15489176025776333     
   1.1021761283204106       0.34044822093789429       0.13661082811397973        10.737549233323220      -0.23555188968471119     
  0.34044822093789429        1.3127637784022737       0.19629069790160078      -0.23555188968471119        8.4010001117951418     
  0.13661082811397973       0.19629069790160078       0.91953855368360515      -0.38191747401180931       -1.5559192833286137     
   2.1376874106484864       0.50498710799396340       0.45007925745149874        4.8338027386066988        1.1085819745978671     
  0.50498710799396340        2.5808345540801607       0.60144184773405185        1.1085819745978671        4.5552585653338280     
  0.45007925745149874       0.60144184773405185        2.2806338729270030       -9.1819102711713535E-002 -0.14745650839571864     
  
 about to enter dgetrf
 Just out of dgetrf:                 
  
  **** TRANSLATION/ROTATION FLOWS ****
     U(X-Z) =     1.000     0.000     0.000 A/SEC
  OMGA(X-Z) =     0.000     0.000     0.000 RAD/S

 FTOTH(X-Z) =   -0.29745E+02   -0.50901E+00    0.48477E+00
 TTOTH(X-Z) =   -0.47535E+00    0.42101E+01    0.51269E+01

     U(X-Z) =     0.000     1.000     0.000 A/SEC
  OMGA(X-Z) =     0.000     0.000     0.000 RAD/S

 FTOTH(X-Z) =   -0.50915E+00   -0.30737E+02   -0.21381E+00
 TTOTH(X-Z) =   -0.46946E+01    0.23535E+00    0.23963E+01

     U(X-Z) =     0.000     0.000     1.000 A/SEC
  OMGA(X-Z) =     0.000     0.000     0.000 RAD/S

 FTOTH(X-Z) =    0.48461E+00   -0.21410E+00   -0.30778E+02
 TTOTH(X-Z) =   -0.60225E+01   -0.27019E+01    0.13137E+00

     U(X-Z) =     0.000     0.000     0.000 A/SEC
  OMGA(X-Z) =     1.000     0.000     0.000 RAD/S

 FTOTH(X-Z) =   -0.50928E+00   -0.45905E+01   -0.61625E+01
 TTOTH(X-Z) =   -0.64361E+05   -0.40369E+04    0.37742E+04

     U(X-Z) =     0.000     0.000     0.000 A/SEC
  OMGA(X-Z) =     0.000     1.000     0.000 RAD/S

 FTOTH(X-Z) =    0.42985E+01    0.30889E+00   -0.25405E+01
 TTOTH(X-Z) =   -0.40409E+04   -0.72202E+05   -0.15702E+04

     U(X-Z) =     0.000     0.000     0.000 A/SEC
  OMGA(X-Z) =     0.000     0.000     1.000 RAD/S

 FTOTH(X-Z) =    0.52555E+01    0.22414E+01    0.69440E-01
 TTOTH(X-Z) =    0.37962E+04   -0.15695E+04   -0.72337E+05

 I,J,Ktt,Ktr,Krt,Krr=    1    1  0.2975E+02  0.4753E+00  0.5093E+00  0.6436E+05
 I,J,Ktt,Ktr,Krt,Krr=    1    2  0.5092E+00  0.4695E+01 -0.4298E+01  0.4041E+04
 I,J,Ktt,Ktr,Krt,Krr=    1    3 -0.4846E+00  0.6022E+01 -0.5255E+01 -0.3796E+04
 I,J,Ktt,Ktr,Krt,Krr=    2    1  0.5090E+00 -0.4210E+01  0.4590E+01  0.4037E+04
 I,J,Ktt,Ktr,Krt,Krr=    2    2  0.3074E+02 -0.2354E+00 -0.3089E+00  0.7220E+05
 I,J,Ktt,Ktr,Krt,Krr=    2    3  0.2141E+00  0.2702E+01 -0.2241E+01  0.1569E+04
 I,J,Ktt,Ktr,Krt,Krr=    3    1 -0.4848E+00 -0.5127E+01  0.6162E+01 -0.3774E+04
 I,J,Ktt,Ktr,Krt,Krr=    3    2  0.2138E+00 -0.2396E+01  0.2541E+01  0.1570E+04
 I,J,Ktt,Ktr,Krt,Krr=    3    3  0.3078E+02 -0.1314E+00 -0.6944E-01  0.7234E+05
  
  Friction Tensors in Center of Resistance
  
  Ktt Tensor (A)
    0.29745E+02    0.50915E+00   -0.48461E+00
    0.50901E+00    0.30737E+02    0.21410E+00
   -0.48477E+00    0.21381E+00    0.30778E+02
  
  Symmetric Krt Tensor (A^2)
    0.49231E+00   -0.42543E+01   -0.51912E+01
    0.46425E+01   -0.27212E+00   -0.23189E+01
    0.60925E+01    0.26212E+01   -0.10041E+00
  
  Krr Tensor (A^3)
    0.64361E+05    0.40409E+04   -0.37962E+04
    0.40369E+04    0.72202E+05    0.15695E+04
   -0.37742E+04    0.15702E+04    0.72337E+05
  
 Raw Dtt tensor (no rot/trans coupling correction)
    0.33637E-01   -0.56091E-03    0.53353E-03
   -0.56076E-03    0.32545E-01   -0.23522E-03
    0.53370E-03   -0.23492E-03    0.32501E-01
  
 Raw Drr tensor (no rot/trans coupling correction)
    0.15643E-04   -0.89373E-06    0.84031E-06
   -0.89276E-06    0.13908E-04   -0.34860E-06
    0.83553E-06   -0.34852E-06    0.13876E-04
  
 Raw Dtt tensor, before CD transformation
    0.33637E-01   -0.56090E-03    0.53332E-03
   -0.56075E-03    0.32545E-01   -0.23487E-03
    0.53371E-03   -0.23492E-03    0.32501E-01
  
 Program finished at:                
 Elapsed time CPU_TIME:   460.13200000000001     
