 BEST ver.3.90 SFSU/ARAGON
  
 control gtensor value=   1.0000000000000000     
 true area (A^2)=    29756.738000000001     
 total area (A^2) =    26653.189696586589     
 centroid coords =   -1.9179036796536826        3.0623463976499736        38.295912028447873     
  
 first few rows of gr matrix
   10.148894553187237       -1.4548442055076238      -0.12990427462548523       0.95570033662834808       0.29591315384926803     
  -1.4548442055076247        7.8296588999456658       0.30578593613743166       0.29591315384926803        1.2858605533542096     
 -0.12990427462548615       0.30578593613743210        10.479386643218380        8.9582741644621044E-002  0.16899885807135395     
   1.0563994401261023       0.29018877606863314       0.10065977450199395        9.7058574546044412       0.21402449921745162     
  0.29018877606863314        1.5331378556946060       0.23523885194878755       0.21402449921745159        8.9160139194779902     
  0.10065977450199395       0.23523885194878755       0.98898683696392020      -0.72074763055234126      -0.92274213026788665     
   2.5531573005081527       0.21076344832438756       0.63010090269313035        1.1372296031790468       0.26634645875612956     
  0.21076344832438756        2.1575916037948373       0.45491317167888240       0.26634645875612956        1.8756371101165987     
  0.63010090269313035       0.45491317167888240        3.0767676877210128       -2.9981018492302714E-002  -5.3165634536098613E-002
 first few columns of gr matrix
   10.148894553187237       -1.4548442055076247      -0.12990427462548615        1.0563994401261023       0.29018877606863314     
  -1.4548442055076238        7.8296588999456658       0.30578593613743210       0.29018877606863314        1.5331378556946060     
 -0.12990427462548523       0.30578593613743166        10.479386643218380       0.10065977450199395       0.23523885194878755     
  0.95570033662834808       0.29591315384926803        8.9582741644621044E-002   9.7058574546044412       0.21402449921745159     
  0.29591315384926803        1.2858605533542096       0.16899885807135395       0.21402449921745162        8.9160139194779902     
   8.9582741644621044E-002  0.16899885807135395       0.82707859849593290      -0.72074763055234081      -0.92274213026788665     
   3.3207520849077947       0.29238967064562454       0.97370122308264728        1.8600262307550397       0.42402981791401367     
  0.29238967064562454        2.9934767683219667       0.52040199387184705       0.42402981791401367        3.0958632774416590     
  0.97370122308264728       0.52040199387184705        3.9634802706992982       -5.7620895444004450E-002 -0.17125908547618779     
  
 about to enter dgetrf
 Just out of dgetrf:                 
  
  **** TRANSLATION/ROTATION FLOWS ****
     U(X-Z) =     1.000     0.000     0.000 A/SEC
  OMGA(X-Z) =     0.000     0.000     0.000 RAD/S

 FTOTH(X-Z) =   -0.29640E+02   -0.49185E+00    0.47993E+00
 TTOTH(X-Z) =   -0.52475E+00    0.26145E+01    0.41140E-01

     U(X-Z) =     0.000     1.000     0.000 A/SEC
  OMGA(X-Z) =     0.000     0.000     0.000 RAD/S

 FTOTH(X-Z) =   -0.49209E+00   -0.30603E+02   -0.20386E+00
 TTOTH(X-Z) =   -0.24850E+01    0.48974E+00    0.26339E+01

     U(X-Z) =     0.000     0.000     1.000 A/SEC
  OMGA(X-Z) =     0.000     0.000     0.000 RAD/S

 FTOTH(X-Z) =    0.47938E+00   -0.20411E+00   -0.30638E+02
 TTOTH(X-Z) =   -0.25007E+00   -0.33695E+01   -0.11289E+00

     U(X-Z) =     0.000     0.000     0.000 A/SEC
  OMGA(X-Z) =     1.000     0.000     0.000 RAD/S

 FTOTH(X-Z) =   -0.49491E+00   -0.24927E+01   -0.36053E+00
 TTOTH(X-Z) =   -0.63589E+05   -0.38376E+04    0.36449E+04

     U(X-Z) =     0.000     0.000     0.000 A/SEC
  OMGA(X-Z) =     0.000     1.000     0.000 RAD/S

 FTOTH(X-Z) =    0.26806E+01    0.57402E+00   -0.32184E+01
 TTOTH(X-Z) =   -0.38317E+04   -0.71243E+05   -0.15908E+04

     U(X-Z) =     0.000     0.000     0.000 A/SEC
  OMGA(X-Z) =     0.000     0.000     1.000 RAD/S

 FTOTH(X-Z) =    0.19580E+00    0.25967E+01   -0.22719E+00
 TTOTH(X-Z) =    0.36517E+04   -0.15891E+04   -0.71198E+05

 I,J,Ktt,Ktr,Krt,Krr=    1    1  0.2964E+02  0.5247E+00  0.4949E+00  0.6359E+05
 I,J,Ktt,Ktr,Krt,Krr=    1    2  0.4921E+00  0.2485E+01 -0.2681E+01  0.3832E+04
 I,J,Ktt,Ktr,Krt,Krr=    1    3 -0.4794E+00  0.2501E+00 -0.1958E+00 -0.3652E+04
 I,J,Ktt,Ktr,Krt,Krr=    2    1  0.4918E+00 -0.2615E+01  0.2493E+01  0.3838E+04
 I,J,Ktt,Ktr,Krt,Krr=    2    2  0.3060E+02 -0.4897E+00 -0.5740E+00  0.7124E+05
 I,J,Ktt,Ktr,Krt,Krr=    2    3  0.2041E+00  0.3369E+01 -0.2597E+01  0.1589E+04
 I,J,Ktt,Ktr,Krt,Krr=    3    1 -0.4799E+00 -0.4114E-01  0.3605E+00 -0.3645E+04
 I,J,Ktt,Ktr,Krt,Krr=    3    2  0.2039E+00 -0.2634E+01  0.3218E+01  0.1591E+04
 I,J,Ktt,Ktr,Krt,Krr=    3    3  0.3064E+02  0.1129E+00  0.2272E+00  0.7120E+05
  
  Friction Tensors in Center of Resistance
  
  Ktt Tensor (A)
    0.29640E+02    0.49209E+00   -0.47938E+00
    0.49185E+00    0.30603E+02    0.20411E+00
   -0.47993E+00    0.20386E+00    0.30638E+02
  
  Symmetric Krt Tensor (A^2)
    0.50983E+00   -0.26475E+01   -0.11847E+00
    0.24889E+01   -0.53188E+00   -0.26153E+01
    0.30530E+00    0.32940E+01    0.17004E+00
  
  Krr Tensor (A^3)
    0.63589E+05    0.38317E+04   -0.36517E+04
    0.38376E+04    0.71243E+05    0.15891E+04
   -0.36449E+04    0.15908E+04    0.71198E+05
  
 Raw Dtt tensor (no rot/trans coupling correction)
    0.33756E-01   -0.54634E-03    0.53179E-03
   -0.54607E-03    0.32687E-01   -0.22630E-03
    0.53240E-03   -0.22605E-03    0.32649E-01
  
 Raw Drr tensor (no rot/trans coupling correction)
    0.15826E-04   -0.86974E-06    0.83113E-06
   -0.87101E-06    0.14091E-04   -0.35918E-06
    0.82966E-06   -0.35937E-06    0.14096E-04
  
 Raw Dtt tensor, before CD transformation
    0.33756E-01   -0.54634E-03    0.53169E-03
   -0.54607E-03    0.32687E-01   -0.22627E-03
    0.53240E-03   -0.22605E-03    0.32649E-01
  
 Program finished at:                
 Elapsed time CPU_TIME:   232.22799999999998     
