 BEST ver.3.90 SFSU/ARAGON
  
 control gtensor value=   1.0000000000000000     
 true area (A^2)=    29756.738000000001     
 total area (A^2) =    26376.416180948385     
 centroid coords =   -1.6902708564045730        2.6189011627907002        38.363282115171721     
  
 first few rows of gr matrix
   9.7566474094760611       0.21514447184300461      -0.72451924370458376        3.5782172362746558        1.0104716057021470     
  0.21514447184300450        8.9626706880039073      -0.92757076404637018        1.0104716057021470        4.9134803233279962     
 -0.72451924370458376      -0.92757076404636973        6.8529751733736699       -3.0680010802934966E-002 -0.14356529969782023     
   1.4707875698990858       0.47181615623398881       -1.7951507781056447E-002   15.519739494833571      -0.61900609465487666     
  0.47181615623398881        1.9198904356773052       -1.9049547070472744E-003 -0.61900609465487666        15.906218888450621     
  -1.7951507781056447E-002  -1.9049547070472744E-003   1.1413357324757500        2.2423410153561054       0.80328651395835649     
  0.86091587218710985       0.18168619580487907        4.2081425293811571E-002   5.1617731546438224      -0.69930444778869161     
  0.18168619580487907        1.4423244175488412       0.18239386959254603      -0.69930444778869161        5.8422887312934426     
   4.2081425293811571E-002  0.18239386959254603       0.84139136836153738      -0.27281145379730765        1.3679613888333302     
 first few columns of gr matrix
   9.7566474094760611       0.21514447184300450      -0.72451924370458376        1.4707875698990858       0.47181615623398881     
  0.21514447184300461        8.9626706880039073      -0.92757076404636973       0.47181615623398881        1.9198904356773052     
 -0.72451924370458376      -0.92757076404637018        6.8529751733736699       -1.7951507781056447E-002  -1.9049547070472744E-003
   3.5782172362746558        1.0104716057021470       -3.0680010802934966E-002   15.519739494833571      -0.61900609465487666     
   1.0104716057021470        4.9134803233279962      -0.14356529969782023      -0.61900609465487666        15.906218888450621     
  -3.0680010802934966E-002 -0.14356529969782023        2.9036592922320348        2.2423410153561045       0.80328651395835626     
   2.3817765525571297       0.42615404576562288       0.12821958364678329        5.6068272430814936      -0.53456165049197779     
  0.42615404576562288        3.9782830308397839       0.43663476985152810      -0.53456165049197779        7.0731122164973348     
  0.12821958364678329       0.43663476985152810        2.3325347996539443        3.2490795707836792E-002   1.5159961169818517     
  
 about to enter dgetrf
 Just out of dgetrf:                 
  
  **** TRANSLATION/ROTATION FLOWS ****
     U(X-Z) =     1.000     0.000     0.000 A/SEC
  OMGA(X-Z) =     0.000     0.000     0.000 RAD/S

 FTOTH(X-Z) =   -0.29606E+02   -0.49712E+00    0.48034E+00
 TTOTH(X-Z) =   -0.58755E-01    0.49205E+01    0.12348E+02

     U(X-Z) =     0.000     1.000     0.000 A/SEC
  OMGA(X-Z) =     0.000     0.000     0.000 RAD/S

 FTOTH(X-Z) =   -0.49678E+00   -0.30563E+02   -0.19916E+00
 TTOTH(X-Z) =   -0.43498E+01    0.42925E+00    0.87452E+01

     U(X-Z) =     0.000     0.000     1.000 A/SEC
  OMGA(X-Z) =     0.000     0.000     0.000 RAD/S

 FTOTH(X-Z) =    0.47963E+00   -0.19948E+00   -0.30594E+02
 TTOTH(X-Z) =   -0.13782E+02   -0.95275E+01   -0.56111E+00

     U(X-Z) =     0.000     0.000     0.000 A/SEC
  OMGA(X-Z) =     1.000     0.000     0.000 RAD/S

 FTOTH(X-Z) =   -0.64166E-01   -0.45202E+01   -0.14009E+02
 TTOTH(X-Z) =   -0.63381E+05   -0.38200E+04    0.36533E+04

     U(X-Z) =     0.000     0.000     0.000 A/SEC
  OMGA(X-Z) =     0.000     1.000     0.000 RAD/S

 FTOTH(X-Z) =    0.51128E+01    0.54328E+00   -0.94487E+01
 TTOTH(X-Z) =   -0.38122E+04   -0.70920E+05   -0.15920E+04

     U(X-Z) =     0.000     0.000     0.000 A/SEC
  OMGA(X-Z) =     0.000     0.000     1.000 RAD/S

 FTOTH(X-Z) =    0.12685E+02    0.87630E+01   -0.61976E+00
 TTOTH(X-Z) =    0.36600E+04   -0.15909E+04   -0.70969E+05

 I,J,Ktt,Ktr,Krt,Krr=    1    1  0.2961E+02  0.5876E-01  0.6417E-01  0.6338E+05
 I,J,Ktt,Ktr,Krt,Krr=    1    2  0.4968E+00  0.4350E+01 -0.5113E+01  0.3812E+04
 I,J,Ktt,Ktr,Krt,Krr=    1    3 -0.4796E+00  0.1378E+02 -0.1268E+02 -0.3660E+04
 I,J,Ktt,Ktr,Krt,Krr=    2    1  0.4971E+00 -0.4921E+01  0.4520E+01  0.3820E+04
 I,J,Ktt,Ktr,Krt,Krr=    2    2  0.3056E+02 -0.4293E+00 -0.5433E+00  0.7092E+05
 I,J,Ktt,Ktr,Krt,Krr=    2    3  0.1995E+00  0.9527E+01 -0.8763E+01  0.1591E+04
 I,J,Ktt,Ktr,Krt,Krr=    3    1 -0.4803E+00 -0.1235E+02  0.1401E+02 -0.3653E+04
 I,J,Ktt,Ktr,Krt,Krr=    3    2  0.1992E+00 -0.8745E+01  0.9449E+01  0.1592E+04
 I,J,Ktt,Ktr,Krt,Krr=    3    3  0.3059E+02  0.5611E+00  0.6198E+00  0.7097E+05
  
  Friction Tensors in Center of Resistance
  
  Ktt Tensor (A)
    0.29606E+02    0.49678E+00   -0.47963E+00
    0.49712E+00    0.30563E+02    0.19948E+00
   -0.48034E+00    0.19916E+00    0.30594E+02
  
  Symmetric Krt Tensor (A^2)
    0.61461E-01   -0.50167E+01   -0.12516E+02
    0.44350E+01   -0.48627E+00   -0.87541E+01
    0.13896E+02    0.94881E+01    0.59044E+00
  
  Krr Tensor (A^3)
    0.63381E+05    0.38122E+04   -0.36600E+04
    0.38200E+04    0.70920E+05    0.15909E+04
   -0.36533E+04    0.15920E+04    0.70969E+05
  
 Raw Dtt tensor (no rot/trans coupling correction)
    0.33795E-01   -0.55279E-03    0.53342E-03
   -0.55317E-03    0.32729E-01   -0.22208E-03
    0.53420E-03   -0.22174E-03    0.32696E-01
  
 Raw Drr tensor (no rot/trans coupling correction)
    0.15878E-04   -0.87235E-06    0.83842E-06
   -0.87405E-06    0.14156E-04   -0.36239E-06
    0.83698E-06   -0.36245E-06    0.14142E-04
  
 Raw Dtt tensor, before CD transformation
    0.33795E-01   -0.55278E-03    0.53291E-03
   -0.55316E-03    0.32729E-01   -0.22100E-03
    0.53425E-03   -0.22176E-03    0.32699E-01
  
 Program finished at:                
 Elapsed time CPU_TIME:   143.74799999999999     
