 BEST ver.3.90 SFSU/ARAGON
  
 control gtensor value=   1.0000000000000000     
 true area (A^2)=    29756.738000000001     
 total area (A^2) =    26902.118678101560     
 centroid coords =   -1.7716243526846505        2.9461056827473491        38.245510697737878     
  
 first few rows of gr matrix
   8.5509447753427299       -1.2458503275659289       0.33114703682789148       0.95800966262119314       0.30587539411656756     
  -1.2458503275659294        7.0482247961602633       0.67321721056986528       0.30587539411656756        1.1637522148578727     
  0.33114703682789193       0.67321721056986483        8.9900051464021615       0.10390935523899845       0.15605738260935653     
  0.76181498413200532       0.24354816374556190        8.5134120414177089E-002   9.6608482807321003       0.21303199897280367     
  0.24354816374556190       0.98305611269916904       0.13331040415674894       0.21303199897280367        8.8746675033960596     
   8.5134120414177089E-002  0.13331040415674894       0.64879713075219747      -0.71740529263182973      -0.91846307906866875     
   1.8625128553485877       0.17388887641024761       0.55015077974577042        1.1267066622071695       0.26388191856501586     
  0.17388887641024761        1.3274671977523000       0.18965503358037966       0.26388191856501586        1.8582815835463737     
  0.55015077974577042       0.18965503358037966        1.8022027144042414       -2.9703600029936602E-002  -5.2673685652256858E-002
 first few columns of gr matrix
   8.5509447753427299       -1.2458503275659294       0.33114703682789193       0.76181498413200532       0.24354816374556190     
  -1.2458503275659289        7.0482247961602633       0.67321721056986483       0.24354816374556190       0.98305611269916904     
  0.33114703682789148       0.67321721056986528        8.9900051464021615        8.5134120414177089E-002  0.13331040415674894     
  0.95800966262119314       0.30587539411656756       0.10390935523899845        9.6608482807321003       0.21303199897280367     
  0.30587539411656756        1.1637522148578727       0.15605738260935653       0.21303199897280367        8.8746675033960596     
  0.10390935523899845       0.15605738260935653       0.78764800327665807      -0.71740529263182973      -0.91846307906866875     
   3.1133759919804325       0.27482333317975083       0.93299775742387692        1.8428151537854829       0.42010621204607690     
  0.27482333317975083        2.4566004330629636       0.34175070497800508       0.42010621204607690        3.0672168313463071     
  0.93299775742387692       0.34175070497800508        3.1443183585845995       -5.7087721421969759E-002 -0.16967440174800727     
  
 about to enter dgetrf
 Just out of dgetrf:                 
  
  **** TRANSLATION/ROTATION FLOWS ****
     U(X-Z) =     1.000     0.000     0.000 A/SEC
  OMGA(X-Z) =     0.000     0.000     0.000 RAD/S

 FTOTH(X-Z) =   -0.29705E+02   -0.50056E+00    0.48116E+00
 TTOTH(X-Z) =   -0.21188E+00    0.20099E+01    0.29211E+01

     U(X-Z) =     0.000     1.000     0.000 A/SEC
  OMGA(X-Z) =     0.000     0.000     0.000 RAD/S

 FTOTH(X-Z) =   -0.50075E+00   -0.30684E+02   -0.20838E+00
 TTOTH(X-Z) =   -0.22725E+01    0.47113E+00    0.69836E+01

     U(X-Z) =     0.000     0.000     1.000 A/SEC
  OMGA(X-Z) =     0.000     0.000     0.000 RAD/S

 FTOTH(X-Z) =    0.48089E+00   -0.20837E+00   -0.30718E+02
 TTOTH(X-Z) =   -0.39958E+01   -0.75698E+01   -0.34836E+00

     U(X-Z) =     0.000     0.000     0.000 A/SEC
  OMGA(X-Z) =     1.000     0.000     0.000 RAD/S

 FTOTH(X-Z) =   -0.35547E+00   -0.22561E+01   -0.42456E+01
 TTOTH(X-Z) =   -0.64076E+05   -0.39708E+04    0.37129E+04

     U(X-Z) =     0.000     0.000     0.000 A/SEC
  OMGA(X-Z) =     0.000     1.000     0.000 RAD/S

 FTOTH(X-Z) =    0.21503E+01    0.58884E+00   -0.73357E+01
 TTOTH(X-Z) =   -0.39533E+04   -0.71802E+05   -0.15902E+04

     U(X-Z) =     0.000     0.000     0.000 A/SEC
  OMGA(X-Z) =     0.000     0.000     1.000 RAD/S

 FTOTH(X-Z) =    0.31700E+01    0.69044E+01   -0.39569E+00
 TTOTH(X-Z) =    0.37248E+04   -0.15855E+04   -0.71846E+05

 I,J,Ktt,Ktr,Krt,Krr=    1    1  0.2971E+02  0.2119E+00  0.3555E+00  0.6408E+05
 I,J,Ktt,Ktr,Krt,Krr=    1    2  0.5008E+00  0.2273E+01 -0.2150E+01  0.3953E+04
 I,J,Ktt,Ktr,Krt,Krr=    1    3 -0.4809E+00  0.3996E+01 -0.3170E+01 -0.3725E+04
 I,J,Ktt,Ktr,Krt,Krr=    2    1  0.5006E+00 -0.2010E+01  0.2256E+01  0.3971E+04
 I,J,Ktt,Ktr,Krt,Krr=    2    2  0.3068E+02 -0.4711E+00 -0.5888E+00  0.7180E+05
 I,J,Ktt,Ktr,Krt,Krr=    2    3  0.2084E+00  0.7570E+01 -0.6904E+01  0.1585E+04
 I,J,Ktt,Ktr,Krt,Krr=    3    1 -0.4812E+00 -0.2921E+01  0.4246E+01 -0.3713E+04
 I,J,Ktt,Ktr,Krt,Krr=    3    2  0.2084E+00 -0.6984E+01  0.7336E+01  0.1590E+04
 I,J,Ktt,Ktr,Krt,Krr=    3    3  0.3072E+02  0.3484E+00  0.3957E+00  0.7185E+05
  
  Friction Tensors in Center of Resistance
  
  Ktt Tensor (A)
    0.29705E+02    0.50075E+00   -0.48089E+00
    0.50056E+00    0.30684E+02    0.20837E+00
   -0.48116E+00    0.20838E+00    0.30718E+02
  
  Symmetric Krt Tensor (A^2)
    0.28368E+00   -0.20801E+01   -0.30456E+01
    0.22643E+01   -0.52999E+00   -0.69440E+01
    0.41207E+01    0.74527E+01    0.37203E+00
  
  Krr Tensor (A^3)
    0.64076E+05    0.39533E+04   -0.37248E+04
    0.39708E+04    0.71802E+05    0.15855E+04
   -0.37129E+04    0.15902E+04    0.71846E+05
  
 Raw Dtt tensor (no rot/trans coupling correction)
    0.33682E-01   -0.55330E-03    0.53105E-03
   -0.55309E-03    0.32601E-01   -0.22981E-03
    0.53134E-03   -0.22982E-03    0.32564E-01
  
 Raw Drr tensor (no rot/trans coupling correction)
    0.15710E-04   -0.88340E-06    0.83395E-06
   -0.88714E-06    0.13984E-04   -0.35459E-06
    0.83149E-06   -0.35516E-06    0.13970E-04
  
 Raw Dtt tensor, before CD transformation
    0.33682E-01   -0.55330E-03    0.53084E-03
   -0.55309E-03    0.32601E-01   -0.22963E-03
    0.53136E-03   -0.22983E-03    0.32565E-01
  
 Program finished at:                
 Elapsed time CPU_TIME:   319.78399999999999     
