 BEST ver.3.90 SFSU/ARAGON
  
 control gtensor value=   1.0000000000000000     
 true area (A^2)=    29756.738000000001     
 total area (A^2) =    26068.698898828232     
 centroid coords =   -1.9776140065146572        2.7073888165038014        38.340620738327900     
  
 first few rows of gr matrix
   17.045494835449801       0.15097693003718785       -1.0046303852845495E-002   3.0100615982707648       0.84480903885130043     
  0.15097693003718785        13.749505103604667       -2.7104328524416790       0.84480903885130043        4.0407031966928457     
  -1.0046303852846383E-002  -2.7104328524416790        14.179198926709226      -0.25606992360453151      -0.50856720995672411     
   3.3476725782753154       0.98992008493139316      -0.21446434309703963        15.611068975250179      -0.62264877854260281     
  0.98992008493139316        4.5708500781997126      -0.39712413545580683      -0.62264877854260459        15.999822695844337     
 -0.21446434309703963      -0.39712413545580683        2.8286648467540423        2.2555365873512088       0.80801363840331941     
   2.1406547298125922       0.41985508063730825        4.3096836700586068E-002   5.2227031923197407      -0.70755910080698148     
  0.41985508063730825        3.7231899679771230       0.20284873218394409      -0.70755910080698148        5.9112516364515368     
   4.3096836700586068E-002  0.20284873218394409        2.0339593506552518      -0.27603174489889309        1.3841089289254078     
 first few columns of gr matrix
   17.045494835449801       0.15097693003718785       -1.0046303852846383E-002   3.3476725782753154       0.98992008493139316     
  0.15097693003718785        13.749505103604667       -2.7104328524416790       0.98992008493139316        4.5708500781997126     
  -1.0046303852845495E-002  -2.7104328524416790        14.179198926709226      -0.21446434309703963      -0.39712413545580683     
   3.0100615982707648       0.84480903885130043      -0.25606992360453151        15.611068975250179      -0.62264877854260459     
  0.84480903885130043        4.0407031966928457      -0.50856720995672411      -0.62264877854260281        15.999822695844337     
 -0.25606992360453151      -0.50856720995672411        2.6218289737104530        2.2555365873512088       0.80801363840331986     
   2.2919201923929520       0.49700102896418091        3.8433096506318626E-002   5.6730107395135203      -0.54087166461479363     
  0.49700102896418091        3.8429919425453183        9.4222295452317514E-002 -0.54087166461479363        7.1566038735162900     
   3.8433096506318626E-002   9.4222295452317514E-002   2.1117276818192159        3.2874320002160583E-002   1.5338910724083890     
  
 about to enter dgetrf
 Just out of dgetrf:                 
  
  **** TRANSLATION/ROTATION FLOWS ****
     U(X-Z) =     1.000     0.000     0.000 A/SEC
  OMGA(X-Z) =     0.000     0.000     0.000 RAD/S

 FTOTH(X-Z) =   -0.29554E+02   -0.49468E+00    0.47710E+00
 TTOTH(X-Z) =    0.35959E+00    0.40227E+01    0.10243E+02

     U(X-Z) =     0.000     1.000     0.000 A/SEC
  OMGA(X-Z) =     0.000     0.000     0.000 RAD/S

 FTOTH(X-Z) =   -0.49309E+00   -0.30507E+02   -0.20737E+00
 TTOTH(X-Z) =   -0.36971E+01    0.86679E-01   -0.71103E-01

     U(X-Z) =     0.000     0.000     1.000 A/SEC
  OMGA(X-Z) =     0.000     0.000     0.000 RAD/S

 FTOTH(X-Z) =    0.47048E+00   -0.20532E+00   -0.30527E+02
 TTOTH(X-Z) =   -0.11843E+02   -0.15879E+01   -0.18358E+00

     U(X-Z) =     0.000     0.000     0.000 A/SEC
  OMGA(X-Z) =     1.000     0.000     0.000 RAD/S

 FTOTH(X-Z) =    0.21879E-02   -0.33406E+01   -0.12226E+02
 TTOTH(X-Z) =   -0.63111E+05   -0.38538E+04    0.36128E+04

     U(X-Z) =     0.000     0.000     0.000 A/SEC
  OMGA(X-Z) =     0.000     1.000     0.000 RAD/S

 FTOTH(X-Z) =    0.36263E+01    0.25196E+00   -0.14572E+01
 TTOTH(X-Z) =   -0.38481E+04   -0.70451E+05   -0.15303E+04

     U(X-Z) =     0.000     0.000     0.000 A/SEC
  OMGA(X-Z) =     0.000     0.000     1.000 RAD/S

 FTOTH(X-Z) =    0.97501E+01   -0.16276E-02   -0.35750E+00
 TTOTH(X-Z) =    0.36184E+04   -0.15425E+04   -0.70485E+05

 I,J,Ktt,Ktr,Krt,Krr=    1    1  0.2955E+02 -0.3596E+00 -0.2188E-02  0.6311E+05
 I,J,Ktt,Ktr,Krt,Krr=    1    2  0.4931E+00  0.3697E+01 -0.3626E+01  0.3848E+04
 I,J,Ktt,Ktr,Krt,Krr=    1    3 -0.4705E+00  0.1184E+02 -0.9750E+01 -0.3618E+04
 I,J,Ktt,Ktr,Krt,Krr=    2    1  0.4947E+00 -0.4023E+01  0.3341E+01  0.3854E+04
 I,J,Ktt,Ktr,Krt,Krr=    2    2  0.3051E+02 -0.8668E-01 -0.2520E+00  0.7045E+05
 I,J,Ktt,Ktr,Krt,Krr=    2    3  0.2053E+00  0.1588E+01  0.1628E-02  0.1542E+04
 I,J,Ktt,Ktr,Krt,Krr=    3    1 -0.4771E+00 -0.1024E+02  0.1223E+02 -0.3613E+04
 I,J,Ktt,Ktr,Krt,Krr=    3    2  0.2074E+00  0.7110E-01  0.1457E+01  0.1530E+04
 I,J,Ktt,Ktr,Krt,Krr=    3    3  0.3053E+02  0.1836E+00  0.3575E+00  0.7049E+05
  
  Friction Tensors in Center of Resistance
  
  Ktt Tensor (A)
    0.29554E+02    0.49309E+00   -0.47048E+00
    0.49468E+00    0.30507E+02    0.20532E+00
   -0.47710E+00    0.20737E+00    0.30527E+02
  
  Symmetric Krt Tensor (A^2)
   -0.18089E+00   -0.38245E+01   -0.99963E+01
    0.35188E+01   -0.16932E+00    0.36365E-01
    0.12035E+02    0.15226E+01    0.27054E+00
  
  Krr Tensor (A^3)
    0.63111E+05    0.38481E+04   -0.36184E+04
    0.38538E+04    0.70451E+05    0.15425E+04
   -0.36128E+04    0.15303E+04    0.70485E+05
  
 Raw Dtt tensor (no rot/trans coupling correction)
    0.33854E-01   -0.55076E-03    0.52545E-03
   -0.55253E-03    0.32790E-01   -0.22905E-03
    0.53284E-03   -0.23134E-03    0.32767E-01
  
 Raw Drr tensor (no rot/trans coupling correction)
    0.15947E-04   -0.88926E-06    0.83814E-06
   -0.89067E-06    0.14251E-04   -0.35758E-06
    0.83674E-06   -0.35498E-06    0.14238E-04
  
 Raw Dtt tensor, before CD transformation
    0.33854E-01   -0.55076E-03    0.52547E-03
   -0.55252E-03    0.32790E-01   -0.22842E-03
    0.53287E-03   -0.23136E-03    0.32769E-01
  
 Program finished at:                
 Elapsed time CPU_TIME:   94.456000000000003     
