 BEST ver.3.90 SFSU/ARAGON
  
 control gtensor value=   1.0000000000000000     
 true area (A^2)=    8016.6149999999998     
 total area (A^2) =    7644.8924431062451     
 centroid coords =   -1.4233279036827167       0.46809844192634253       0.48499519987409495     
  
 first few rows of gr matrix
   6.4615890314784359      -0.86650931835569267       0.50189523872645303        1.9587960263453568      -0.23441508179382400     
 -0.86650931835569267        5.2224364027565864       0.44599494925922811      -0.23441508179382400        1.8421499388501217     
  0.50189523872645259       0.44599494925922789        6.6566493842261227      -0.16037933899724729       0.38987072526259631     
   2.5109260356220124      -0.39930429861006134      -0.27195662881355326        6.2291456559068603      -0.77950607203754285     
 -0.39930429861006134        2.1600051874874380       0.38629793632263332      -0.77950607203754285        4.7812106647626882     
 -0.27195662881355326       0.38629793632263332        2.7442006035422550       0.32673439939935611       0.33394079359452844     
   1.3371355101200924       -5.6166948892725069E-002 -0.11555085079825028        2.0261843868428295      -0.12126736357240495     
  -5.6166948892725069E-002   1.2188369750284034       0.14149340865177212      -0.12126736357240495        1.7282843455066641     
 -0.11555085079825028       0.14149340865177212        2.1844128421181601       0.11675699752594267      -0.15556723355102478     
 first few columns of gr matrix
   6.4615890314784359      -0.86650931835569267       0.50189523872645259        2.5109260356220124      -0.39930429861006134     
 -0.86650931835569267        5.2224364027565864       0.44599494925922789      -0.39930429861006134        2.1600051874874380     
  0.50189523872645303       0.44599494925922811        6.6566493842261227      -0.27195662881355326       0.38629793632263332     
   1.9587960263453568      -0.23441508179382400      -0.16037933899724729        6.2291456559068603      -0.77950607203754285     
 -0.23441508179382400        1.8421499388501217       0.38987072526259631      -0.77950607203754285        4.7812106647626882     
 -0.16037933899724729       0.38987072526259631        2.6019793250179970       0.32673439939935611       0.33394079359452866     
  0.72343441415773435       -7.8927899868573119E-003   4.4007383085559786E-002   1.4750187740248704       -9.4558478228934831E-002
  -7.8927899868573119E-003  0.70780602436858753        8.9852240390553548E-002  -9.4558478228934831E-002   1.2710109531268390     
   4.4007383085559786E-002   8.9852240390553548E-002   1.3142780583103053       0.28706145042932668       -8.4407305657756462E-002
  
 about to enter dgetrf
 Just out of dgetrf:                 
  
  **** TRANSLATION/ROTATION FLOWS ****
     U(X-Z) =     1.000     0.000     0.000 A/SEC
  OMGA(X-Z) =     0.000     0.000     0.000 RAD/S

 FTOTH(X-Z) =   -0.17909E+02   -0.45931E-01   -0.22449E+00
 TTOTH(X-Z) =    0.17593E+01    0.11733E+02   -0.72709E+01

     U(X-Z) =     0.000     1.000     0.000 A/SEC
  OMGA(X-Z) =     0.000     0.000     0.000 RAD/S

 FTOTH(X-Z) =   -0.45775E-01   -0.16535E+02    0.89453E+00
 TTOTH(X-Z) =   -0.17274E+02    0.31869E+01   -0.91171E+01

     U(X-Z) =     0.000     0.000     1.000 A/SEC
  OMGA(X-Z) =     0.000     0.000     0.000 RAD/S

 FTOTH(X-Z) =   -0.22440E+00    0.89462E+00   -0.17388E+02
 TTOTH(X-Z) =    0.58742E+00    0.81147E+01   -0.48880E+01

     U(X-Z) =     0.000     0.000     0.000 A/SEC
  OMGA(X-Z) =     1.000     0.000     0.000 RAD/S

 FTOTH(X-Z) =    0.17945E+01   -0.17242E+02    0.56067E+00
 TTOTH(X-Z) =   -0.16463E+05   -0.17554E+03   -0.39250E+03

     U(X-Z) =     0.000     0.000     0.000 A/SEC
  OMGA(X-Z) =     0.000     1.000     0.000 RAD/S

 FTOTH(X-Z) =    0.11683E+02    0.31796E+01    0.81025E+01
 TTOTH(X-Z) =   -0.17537E+03   -0.11242E+05    0.33249E+04

     U(X-Z) =     0.000     0.000     0.000 A/SEC
  OMGA(X-Z) =     0.000     0.000     1.000 RAD/S

 FTOTH(X-Z) =   -0.72708E+01   -0.90860E+01   -0.48967E+01
 TTOTH(X-Z) =   -0.39619E+03    0.33264E+04   -0.14134E+05

 I,J,Ktt,Ktr,Krt,Krr=    1    1  0.1791E+02 -0.1759E+01 -0.1795E+01  0.1646E+05
 I,J,Ktt,Ktr,Krt,Krr=    1    2  0.4578E-01  0.1727E+02 -0.1168E+02  0.1754E+03
 I,J,Ktt,Ktr,Krt,Krr=    1    3  0.2244E+00 -0.5874E+00  0.7271E+01  0.3962E+03
 I,J,Ktt,Ktr,Krt,Krr=    2    1  0.4593E-01 -0.1173E+02  0.1724E+02  0.1755E+03
 I,J,Ktt,Ktr,Krt,Krr=    2    2  0.1653E+02 -0.3187E+01 -0.3180E+01  0.1124E+05
 I,J,Ktt,Ktr,Krt,Krr=    2    3 -0.8946E+00 -0.8115E+01  0.9086E+01 -0.3326E+04
 I,J,Ktt,Ktr,Krt,Krr=    3    1  0.2245E+00  0.7271E+01 -0.5607E+00  0.3925E+03
 I,J,Ktt,Ktr,Krt,Krr=    3    2 -0.8945E+00  0.9117E+01 -0.8102E+01 -0.3325E+04
 I,J,Ktt,Ktr,Krt,Krr=    3    3  0.1739E+02  0.4888E+01  0.4897E+01  0.1413E+05
  
  Friction Tensors in Center of Resistance
  
  Ktt Tensor (A)
    0.17909E+02    0.45775E-01    0.22440E+00
    0.45931E-01    0.16535E+02   -0.89462E+00
    0.22449E+00   -0.89453E+00    0.17388E+02
  
  Symmetric Krt Tensor (A^2)
   -0.17769E+01   -0.11708E+02    0.72708E+01
    0.17258E+02   -0.31832E+01    0.91016E+01
   -0.57405E+00   -0.81086E+01    0.48923E+01
  
  Krr Tensor (A^3)
    0.16463E+05    0.17537E+03    0.39619E+03
    0.17554E+03    0.11242E+05   -0.33264E+04
    0.39250E+03   -0.33249E+04    0.14134E+05
  
 Raw Dtt tensor (no rot/trans coupling correction)
    0.55847E-01   -0.19414E-03   -0.73072E-03
   -0.19469E-03    0.60648E-01    0.31229E-02
   -0.73104E-03    0.31226E-02    0.57682E-01
  
 Raw Drr tensor (no rot/trans coupling correction)
    0.60809E-04   -0.15613E-05   -0.20720E-05
   -0.15575E-05    0.95643E-04    0.22554E-04
   -0.20551E-05    0.22543E-04    0.76116E-04
  
 Raw Dtt tensor, before CD transformation
    0.55846E-01   -0.19143E-03   -0.68060E-03
   -0.19416E-03    0.60646E-01    0.30814E-02
   -0.73162E-03    0.31251E-02    0.57727E-01
  
 Program finished at:                
 Elapsed time CPU_TIME:   289.04000000000002     
