 BEST ver.3.90 SFSU/ARAGON
  
 control gtensor value=   1.0000000000000000     
 true area (A^2)=    8016.6149999999998     
 total area (A^2) =    7433.2403809935186     
 centroid coords =   -1.5347082501663376       0.35345126413838895       0.64518978709248243     
  
 first few rows of gr matrix
   9.7726654731021885       -1.4702841909907640       0.44449722500123667        1.7942068648429050       -7.6250915860727631E-002
  -1.4702841909907640        8.0796107688399132       0.83128703276391458       -7.6250915860727631E-002   1.6541657402102892     
  0.44449722500123601       0.83128703276391391        9.8526017143596416      -0.45234781292407644       0.18464568370982584     
   1.4751472391416420       -5.1053796848574709E-002 -0.38718942001110579        9.5771604187663169       -1.1821180974986789     
  -5.1053796848574709E-002   1.2946490370196464        8.2914065717313690E-002  -1.1821180974986776        10.002703922504757     
 -0.38718942001110579        8.2914065717313690E-002   2.3296841582488521       -1.5157587224209488      -0.88636836098222149     
   1.0257582195190624       -7.5123735910334541E-002 -0.32350783483291212        3.3966669038121089      -0.43100989550360602     
  -7.5123735910334541E-002  0.86672772179031243       0.12825561122196436      -0.43100989550360602        2.9644283984071254     
 -0.32350783483291212       0.12825561122196436        1.4507618627639611      -0.94797000473868753       0.31845140591403498     
 first few columns of gr matrix
   9.7726654731021885       -1.4702841909907640       0.44449722500123601        1.4751472391416420       -5.1053796848574709E-002
  -1.4702841909907640        8.0796107688399132       0.83128703276391391       -5.1053796848574709E-002   1.2946490370196464     
  0.44449722500123667       0.83128703276391458        9.8526017143596416      -0.38718942001110579        8.2914065717313690E-002
   1.7942068648429050       -7.6250915860727631E-002 -0.45234781292407644        9.5771604187663169       -1.1821180974986776     
  -7.6250915860727631E-002   1.6541657402102892       0.18464568370982584       -1.1821180974986789        10.002703922504757     
 -0.45234781292407644       0.18464568370982584        2.9345881324085510       -1.5157587224209479      -0.88636836098222105     
  0.89341809303171060       -5.7937130683051410E-002 -0.29404022541568026        2.7593078336693906      -0.27519768687411322     
  -5.7937130683051410E-002  0.75506462876697644        9.3853879266514811E-002 -0.27519768687411322        2.3327497454097150     
 -0.29404022541568026        9.3853879266514811E-002   1.2635042767021714      -0.79731867390197186       0.15795572825981202     
  
 about to enter dgetrf
 Just out of dgetrf:                 
  
  **** TRANSLATION/ROTATION FLOWS ****
     U(X-Z) =     1.000     0.000     0.000 A/SEC
  OMGA(X-Z) =     0.000     0.000     0.000 RAD/S

 FTOTH(X-Z) =   -0.17770E+02   -0.41459E-01   -0.21860E+00
 TTOTH(X-Z) =    0.19720E+01    0.13278E+02   -0.38564E+01

     U(X-Z) =     0.000     1.000     0.000 A/SEC
  OMGA(X-Z) =     0.000     0.000     0.000 RAD/S

 FTOTH(X-Z) =   -0.41281E-01   -0.16403E+02    0.88755E+00
 TTOTH(X-Z) =   -0.18310E+02    0.29562E+01   -0.10373E+02

     U(X-Z) =     0.000     0.000     1.000 A/SEC
  OMGA(X-Z) =     0.000     0.000     0.000 RAD/S

 FTOTH(X-Z) =   -0.21890E+00    0.88768E+00   -0.17239E+02
 TTOTH(X-Z) =   -0.32587E+01    0.93386E+01   -0.48723E+01

     U(X-Z) =     0.000     0.000     0.000 A/SEC
  OMGA(X-Z) =     1.000     0.000     0.000 RAD/S

 FTOTH(X-Z) =    0.19683E+01   -0.18244E+02   -0.32584E+01
 TTOTH(X-Z) =   -0.16068E+05   -0.14247E+03   -0.36765E+03

     U(X-Z) =     0.000     0.000     0.000 A/SEC
  OMGA(X-Z) =     0.000     1.000     0.000 RAD/S

 FTOTH(X-Z) =    0.13246E+02    0.29561E+01    0.93655E+01
 TTOTH(X-Z) =   -0.14351E+03   -0.10967E+05    0.32388E+04

     U(X-Z) =     0.000     0.000     0.000 A/SEC
  OMGA(X-Z) =     0.000     0.000     1.000 RAD/S

 FTOTH(X-Z) =   -0.37223E+01   -0.10448E+02   -0.48887E+01
 TTOTH(X-Z) =   -0.36820E+03    0.32410E+04   -0.13802E+05

 I,J,Ktt,Ktr,Krt,Krr=    1    1  0.1777E+02 -0.1972E+01 -0.1968E+01  0.1607E+05
 I,J,Ktt,Ktr,Krt,Krr=    1    2  0.4128E-01  0.1831E+02 -0.1325E+02  0.1435E+03
 I,J,Ktt,Ktr,Krt,Krr=    1    3  0.2189E+00  0.3259E+01  0.3722E+01  0.3682E+03
 I,J,Ktt,Ktr,Krt,Krr=    2    1  0.4146E-01 -0.1328E+02  0.1824E+02  0.1425E+03
 I,J,Ktt,Ktr,Krt,Krr=    2    2  0.1640E+02 -0.2956E+01 -0.2956E+01  0.1097E+05
 I,J,Ktt,Ktr,Krt,Krr=    2    3 -0.8877E+00 -0.9339E+01  0.1045E+02 -0.3241E+04
 I,J,Ktt,Ktr,Krt,Krr=    3    1  0.2186E+00  0.3856E+01  0.3258E+01  0.3677E+03
 I,J,Ktt,Ktr,Krt,Krr=    3    2 -0.8876E+00  0.1037E+02 -0.9365E+01 -0.3239E+04
 I,J,Ktt,Ktr,Krt,Krr=    3    3  0.1724E+02  0.4872E+01  0.4889E+01  0.1380E+05
  
  Friction Tensors in Center of Resistance
  
  Ktt Tensor (A)
    0.17770E+02    0.41281E-01    0.21890E+00
    0.41459E-01    0.16403E+02   -0.88768E+00
    0.21860E+00   -0.88755E+00    0.17239E+02
  
  Symmetric Krt Tensor (A^2)
   -0.19701E+01   -0.13262E+02    0.37894E+01
    0.18277E+02   -0.29561E+01    0.10411E+02
    0.32586E+01   -0.93520E+01    0.48805E+01
  
  Krr Tensor (A^3)
    0.16068E+05    0.14351E+03    0.36820E+03
    0.14247E+03    0.10967E+05   -0.32410E+04
    0.36765E+03   -0.32388E+04    0.13802E+05
  
 Raw Dtt tensor (no rot/trans coupling correction)
    0.56286E-01   -0.18083E-03   -0.72403E-03
   -0.18140E-03    0.61137E-01    0.31505E-02
   -0.72310E-03    0.31500E-02    0.58181E-01
  
 Raw Drr tensor (no rot/trans coupling correction)
    0.62295E-04   -0.14032E-05   -0.19913E-05
   -0.13964E-05    0.98004E-04    0.23050E-04
   -0.19870E-05    0.23034E-04    0.77913E-04
  
 Raw Dtt tensor, before CD transformation
    0.56285E-01   -0.17692E-03   -0.65168E-03
   -0.18091E-03    0.61134E-01    0.31107E-02
   -0.72372E-03    0.31527E-02    0.58231E-01
  
 Program finished at:                
 Elapsed time CPU_TIME:   32.103999999999999     
