 BEST ver.3.90 SFSU/ARAGON
  
 control gtensor value=   1.0000000000000000     
 true area (A^2)=    8016.6149999999998     
 total area (A^2) =    7520.4732267358086     
 centroid coords =   -1.4944320020882285       0.40788214565387665       0.52638540850953097     
  
 first few rows of gr matrix
   9.7158217116047130       -1.4617321246055783       0.44191175900797108        1.7733951730847062       -7.5366452319611379E-002
  -1.4617321246055774        8.0326148424163151       0.82645176218636029       -7.5366452319611379E-002   1.6349784390262405     
  0.44191175900797175       0.82645176218636029        9.7952929951036563      -0.44710085760663792       0.18250390779248366     
   1.4580364420309397       -5.0461604329464421E-002 -0.38269826181792610        9.5214538334784198       -1.1752421802393589     
  -5.0461604329464421E-002   1.2796319076008229        8.1952313752177430E-002  -1.1752421802393593        9.9445221175851355     
 -0.38269826181792610        8.1952313752177430E-002   2.3026612605298400       -1.5069421485248946      -0.88121270392537543     
   1.0138600575504537       -7.4252346960639218E-002 -0.31975534370614317        3.3572676650773530      -0.42601044685267492     
  -7.4252346960639218E-002  0.85667421539834843       0.12676792532614259      -0.42601044685267492        2.9300428594395518     
 -0.31975534370614317       0.12676792532614259        1.4339339209619073      -0.93697413802938212       0.31475756624054918     
 first few columns of gr matrix
   9.7158217116047130       -1.4617321246055774       0.44191175900797175        1.4580364420309397       -5.0461604329464421E-002
  -1.4617321246055783        8.0326148424163151       0.82645176218636029       -5.0461604329464421E-002   1.2796319076008229     
  0.44191175900797108       0.82645176218636029        9.7952929951036563      -0.38269826181792610        8.1952313752177430E-002
   1.7733951730847062       -7.5366452319611379E-002 -0.44710085760663792        9.5214538334784198       -1.1752421802393593     
  -7.5366452319611379E-002   1.6349784390262405       0.18250390779248366       -1.1752421802393589        9.9445221175851355     
 -0.44710085760663792       0.18250390779248366        2.9005487221010338       -1.5069421485248928      -0.88121270392537454     
  0.88305499481393546       -5.7265095741731116E-002 -0.29062954036270694        2.7273015665964255      -0.27200556363346329     
  -5.7265095741731116E-002  0.74630634530516726        9.2765232219243612E-002 -0.27200556363346329        2.3056912887725325     
 -0.29062954036270694        9.2765232219243612E-002   1.2488484072719808      -0.78807026960732329       0.15612353934537004     
  
 about to enter dgetrf
 Just out of dgetrf:                 
  
  **** TRANSLATION/ROTATION FLOWS ****
     U(X-Z) =     1.000     0.000     0.000 A/SEC
  OMGA(X-Z) =     0.000     0.000     0.000 RAD/S

 FTOTH(X-Z) =   -0.17827E+02   -0.47998E-01   -0.22085E+00
 TTOTH(X-Z) =    0.17524E+01    0.11615E+02   -0.58054E+01

     U(X-Z) =     0.000     1.000     0.000 A/SEC
  OMGA(X-Z) =     0.000     0.000     0.000 RAD/S

 FTOTH(X-Z) =   -0.47826E-01   -0.16453E+02    0.89152E+00
 TTOTH(X-Z) =   -0.16809E+02    0.33099E+01   -0.10132E+02

     U(X-Z) =     0.000     0.000     1.000 A/SEC
  OMGA(X-Z) =     0.000     0.000     0.000 RAD/S

 FTOTH(X-Z) =   -0.22090E+00    0.89144E+00   -0.17305E+02
 TTOTH(X-Z) =   -0.13104E+01    0.88643E+01   -0.50065E+01

     U(X-Z) =     0.000     0.000     0.000 A/SEC
  OMGA(X-Z) =     1.000     0.000     0.000 RAD/S

 FTOTH(X-Z) =    0.17922E+01   -0.16850E+02   -0.11870E+01
 TTOTH(X-Z) =   -0.16242E+05   -0.16777E+03   -0.38399E+03

     U(X-Z) =     0.000     0.000     0.000 A/SEC
  OMGA(X-Z) =     0.000     1.000     0.000 RAD/S

 FTOTH(X-Z) =    0.11604E+02    0.32909E+01    0.89721E+01
 TTOTH(X-Z) =   -0.16812E+03   -0.11085E+05    0.32866E+04

     U(X-Z) =     0.000     0.000     0.000 A/SEC
  OMGA(X-Z) =     0.000     0.000     1.000 RAD/S

 FTOTH(X-Z) =   -0.57621E+01   -0.10180E+02   -0.50193E+01
 TTOTH(X-Z) =   -0.38455E+03    0.32922E+04   -0.13953E+05

 I,J,Ktt,Ktr,Krt,Krr=    1    1  0.1783E+02 -0.1752E+01 -0.1792E+01  0.1624E+05
 I,J,Ktt,Ktr,Krt,Krr=    1    2  0.4783E-01  0.1681E+02 -0.1160E+02  0.1681E+03
 I,J,Ktt,Ktr,Krt,Krr=    1    3  0.2209E+00  0.1310E+01  0.5762E+01  0.3845E+03
 I,J,Ktt,Ktr,Krt,Krr=    2    1  0.4800E-01 -0.1162E+02  0.1685E+02  0.1678E+03
 I,J,Ktt,Ktr,Krt,Krr=    2    2  0.1645E+02 -0.3310E+01 -0.3291E+01  0.1108E+05
 I,J,Ktt,Ktr,Krt,Krr=    2    3 -0.8914E+00 -0.8864E+01  0.1018E+02 -0.3292E+04
 I,J,Ktt,Ktr,Krt,Krr=    3    1  0.2208E+00  0.5805E+01  0.1187E+01  0.3840E+03
 I,J,Ktt,Ktr,Krt,Krr=    3    2 -0.8915E+00  0.1013E+02 -0.8972E+01 -0.3287E+04
 I,J,Ktt,Ktr,Krt,Krr=    3    3  0.1731E+02  0.5007E+01  0.5019E+01  0.1395E+05
  
  Friction Tensors in Center of Resistance
  
  Ktt Tensor (A)
    0.17827E+02    0.47826E-01    0.22090E+00
    0.47998E-01    0.16453E+02   -0.89144E+00
    0.22085E+00   -0.89152E+00    0.17305E+02
  
  Symmetric Krt Tensor (A^2)
   -0.17723E+01   -0.11610E+02    0.57838E+01
    0.16829E+02   -0.33004E+01    0.10156E+02
    0.12487E+01   -0.89182E+01    0.50129E+01
  
  Krr Tensor (A^3)
    0.16242E+05    0.16812E+03    0.38455E+03
    0.16777E+03    0.11085E+05   -0.32922E+04
    0.38399E+03   -0.32866E+04    0.13953E+05
  
 Raw Dtt tensor (no rot/trans coupling correction)
    0.56105E-01   -0.20246E-03   -0.72659E-03
   -0.20304E-03    0.60951E-01    0.31423E-02
   -0.72646E-03    0.31426E-02    0.57957E-01
  
 Raw Drr tensor (no rot/trans coupling correction)
    0.61634E-04   -0.15467E-05   -0.20636E-05
   -0.15447E-05    0.97041E-04    0.22940E-04
   -0.20601E-05    0.22900E-04    0.77130E-04
  
 Raw Dtt tensor, before CD transformation
    0.56104E-01   -0.19921E-03   -0.66666E-03
   -0.20250E-03    0.60948E-01    0.30995E-02
   -0.72709E-03    0.31453E-02    0.58008E-01
  
 Program finished at:                
 Elapsed time CPU_TIME:   58.332000000000001     
