 BEST ver.3.90 SFSU/ARAGON
  
 control gtensor value=   1.0000000000000000     
 true area (A^2)=    17508.312000000002     
 total area (A^2) =    15687.769008035159     
 centroid coords =  -0.16506800535474786      -0.28249785809906031        6.1728514056225120E-002
  
 first few rows of gr matrix
   13.563617989250645        2.8760869587172619      -0.34889277946386044        1.7472352209437401      -0.44738949911519493     
   2.8760869587172611        17.395409987688605       0.14110853984687383      -0.44738949911519493        2.6980564428017479     
 -0.34889277946386033       0.14110853984687471        17.024459103229773      -0.16158076855420708       0.46120718446172604     
   2.2029827082952571      -0.49247730470258733      -0.21257664980971397        13.966397509011053       -2.4637200069904006     
 -0.49247730470258733        3.4825776957570924       0.55024583289375817       -2.4637200069904006        13.129958808128499     
 -0.21257664980971397       0.55024583289375817        2.2094817899111017       0.83336248964684878       0.77431300396292890     
   3.6628726535984746       0.37914730771557853       0.14040772389517495        3.5616523040027532       -1.1693229442441564     
  0.37914730771557853        5.2753268284846087        1.4159818483171436       -1.1693229442441564        3.9303114878267111     
  0.14040772389517495        1.4159818483171436        5.1093307679736304        9.2544451366575201E-002  -4.3613251444551575E-002
 first few columns of gr matrix
   13.563617989250645        2.8760869587172611      -0.34889277946386033        2.2029827082952571      -0.49247730470258733     
   2.8760869587172619        17.395409987688605       0.14110853984687471      -0.49247730470258733        3.4825776957570924     
 -0.34889277946386044       0.14110853984687383        17.024459103229773      -0.21257664980971397       0.55024583289375817     
   1.7472352209437401      -0.44738949911519493      -0.16158076855420708        13.966397509011053       -2.4637200069904006     
 -0.44738949911519493        2.6980564428017479       0.46120718446172604       -2.4637200069904006        13.129958808128499     
 -0.16158076855420708       0.46120718446172604        1.7916221823159992       0.83336248964684967       0.77431300396292824     
   1.0447370056788108       0.10129147432214060        9.3043933627510636E-002   1.4478648198414596      -0.47704340267392492     
  0.10129147432214060        1.5091939323921280       0.47365777859967595      -0.47704340267392492        1.5056627343633309     
   9.3043933627510636E-002  0.47365777859967595        1.5064149198593995        3.3884915020683748E-002  -3.6917631128467861E-002
  
 about to enter dgetrf
 Just out of dgetrf:                 
  
  **** TRANSLATION/ROTATION FLOWS ****
     U(X-Z) =     1.000     0.000     0.000 A/SEC
  OMGA(X-Z) =     0.000     0.000     0.000 RAD/S

 FTOTH(X-Z) =   -0.22877E+02    0.19639E-02   -0.26566E-01
 TTOTH(X-Z) =    0.14654E+01    0.17083E+01   -0.35168E+01

     U(X-Z) =     0.000     1.000     0.000 A/SEC
  OMGA(X-Z) =     0.000     0.000     0.000 RAD/S

 FTOTH(X-Z) =    0.22805E-02   -0.23858E+02   -0.24166E-02
 TTOTH(X-Z) =   -0.13302E+01   -0.33893E+00   -0.36258E+01

     U(X-Z) =     0.000     0.000     1.000 A/SEC
  OMGA(X-Z) =     0.000     0.000     0.000 RAD/S

 FTOTH(X-Z) =   -0.26762E-01   -0.24465E-02   -0.23721E+02
 TTOTH(X-Z) =    0.27380E+01    0.35484E+01   -0.10597E+01

     U(X-Z) =     0.000     0.000     0.000 A/SEC
  OMGA(X-Z) =     1.000     0.000     0.000 RAD/S

 FTOTH(X-Z) =    0.14505E+01   -0.14456E+01    0.26369E+01
 TTOTH(X-Z) =   -0.28158E+05   -0.24207E+01   -0.38428E+02

     U(X-Z) =     0.000     0.000     0.000 A/SEC
  OMGA(X-Z) =     0.000     1.000     0.000 RAD/S

 FTOTH(X-Z) =    0.17354E+01   -0.30444E+00    0.36865E+01
 TTOTH(X-Z) =   -0.12997E+02   -0.33012E+05    0.16833E+02

     U(X-Z) =     0.000     0.000     0.000 A/SEC
  OMGA(X-Z) =     0.000     0.000     1.000 RAD/S

 FTOTH(X-Z) =   -0.33337E+01   -0.38231E+01   -0.10999E+01
 TTOTH(X-Z) =   -0.38387E+02    0.99821E+01   -0.32930E+05

 I,J,Ktt,Ktr,Krt,Krr=    1    1  0.2288E+02 -0.1465E+01 -0.1450E+01  0.2816E+05
 I,J,Ktt,Ktr,Krt,Krr=    1    2 -0.2280E-02  0.1330E+01 -0.1735E+01  0.1300E+02
 I,J,Ktt,Ktr,Krt,Krr=    1    3  0.2676E-01 -0.2738E+01  0.3334E+01  0.3839E+02
 I,J,Ktt,Ktr,Krt,Krr=    2    1 -0.1964E-02 -0.1708E+01  0.1446E+01  0.2421E+01
 I,J,Ktt,Ktr,Krt,Krr=    2    2  0.2386E+02  0.3389E+00  0.3044E+00  0.3301E+05
 I,J,Ktt,Ktr,Krt,Krr=    2    3  0.2446E-02 -0.3548E+01  0.3823E+01 -0.9982E+01
 I,J,Ktt,Ktr,Krt,Krr=    3    1  0.2657E-01  0.3517E+01 -0.2637E+01  0.3843E+02
 I,J,Ktt,Ktr,Krt,Krr=    3    2  0.2417E-02  0.3626E+01 -0.3687E+01 -0.1683E+02
 I,J,Ktt,Ktr,Krt,Krr=    3    3  0.2372E+02  0.1060E+01  0.1100E+01  0.3293E+05
  
  Friction Tensors in Center of Resistance
  
  Ktt Tensor (A)
    0.22877E+02   -0.22805E-02    0.26762E-01
   -0.19639E-02    0.23858E+02    0.24465E-02
    0.26566E-01    0.24166E-02    0.23721E+02
  
  Symmetric Krt Tensor (A^2)
   -0.14579E+01   -0.17218E+01    0.34252E+01
    0.13879E+01    0.32169E+00    0.37244E+01
   -0.26874E+01   -0.36175E+01    0.10798E+01
  
  Krr Tensor (A^3)
    0.28158E+05    0.12997E+02    0.38387E+02
    0.24207E+01    0.33012E+05   -0.99821E+01
    0.38428E+02   -0.16833E+02    0.32930E+05
  
 Raw Dtt tensor (no rot/trans coupling correction)
    0.43712E-01    0.41832E-05   -0.49317E-04
    0.36032E-05    0.41914E-01   -0.43269E-05
   -0.48955E-04   -0.42746E-05    0.42156E-01
  
 Raw Drr tensor (no rot/trans coupling correction)
    0.35513E-04   -0.14003E-07   -0.41404E-07
   -0.26167E-08    0.30292E-04    0.91855E-08
   -0.41445E-07    0.15501E-07    0.30368E-04
  
 Raw Dtt tensor, before CD transformation
    0.43712E-01    0.41832E-05   -0.49519E-04
    0.36038E-05    0.41914E-01   -0.48418E-05
   -0.48957E-04   -0.42748E-05    0.42158E-01
  
 Program finished at:                
 Elapsed time CPU_TIME:   62.247999999999998     
