 BEST ver.3.90 SFSU/ARAGON
  
 control gtensor value=   1.0000000000000000     
 true area (A^2)=    17508.312000000002     
 total area (A^2) =    16101.915690736623     
 centroid coords =   -6.8185824788687312E-003 -0.30271397733405903        9.2867871919410150E-002
  
 first few rows of gr matrix
   9.4959784475027789        1.7708041912483679       0.14158343302504006       0.71619845885645583      -0.13393876964207801     
   1.7708041912483683        8.7227266836842894      -0.28632047761930585      -0.13393876964207801        1.3183068550686483     
  0.14158343302503984      -0.28632047761930596        10.860276478671445       -1.5567650143973680E-005  -1.7559776564228427E-002
  0.91007122345013169      -0.14631238869462707        2.5891446434467376E-003   9.0931109765466935      -0.46953935615727016     
 -0.14631238869462707        1.6975946792722592       -1.6361194250347381E-002 -0.46953935615726994        6.6193760278381770     
   2.5891446434467376E-003  -1.6361194250347381E-002  0.88698214511037266      -0.23570583415961072       0.97371636928669658     
  0.70991250267852724      -0.15934118021775534       -7.9891715098178454E-002   1.2612505555415519       -6.9095280364762576E-002
 -0.15934118021775534        1.1219878549925280       0.23062919383333533       -6.9095280364762576E-002   1.2274712519396411     
  -7.9891715098178454E-002  0.23062919383333533       0.76908642812799166      -0.24284791106291820       0.25025360171463773     
 first few columns of gr matrix
   9.4959784475027789        1.7708041912483683       0.14158343302503984       0.91007122345013169      -0.14631238869462707     
   1.7708041912483679        8.7227266836842894      -0.28632047761930596      -0.14631238869462707        1.6975946792722592     
  0.14158343302504006      -0.28632047761930585        10.860276478671445        2.5891446434467376E-003  -1.6361194250347381E-002
  0.71619845885645583      -0.13393876964207801       -1.5567650143973680E-005   9.0931109765466935      -0.46953935615726994     
 -0.13393876964207801        1.3183068550686483       -1.7559776564228427E-002 -0.46953935615727016        6.6193760278381770     
  -1.5567650143973680E-005  -1.7559776564228427E-002  0.69450329357666363      -0.23570583415961027       0.97371636928669703     
  0.83820131165756129      -0.17876908673162295       -8.8684974024877239E-002   1.7361652037220219      -0.12972875758673907     
 -0.17876908673162295        1.3331051698104508       0.29007774307122652      -0.12972875758673907        1.6354966645817848     
  -8.8684974024877239E-002  0.29007774307122652       0.93358087697582337      -0.39498446047247193       0.28291908693893775     
  
 about to enter dgetrf
 Just out of dgetrf:                 
  
  **** TRANSLATION/ROTATION FLOWS ****
     U(X-Z) =     1.000     0.000     0.000 A/SEC
  OMGA(X-Z) =     0.000     0.000     0.000 RAD/S

 FTOTH(X-Z) =   -0.22989E+02    0.31223E-02   -0.29682E-01
 TTOTH(X-Z) =    0.12757E+01    0.26412E+01   -0.32037E+01

     U(X-Z) =     0.000     1.000     0.000 A/SEC
  OMGA(X-Z) =     0.000     0.000     0.000 RAD/S

 FTOTH(X-Z) =    0.31327E-02   -0.23959E+02   -0.22572E-02
 TTOTH(X-Z) =   -0.27211E+01   -0.76740E-01    0.81815E-01

     U(X-Z) =     0.000     0.000     1.000 A/SEC
  OMGA(X-Z) =     0.000     0.000     0.000 RAD/S

 FTOTH(X-Z) =   -0.29665E-01   -0.20200E-02   -0.23842E+02
 TTOTH(X-Z) =    0.21989E+01    0.10790E+00   -0.11631E+01

     U(X-Z) =     0.000     0.000     0.000 A/SEC
  OMGA(X-Z) =     1.000     0.000     0.000 RAD/S

 FTOTH(X-Z) =    0.13132E+01   -0.26731E+01    0.22138E+01
 TTOTH(X-Z) =   -0.28595E+05    0.14251E+00   -0.60142E+02

     U(X-Z) =     0.000     0.000     0.000 A/SEC
  OMGA(X-Z) =     0.000     1.000     0.000 RAD/S

 FTOTH(X-Z) =    0.25730E+01   -0.85535E-01    0.12401E+00
 TTOTH(X-Z) =    0.41642E+01   -0.33480E+05   -0.10630E+02

     U(X-Z) =     0.000     0.000     0.000 A/SEC
  OMGA(X-Z) =     0.000     0.000     1.000 RAD/S

 FTOTH(X-Z) =   -0.32628E+01    0.53684E-01   -0.11704E+01
 TTOTH(X-Z) =   -0.58291E+02   -0.12350E+02   -0.33391E+05

 I,J,Ktt,Ktr,Krt,Krr=    1    1  0.2299E+02 -0.1276E+01 -0.1313E+01  0.2859E+05
 I,J,Ktt,Ktr,Krt,Krr=    1    2 -0.3133E-02  0.2721E+01 -0.2573E+01 -0.4164E+01
 I,J,Ktt,Ktr,Krt,Krr=    1    3  0.2966E-01 -0.2199E+01  0.3263E+01  0.5829E+02
 I,J,Ktt,Ktr,Krt,Krr=    2    1 -0.3122E-02 -0.2641E+01  0.2673E+01 -0.1425E+00
 I,J,Ktt,Ktr,Krt,Krr=    2    2  0.2396E+02  0.7674E-01  0.8554E-01  0.3348E+05
 I,J,Ktt,Ktr,Krt,Krr=    2    3  0.2020E-02 -0.1079E+00 -0.5368E-01  0.1235E+02
 I,J,Ktt,Ktr,Krt,Krr=    3    1  0.2968E-01  0.3204E+01 -0.2214E+01  0.6014E+02
 I,J,Ktt,Ktr,Krt,Krr=    3    2  0.2257E-02 -0.8182E-01 -0.1240E+00  0.1063E+02
 I,J,Ktt,Ktr,Krt,Krr=    3    3  0.2384E+02  0.1163E+01  0.1170E+01  0.3339E+05
  
  Friction Tensors in Center of Resistance
  
  Ktt Tensor (A)
    0.22989E+02   -0.31327E-02    0.29665E-01
   -0.31223E-02    0.23959E+02    0.20200E-02
    0.29682E-01    0.22572E-02    0.23842E+02
  
  Symmetric Krt Tensor (A^2)
   -0.12945E+01   -0.26071E+01    0.32333E+01
    0.26971E+01    0.81138E-01   -0.67750E-01
   -0.22064E+01   -0.11595E+00    0.11668E+01
  
  Krr Tensor (A^3)
    0.28595E+05   -0.41642E+01    0.58291E+02
   -0.14251E+00    0.33480E+05    0.12350E+02
    0.60142E+02    0.10630E+02    0.33391E+05
  
 Raw Dtt tensor (no rot/trans coupling correction)
    0.43498E-01    0.56925E-05   -0.54122E-04
    0.56731E-05    0.41737E-01   -0.35432E-05
   -0.54155E-04   -0.39584E-05    0.41943E-01
  
 Raw Drr tensor (no rot/trans coupling correction)
    0.34971E-04    0.43691E-08   -0.61052E-07
    0.17209E-09    0.29869E-04   -0.11047E-07
   -0.62989E-07   -0.95169E-08    0.29949E-04
  
 Raw Dtt tensor, before CD transformation
    0.43498E-01    0.56925E-05   -0.54540E-04
    0.56738E-05    0.41737E-01   -0.40664E-05
   -0.54155E-04   -0.39585E-05    0.41944E-01
  
 Program finished at:                
 Elapsed time CPU_TIME:   158.02400000000000     
