 BEST ver.3.90 SFSU/ARAGON
  
 control gtensor value=   1.0000000000000000     
 true area (A^2)=    17508.312000000002     
 total area (A^2) =    16303.112464925891     
 centroid coords =   -5.0179058758011250E-002 -0.11390462266778570       0.21177025898078594     
  
 first few rows of gr matrix
   9.4372015897490797        1.7598435191455315       0.14070708001421567       0.70735985089670317      -0.13228583076621381     
   1.7598435191455324        8.6687359897978560      -0.28454825182098109      -0.13228583076621381        1.3020376250549297     
  0.14070708001421606      -0.28454825182098092        10.793055082868825       -1.5375529713129098E-005  -1.7343071293513524E-002
  0.89884003095025977      -0.14450674693802287        2.5571919993555479E-003   9.0368277306061273      -0.46663306818502981     
 -0.14450674693802287        1.6766446567483244       -1.6159280688619038E-002 -0.46663306818502981        6.5784043548971081     
   2.5571919993555479E-003  -1.6159280688619038E-002  0.87603589501588242      -0.23424689568763529       0.96768939809605925     
  0.70115146972835718      -0.15737475009440982       -7.8905771132154759E-002   1.2456854575416676       -6.8242575241680439E-002
 -0.15737475009440982        1.1081413985205084       0.22778299805734686       -6.8242575241680439E-002   1.2123230244565808     
  -7.8905771132154759E-002  0.22778299805734686       0.75959512953424213      -0.23985092405020936       0.24716522104482161     
 first few columns of gr matrix
   9.4372015897490797        1.7598435191455324       0.14070708001421606       0.89884003095025977      -0.14450674693802287     
   1.7598435191455315        8.6687359897978560      -0.28454825182098092      -0.14450674693802287        1.6766446567483244     
  0.14070708001421567      -0.28454825182098109        10.793055082868825        2.5571919993555479E-003  -1.6159280688619038E-002
  0.70735985089670317      -0.13228583076621381       -1.5375529713129098E-005   9.0368277306061273      -0.46663306818502981     
 -0.13228583076621381        1.3020376250549297       -1.7343071293513524E-002 -0.46663306818502981        6.5784043548971081     
  -1.5375529713129098E-005  -1.7343071293513524E-002  0.68593242573581059      -0.23424689568763440       0.96768939809605858     
  0.82785706601799258      -0.17656289673860512       -8.7590512416319155E-002   1.7147391822061910      -0.12812777448598561     
 -0.17656289673860512        1.3166533137370822       0.28649789251841995      -0.12812777448598561        1.6153129938980986     
  -8.7590512416319155E-002  0.28649789251841995       0.92205955175056875      -0.39010995571315593       0.27942758138923623     
  
 about to enter dgetrf
 Just out of dgetrf:                 
  
  **** TRANSLATION/ROTATION FLOWS ****
     U(X-Z) =     1.000     0.000     0.000 A/SEC
  OMGA(X-Z) =     0.000     0.000     0.000 RAD/S

 FTOTH(X-Z) =   -0.23027E+02    0.27958E-02   -0.27592E-01
 TTOTH(X-Z) =    0.12660E+01    0.49550E+01   -0.68875E+01

     U(X-Z) =     0.000     1.000     0.000 A/SEC
  OMGA(X-Z) =     0.000     0.000     0.000 RAD/S

 FTOTH(X-Z) =    0.28523E-02   -0.24001E+02   -0.11415E-02
 TTOTH(X-Z) =   -0.52010E+01   -0.89306E-01   -0.10721E+01

     U(X-Z) =     0.000     0.000     1.000 A/SEC
  OMGA(X-Z) =     0.000     0.000     0.000 RAD/S

 FTOTH(X-Z) =   -0.27701E-01   -0.10942E-02   -0.23881E+02
 TTOTH(X-Z) =    0.61990E+01    0.10347E+01   -0.11094E+01

     U(X-Z) =     0.000     0.000     0.000 A/SEC
  OMGA(X-Z) =     1.000     0.000     0.000 RAD/S

 FTOTH(X-Z) =    0.12813E+01   -0.51789E+01    0.61825E+01
 TTOTH(X-Z) =   -0.28733E+05   -0.61086E+01   -0.57335E+02

     U(X-Z) =     0.000     0.000     0.000 A/SEC
  OMGA(X-Z) =     0.000     1.000     0.000 RAD/S

 FTOTH(X-Z) =    0.49335E+01   -0.69263E-01    0.10366E+01
 TTOTH(X-Z) =   -0.35450E+01   -0.33659E+05    0.18321E+01

     U(X-Z) =     0.000     0.000     0.000 A/SEC
  OMGA(X-Z) =     0.000     0.000     1.000 RAD/S

 FTOTH(X-Z) =   -0.69156E+01   -0.11002E+01   -0.11493E+01
 TTOTH(X-Z) =   -0.60633E+02   -0.16487E+01   -0.33560E+05

 I,J,Ktt,Ktr,Krt,Krr=    1    1  0.2303E+02 -0.1266E+01 -0.1281E+01  0.2873E+05
 I,J,Ktt,Ktr,Krt,Krr=    1    2 -0.2852E-02  0.5201E+01 -0.4933E+01  0.3545E+01
 I,J,Ktt,Ktr,Krt,Krr=    1    3  0.2770E-01 -0.6199E+01  0.6916E+01  0.6063E+02
 I,J,Ktt,Ktr,Krt,Krr=    2    1 -0.2796E-02 -0.4955E+01  0.5179E+01  0.6109E+01
 I,J,Ktt,Ktr,Krt,Krr=    2    2  0.2400E+02  0.8931E-01  0.6926E-01  0.3366E+05
 I,J,Ktt,Ktr,Krt,Krr=    2    3  0.1094E-02 -0.1035E+01  0.1100E+01  0.1649E+01
 I,J,Ktt,Ktr,Krt,Krr=    3    1  0.2759E-01  0.6887E+01 -0.6182E+01  0.5734E+02
 I,J,Ktt,Ktr,Krt,Krr=    3    2  0.1141E-02  0.1072E+01 -0.1037E+01 -0.1832E+01
 I,J,Ktt,Ktr,Krt,Krr=    3    3  0.2388E+02  0.1109E+01  0.1149E+01  0.3356E+05
  
  Friction Tensors in Center of Resistance
  
  Ktt Tensor (A)
    0.23027E+02   -0.28523E-02    0.27701E-01
   -0.27958E-02    0.24001E+02    0.10942E-02
    0.27592E-01    0.11415E-02    0.23881E+02
  
  Symmetric Krt Tensor (A^2)
   -0.12737E+01   -0.49442E+01    0.69015E+01
    0.51899E+01    0.79284E-01    0.10862E+01
   -0.61907E+01   -0.10357E+01    0.11294E+01
  
  Krr Tensor (A^3)
    0.28733E+05    0.35450E+01    0.60633E+02
    0.61086E+01    0.33659E+05    0.16487E+01
    0.57335E+02   -0.18321E+01    0.33560E+05
  
 Raw Dtt tensor (no rot/trans coupling correction)
    0.43428E-01    0.51635E-05   -0.50374E-04
    0.50612E-05    0.41666E-01   -0.19150E-05
   -0.50176E-04   -0.19975E-05    0.41874E-01
  
 Raw Drr tensor (no rot/trans coupling correction)
    0.34804E-04   -0.36690E-08   -0.62881E-07
   -0.63135E-08    0.29710E-04   -0.14482E-08
   -0.59462E-07    0.16283E-08    0.29798E-04
  
 Raw Dtt tensor, before CD transformation
    0.43428E-01    0.51636E-05   -0.51004E-04
    0.50638E-05    0.41666E-01   -0.40424E-05
   -0.50179E-04   -0.19977E-05    0.41877E-01
  
 Program finished at:                
 Elapsed time CPU_TIME:   321.77599999999995     
