 BEST ver.3.90 SFSU/ARAGON
  
 control gtensor value=   1.0000000000000000     
 true area (A^2)=    17508.312000000002     
 total area (A^2) =    16213.816229297196     
 centroid coords =   -7.2647026604073031E-002 -0.25012887323944033       0.21012832550860788     
  
 first few rows of gr matrix
   9.4631532061075596        1.7646829605228818       0.14109401422609230       0.71125557606261525      -0.13301438390554771     
   1.7646829605228831        8.6925743817809753      -0.28533073876867482      -0.13301438390554771        1.3092084882817030     
  0.14109401422609208      -0.28533073876867493        10.822735197485727       -1.5460209155921699E-005  -1.7438586806878802E-002
  0.90379031717906300      -0.14530260575016343        2.5712755202301446E-003   9.0616783480409708      -0.46791627510294409     
 -0.14530260575016343        1.6858786368438963       -1.6248276574322595E-002 -0.46791627510294398        6.5964944872785845     
   2.5712755202301446E-003  -1.6248276574322595E-002  0.88086058937495515      -0.23489105757315074       0.97035047339202740     
  0.70501300275468670      -0.15824147835675711       -7.9340338061484411E-002   1.2525459659230864       -6.8618415512256517E-002
 -0.15824147835675711        1.1142443945106442       0.22903749385149472       -6.8618415512256517E-002   1.2189997920305438     
  -7.9340338061484411E-002  0.22903749385149472       0.76377853612464963      -0.24117188293656006       0.24852646280959231     
 first few columns of gr matrix
   9.4631532061075596        1.7646829605228831       0.14109401422609208       0.90379031717906300      -0.14530260575016343     
   1.7646829605228818        8.6925743817809753      -0.28533073876867493      -0.14530260575016343        1.6858786368438963     
  0.14109401422609230      -0.28533073876867482        10.822735197485727        2.5712755202301446E-003  -1.6248276574322595E-002
  0.71125557606261525      -0.13301438390554771       -1.5460209155921699E-005   9.0616783480409708      -0.46791627510294398     
 -0.13301438390554771        1.3092084882817030       -1.7438586806878802E-002 -0.46791627510294409        6.5964944872785845     
  -1.5460209155921699E-005  -1.7438586806878802E-002  0.68971014115133311      -0.23489105757315074       0.97035047339202740     
  0.83241641950939593      -0.17753530211236074       -8.8072909831274152E-002   1.7241829647118396      -0.12883342747842591     
 -0.17753530211236074        1.3239046716457972       0.28807575567880433      -0.12883342747842591        1.6242091949945796     
  -8.8072909831274152E-002  0.28807575567880433       0.92713771754647989      -0.39225845363824752       0.28096650540293039     
  
 about to enter dgetrf
 Just out of dgetrf:                 
  
  **** TRANSLATION/ROTATION FLOWS ****
     U(X-Z) =     1.000     0.000     0.000 A/SEC
  OMGA(X-Z) =     0.000     0.000     0.000 RAD/S

 FTOTH(X-Z) =   -0.23008E+02    0.40345E-02   -0.26516E-01
 TTOTH(X-Z) =    0.13436E+01    0.49639E+01   -0.41312E+01

     U(X-Z) =     0.000     1.000     0.000 A/SEC
  OMGA(X-Z) =     0.000     0.000     0.000 RAD/S

 FTOTH(X-Z) =    0.41426E-02   -0.23979E+02   -0.15078E-02
 TTOTH(X-Z) =   -0.51865E+01   -0.15158E+00   -0.17013E+01

     U(X-Z) =     0.000     0.000     1.000 A/SEC
  OMGA(X-Z) =     0.000     0.000     0.000 RAD/S

 FTOTH(X-Z) =   -0.26501E-01   -0.13624E-02   -0.23857E+02
 TTOTH(X-Z) =    0.30937E+01    0.16822E+01   -0.10895E+01

     U(X-Z) =     0.000     0.000     0.000 A/SEC
  OMGA(X-Z) =     1.000     0.000     0.000 RAD/S

 FTOTH(X-Z) =    0.13214E+01   -0.51319E+01    0.31053E+01
 TTOTH(X-Z) =   -0.28661E+05   -0.13653E+01   -0.35728E+02

     U(X-Z) =     0.000     0.000     0.000 A/SEC
  OMGA(X-Z) =     0.000     1.000     0.000 RAD/S

 FTOTH(X-Z) =    0.48992E+01   -0.12576E+00    0.17048E+01
 TTOTH(X-Z) =    0.39816E+01   -0.33565E+05   -0.28976E+01

     U(X-Z) =     0.000     0.000     0.000 A/SEC
  OMGA(X-Z) =     0.000     0.000     1.000 RAD/S

 FTOTH(X-Z) =   -0.41803E+01   -0.17230E+01   -0.11329E+01
 TTOTH(X-Z) =   -0.40314E+02   -0.99507E+01   -0.33457E+05

 I,J,Ktt,Ktr,Krt,Krr=    1    1  0.2301E+02 -0.1344E+01 -0.1321E+01  0.2866E+05
 I,J,Ktt,Ktr,Krt,Krr=    1    2 -0.4143E-02  0.5186E+01 -0.4899E+01 -0.3982E+01
 I,J,Ktt,Ktr,Krt,Krr=    1    3  0.2650E-01 -0.3094E+01  0.4180E+01  0.4031E+02
 I,J,Ktt,Ktr,Krt,Krr=    2    1 -0.4035E-02 -0.4964E+01  0.5132E+01  0.1365E+01
 I,J,Ktt,Ktr,Krt,Krr=    2    2  0.2398E+02  0.1516E+00  0.1258E+00  0.3356E+05
 I,J,Ktt,Ktr,Krt,Krr=    2    3  0.1362E-02 -0.1682E+01  0.1723E+01  0.9951E+01
 I,J,Ktt,Ktr,Krt,Krr=    3    1  0.2652E-01  0.4131E+01 -0.3105E+01  0.3573E+02
 I,J,Ktt,Ktr,Krt,Krr=    3    2  0.1508E-02  0.1701E+01 -0.1705E+01  0.2898E+01
 I,J,Ktt,Ktr,Krt,Krr=    3    3  0.2386E+02  0.1090E+01  0.1133E+01  0.3346E+05
  
  Friction Tensors in Center of Resistance
  
  Ktt Tensor (A)
    0.23008E+02   -0.41426E-02    0.26501E-01
   -0.40345E-02    0.23979E+02    0.13624E-02
    0.26516E-01    0.15078E-02    0.23857E+02
  
  Symmetric Krt Tensor (A^2)
   -0.13325E+01   -0.49316E+01    0.41558E+01
    0.51592E+01    0.13867E+00    0.17122E+01
   -0.30995E+01   -0.16935E+01    0.11112E+01
  
  Krr Tensor (A^3)
    0.28661E+05   -0.39816E+01    0.40314E+02
    0.13653E+01    0.33565E+05    0.99507E+01
    0.35728E+02    0.28976E+01    0.33457E+05
  
 Raw Dtt tensor (no rot/trans coupling correction)
    0.43463E-01    0.75117E-05   -0.48280E-04
    0.73154E-05    0.41703E-01   -0.23897E-05
   -0.48309E-04   -0.26441E-05    0.41917E-01
  
 Raw Drr tensor (no rot/trans coupling correction)
    0.34891E-04    0.41426E-08   -0.42043E-07
   -0.14082E-08    0.29793E-04   -0.88592E-08
   -0.37258E-07   -0.25847E-08    0.29889E-04
  
 Raw Dtt tensor, before CD transformation
    0.43463E-01    0.75117E-05   -0.48341E-04
    0.73170E-05    0.41703E-01   -0.37249E-05
   -0.48310E-04   -0.26441E-05    0.41918E-01
  
 Program finished at:                
 Elapsed time CPU_TIME:   236.88400000000001     
