 BEST ver.3.90 SFSU/ARAGON
  
 control gtensor value=   1.0000000000000000     
 true area (A^2)=    17508.312000000002     
 total area (A^2) =    15918.409104762972     
 centroid coords =   0.13790786948176920      -0.29582864150138782       0.15869545745361482     
  
 first few rows of gr matrix
   9.5505561768803187        1.7809818124871750       0.14239717774178517       0.72445475715859187      -0.13548280875960397     
   1.7809818124871737        8.7728601816706480      -0.28796609230020964      -0.13548280875960397        1.3335042274095159     
  0.14239717774178584      -0.28796609230020959        10.922695452544968       -1.5747113199077479E-005  -1.7762204748260648E-002
  0.92056247682282133      -0.14799907024416512        2.6189921672153194E-003   9.1453732423912921      -0.47223801349459671     
 -0.14799907024416512        1.7171644617743986       -1.6549805240276220E-002 -0.47223801349459671        6.6574206080247036     
   2.6189921672153194E-003  -1.6549805240276220E-002  0.89720722879791837      -0.23706054334525134       0.97931276241113374     
  0.71809633680725138      -0.16117805699321319       -8.0812702603196437E-002   1.2757901858513672       -6.9891807135952597E-002
 -0.16117805699321319        1.1349220721883886       0.23328787509398663       -6.9891807135952597E-002   1.2416214762077022     
  -8.0812702603196437E-002  0.23328787509398663       0.77795241616835531      -0.24564744905550845       0.25313851212093241     
 first few columns of gr matrix
   9.5505561768803187        1.7809818124871737       0.14239717774178584       0.92056247682282133      -0.14799907024416512     
   1.7809818124871750        8.7728601816706480      -0.28796609230020959      -0.14799907024416512        1.7171644617743986     
  0.14239717774178517      -0.28796609230020964        10.922695452544968        2.6189921672153194E-003  -1.6549805240276220E-002
  0.72445475715859187      -0.13548280875960397       -1.5747113199077479E-005   9.1453732423912921      -0.47223801349459671     
 -0.13548280875960397        1.3335042274095159       -1.7762204748260648E-002 -0.47223801349459671        6.6574206080247036     
  -1.5747113199077479E-005  -1.7762204748260648E-002  0.70250949115036432      -0.23706054334525223       0.97931276241113308     
  0.84786405245336816      -0.18082992739527562       -8.9707329758001469E-002   1.7561796252087751      -0.13122426390591146     
 -0.18082992739527562        1.3484731363481723       0.29342174409215899      -0.13122426390591146        1.6543505844247484     
  -8.9707329758001469E-002  0.29342174409215899       0.94434314840236189      -0.39953782063409055       0.28618056334711767     
  
 about to enter dgetrf
 Just out of dgetrf:                 
  
  **** TRANSLATION/ROTATION FLOWS ****
     U(X-Z) =     1.000     0.000     0.000 A/SEC
  OMGA(X-Z) =     0.000     0.000     0.000 RAD/S

 FTOTH(X-Z) =   -0.22942E+02    0.70068E-04   -0.22403E-01
 TTOTH(X-Z) =    0.13212E+01    0.41742E+01   -0.35805E+01

     U(X-Z) =     0.000     1.000     0.000 A/SEC
  OMGA(X-Z) =     0.000     0.000     0.000 RAD/S

 FTOTH(X-Z) =    0.24907E-03   -0.23920E+02   -0.14115E-04
 TTOTH(X-Z) =   -0.43765E+01   -0.10655E+00    0.33486E+01

     U(X-Z) =     0.000     0.000     1.000 A/SEC
  OMGA(X-Z) =     0.000     0.000     0.000 RAD/S

 FTOTH(X-Z) =   -0.22541E-01    0.26757E-03   -0.23804E+02
 TTOTH(X-Z) =    0.24883E+01   -0.32623E+01   -0.11972E+01

     U(X-Z) =     0.000     0.000     0.000 A/SEC
  OMGA(X-Z) =     1.000     0.000     0.000 RAD/S

 FTOTH(X-Z) =    0.13370E+01   -0.42968E+01    0.25622E+01
 TTOTH(X-Z) =   -0.28413E+05   -0.15295E+02   -0.25910E+02

     U(X-Z) =     0.000     0.000     0.000 A/SEC
  OMGA(X-Z) =     0.000     1.000     0.000 RAD/S

 FTOTH(X-Z) =    0.39992E+01   -0.58314E-01   -0.31647E+01
 TTOTH(X-Z) =   -0.98905E+01   -0.33317E+05   -0.95646E+01

     U(X-Z) =     0.000     0.000     0.000 A/SEC
  OMGA(X-Z) =     0.000     0.000     1.000 RAD/S

 FTOTH(X-Z) =   -0.35746E+01    0.32537E+01   -0.12154E+01
 TTOTH(X-Z) =   -0.29497E+02   -0.13561E+02   -0.33245E+05

 I,J,Ktt,Ktr,Krt,Krr=    1    1  0.2294E+02 -0.1321E+01 -0.1337E+01  0.2841E+05
 I,J,Ktt,Ktr,Krt,Krr=    1    2 -0.2491E-03  0.4376E+01 -0.3999E+01  0.9890E+01
 I,J,Ktt,Ktr,Krt,Krr=    1    3  0.2254E-01 -0.2488E+01  0.3575E+01  0.2950E+02
 I,J,Ktt,Ktr,Krt,Krr=    2    1 -0.7007E-04 -0.4174E+01  0.4297E+01  0.1530E+02
 I,J,Ktt,Ktr,Krt,Krr=    2    2  0.2392E+02  0.1065E+00  0.5831E-01  0.3332E+05
 I,J,Ktt,Ktr,Krt,Krr=    2    3 -0.2676E-03  0.3262E+01 -0.3254E+01  0.1356E+02
 I,J,Ktt,Ktr,Krt,Krr=    3    1  0.2240E-01  0.3581E+01 -0.2562E+01  0.2591E+02
 I,J,Ktt,Ktr,Krt,Krr=    3    2  0.1412E-04 -0.3349E+01  0.3165E+01  0.9565E+01
 I,J,Ktt,Ktr,Krt,Krr=    3    3  0.2380E+02  0.1197E+01  0.1215E+01  0.3325E+05
  
  Friction Tensors in Center of Resistance
  
  Ktt Tensor (A)
    0.22942E+02   -0.24907E-03    0.22541E-01
   -0.70068E-04    0.23920E+02   -0.26757E-03
    0.22403E-01    0.14115E-04    0.23804E+02
  
  Symmetric Krt Tensor (A^2)
   -0.13291E+01   -0.40867E+01    0.35776E+01
    0.43366E+01    0.82432E-01   -0.33012E+01
   -0.25253E+01    0.32135E+01    0.12063E+01
  
  Krr Tensor (A^3)
    0.28413E+05    0.98905E+01    0.29497E+02
    0.15295E+02    0.33317E+05    0.13561E+02
    0.25910E+02    0.95646E+01    0.33245E+05
  
 Raw Dtt tensor (no rot/trans coupling correction)
    0.43588E-01    0.45389E-06   -0.41276E-04
    0.12723E-06    0.41807E-01    0.46980E-06
   -0.41023E-04   -0.25218E-07    0.42010E-01
  
 Raw Drr tensor (no rot/trans coupling correction)
    0.35195E-04   -0.10439E-07   -0.31222E-07
   -0.16146E-07    0.30015E-04   -0.12229E-07
   -0.27425E-07   -0.86272E-08    0.30080E-04
  
 Raw Dtt tensor, before CD transformation
    0.43588E-01    0.45388E-06   -0.42538E-04
    0.12793E-06    0.41807E-01   -0.24407E-06
   -0.41024E-04   -0.25202E-07    0.42011E-01
  
 Program finished at:                
 Elapsed time CPU_TIME:   104.16400000000000     
