 BEST ver.3.90 SFSU/ARAGON
  
 control gtensor value=   1.0000000000000000     
 true area (A^2)=    5773.8540000000003     
 total area (A^2) =    5515.7662479521641     
 centroid coords =    46.735477213541564        23.463397243923538        5.0196032986111083     
  
 first few rows of gr matrix
   6.1303577522604673       0.93027886766870171      -0.33792499653396579       0.92846774397487675        7.2519972118310683E-002
  0.93027886766870171        8.5257822068809155        4.2247732963920925E-004   7.2519972118310683E-002   1.2716211643998763     
 -0.33792499653396568        4.2247732963965334E-004   8.4360781873501995       -5.4004341359383867E-002 -0.39204026437998030     
   1.4341164376155575        9.0129150753992388E-002  -7.0893156294845827E-002   5.6501542644257698       0.78532656263831480     
   9.0129150753992388E-002   2.0313633188522671      -0.63597098831359822       0.78532656263831524        7.4061709911309217     
  -7.0893156294845827E-002 -0.63597098831359822        2.1637224668643875       0.86465028703921054      -0.13862130935408901     
  0.98742028962010542      -0.11017323748098669       0.15045959475187218        2.4392612773401927      -0.21662769093603068     
 -0.11017323748098669        1.2849412294252858      -0.41185735829554265      -0.21662769093603068        2.2255250023932147     
  0.15045959475187218      -0.41185735829554265        1.4579851480593884       0.55949102564393749      -0.23940486692199250     
 first few columns of gr matrix
   6.1303577522604673       0.93027886766870171      -0.33792499653396568        1.4341164376155575        9.0129150753992388E-002
  0.93027886766870171        8.5257822068809155        4.2247732963965334E-004   9.0129150753992388E-002   2.0313633188522671     
 -0.33792499653396579        4.2247732963920925E-004   8.4360781873501995       -7.0893156294845827E-002 -0.63597098831359822     
  0.92846774397487675        7.2519972118310683E-002  -5.4004341359383867E-002   5.6501542644257698       0.78532656263831524     
   7.2519972118310683E-002   1.2716211643998763      -0.39204026437998030       0.78532656263831480        7.4061709911309217     
  -5.4004341359383867E-002 -0.39204026437998030        1.4268920868428940       0.86465028703921076      -0.13862130935408834     
   1.1118931707078932       -6.7887647319941916E-002  0.11765580180837512        3.6141532086664485      -0.17833540933679515     
  -6.7887647319941916E-002   1.4627508942797602      -0.46241246928325269      -0.17833540933679515        3.5588282875160817     
  0.11765580180837512      -0.46241246928325269        1.7258942630547902       0.87827927573629505      -0.38714777053204330     
  
 about to enter dgetrf
 Just out of dgetrf:                 
  
  **** TRANSLATION/ROTATION FLOWS ****
     U(X-Z) =     1.000     0.000     0.000 A/SEC
  OMGA(X-Z) =     0.000     0.000     0.000 RAD/S

 FTOTH(X-Z) =   -0.14582E+02    0.14340E-01   -0.11614E+00
 TTOTH(X-Z) =   -0.32448E+00    0.34350E+01   -0.61818E+00

     U(X-Z) =     0.000     1.000     0.000 A/SEC
  OMGA(X-Z) =     0.000     0.000     0.000 RAD/S

 FTOTH(X-Z) =    0.14370E-01   -0.15027E+02    0.22525E+00
 TTOTH(X-Z) =   -0.59372E+01   -0.16142E+00    0.63697E+01

     U(X-Z) =     0.000     0.000     1.000 A/SEC
  OMGA(X-Z) =     0.000     0.000     0.000 RAD/S

 FTOTH(X-Z) =   -0.11634E+00    0.22532E+00   -0.14225E+02
 TTOTH(X-Z) =    0.38257E+00   -0.89596E+01    0.45633E+00

     U(X-Z) =     0.000     0.000     0.000 A/SEC
  OMGA(X-Z) =     1.000     0.000     0.000 RAD/S

 FTOTH(X-Z) =   -0.35164E+00   -0.58909E+01    0.40522E+00
 TTOTH(X-Z) =   -0.77124E+04    0.72335E+02   -0.20708E+03

     U(X-Z) =     0.000     0.000     0.000 A/SEC
  OMGA(X-Z) =     0.000     1.000     0.000 RAD/S

 FTOTH(X-Z) =    0.33740E+01   -0.15991E+00   -0.89670E+01
 TTOTH(X-Z) =    0.71863E+02   -0.83966E+04    0.34031E+03

     U(X-Z) =     0.000     0.000     0.000 A/SEC
  OMGA(X-Z) =     0.000     0.000     1.000 RAD/S

 FTOTH(X-Z) =   -0.67878E+00    0.63670E+01    0.46755E+00
 TTOTH(X-Z) =   -0.20885E+03    0.34177E+03   -0.69571E+04

 I,J,Ktt,Ktr,Krt,Krr=    1    1  0.1458E+02  0.3245E+00  0.3516E+00  0.7712E+04
 I,J,Ktt,Ktr,Krt,Krr=    1    2 -0.1437E-01  0.5937E+01 -0.3374E+01 -0.7186E+02
 I,J,Ktt,Ktr,Krt,Krr=    1    3  0.1163E+00 -0.3826E+00  0.6788E+00  0.2089E+03
 I,J,Ktt,Ktr,Krt,Krr=    2    1 -0.1434E-01 -0.3435E+01  0.5891E+01 -0.7234E+02
 I,J,Ktt,Ktr,Krt,Krr=    2    2  0.1503E+02  0.1614E+00  0.1599E+00  0.8397E+04
 I,J,Ktt,Ktr,Krt,Krr=    2    3 -0.2253E+00  0.8960E+01 -0.6367E+01 -0.3418E+03
 I,J,Ktt,Ktr,Krt,Krr=    3    1  0.1161E+00  0.6182E+00 -0.4052E+00  0.2071E+03
 I,J,Ktt,Ktr,Krt,Krr=    3    2 -0.2252E+00 -0.6370E+01  0.8967E+01 -0.3403E+03
 I,J,Ktt,Ktr,Krt,Krr=    3    3  0.1423E+02 -0.4563E+00 -0.4676E+00  0.6957E+04
  
  Friction Tensors in Center of Resistance
  
  Ktt Tensor (A)
    0.14582E+02   -0.14370E-01    0.11634E+00
   -0.14340E-01    0.15027E+02   -0.22532E+00
    0.11614E+00   -0.22525E+00    0.14225E+02
  
  Symmetric Krt Tensor (A^2)
    0.33806E+00   -0.34045E+01    0.64848E+00
    0.59140E+01    0.16067E+00   -0.63683E+01
   -0.39389E+00    0.89633E+01   -0.46194E+00
  
  Krr Tensor (A^3)
    0.77124E+04   -0.71863E+02    0.20885E+03
   -0.72335E+02    0.83966E+04   -0.34177E+03
    0.20708E+03   -0.34031E+03    0.69571E+04
  
 Raw Dtt tensor (no rot/trans coupling correction)
    0.68584E-01    0.57190E-04   -0.55999E-03
    0.57064E-04    0.66562E-01    0.10538E-02
   -0.55902E-03    0.10535E-02    0.70318E-01
  
 Raw Drr tensor (no rot/trans coupling correction)
    0.12977E-03    0.95469E-06   -0.38490E-05
    0.96267E-06    0.11934E-03    0.58339E-05
   -0.38157E-05    0.58093E-05    0.14414E-03
  
 Raw Dtt tensor, before CD transformation
    0.68584E-01    0.56866E-04   -0.58161E-03
    0.57111E-04    0.66562E-01    0.10479E-02
   -0.55922E-03    0.10539E-02    0.70343E-01
  
 Program finished at:                
 Elapsed time CPU_TIME:   92.891999999999996     
