 BEST ver.3.90 SFSU/ARAGON
  
 control gtensor value=   1.0000000000000000     
 true area (A^2)=    5773.8540000000003     
 total area (A^2) =    5392.3921155166045     
 centroid coords =    46.632149542015156        23.587147550776614        4.7996602947033074     
  
 first few rows of gr matrix
   6.4408922977507777        1.4156403682442598       -9.8059636542385281E-002   1.2331876705789173        7.0965785405448900E-002
   1.4156403682442602        7.8265326276293612      -0.29533521607900715        7.0965785405448900E-002   1.6579652409591050     
  -9.8059636542385087E-002 -0.29533521607900670        7.9540632359540497       -7.6812704861109776E-002 -0.52491168158855694     
   1.1980158772087148        4.1889784789114926E-002  -2.1122187530761775E-002   7.4297865302901531       0.34465814594609406     
   4.1889784789114926E-002   1.5691011849387746      -0.52089172818461726       0.34465814594609412        9.8972264188134407     
  -2.1122187530761775E-002 -0.52089172818461726        1.8921109901892599        1.3380550516936158      -0.12398135316280834     
  0.80910260306339132       -8.3199023536037586E-002  0.11139536721212395        3.9149655740021996      -0.22652031012513604     
  -8.3199023536037586E-002   1.0598542724891182      -0.34902113164229115      -0.22652031012513604        3.6737302036721928     
  0.11139536721212395      -0.34902113164229115        1.1933598840372701       0.86017686465402010      -0.27316389783206474     
 first few columns of gr matrix
   6.4408922977507777        1.4156403682442602       -9.8059636542385087E-002   1.1980158772087148        4.1889784789114926E-002
   1.4156403682442598        7.8265326276293612      -0.29533521607900670        4.1889784789114926E-002   1.5691011849387746     
  -9.8059636542385281E-002 -0.29533521607900715        7.9540632359540497       -2.1122187530761775E-002 -0.52089172818461726     
   1.2331876705789173        7.0965785405448900E-002  -7.6812704861109776E-002   7.4297865302901531       0.34465814594609412     
   7.0965785405448900E-002   1.6579652409591050      -0.52491168158855694       0.34465814594609406        9.8972264188134407     
  -7.6812704861109776E-002 -0.52491168158855694        1.9579142081072352        1.3380550516936149      -0.12398135316280878     
  0.76519573904599714       -4.7803637459092267E-002   7.4174333889648308E-002   2.7436282449867582      -0.23696520890843187     
  -4.7803637459092267E-002   1.0083892423084930      -0.32466330830797252      -0.23696520890843187        2.7341776873765720     
   7.4174333889648308E-002 -0.32466330830797252        1.2285712618295106       0.67254596141788736      -0.28916615968374826     
  
 about to enter dgetrf
 Just out of dgetrf:                 
  
  **** TRANSLATION/ROTATION FLOWS ****
     U(X-Z) =     1.000     0.000     0.000 A/SEC
  OMGA(X-Z) =     0.000     0.000     0.000 RAD/S

 FTOTH(X-Z) =   -0.14502E+02    0.11258E-01   -0.12374E+00
 TTOTH(X-Z) =   -0.33921E+00   -0.49113E+00   -0.22015E+01

     U(X-Z) =     0.000     1.000     0.000 A/SEC
  OMGA(X-Z) =     0.000     0.000     0.000 RAD/S

 FTOTH(X-Z) =    0.11199E-01   -0.14945E+02    0.22946E+00
 TTOTH(X-Z) =   -0.20182E+01   -0.27504E+00    0.41126E+01

     U(X-Z) =     0.000     0.000     1.000 A/SEC
  OMGA(X-Z) =     0.000     0.000     0.000 RAD/S

 FTOTH(X-Z) =   -0.12382E+00    0.22935E+00   -0.14142E+02
 TTOTH(X-Z) =    0.18425E+01   -0.67146E+01    0.56121E+00

     U(X-Z) =     0.000     0.000     0.000 A/SEC
  OMGA(X-Z) =     1.000     0.000     0.000 RAD/S

 FTOTH(X-Z) =   -0.34263E+00   -0.19146E+01    0.19101E+01
 TTOTH(X-Z) =   -0.75954E+04    0.65482E+02   -0.21485E+03

     U(X-Z) =     0.000     0.000     0.000 A/SEC
  OMGA(X-Z) =     0.000     1.000     0.000 RAD/S

 FTOTH(X-Z) =   -0.59204E+00   -0.27183E+00   -0.67754E+01
 TTOTH(X-Z) =    0.65951E+02   -0.82525E+04    0.34207E+03

     U(X-Z) =     0.000     0.000     0.000 A/SEC
  OMGA(X-Z) =     0.000     0.000     1.000 RAD/S

 FTOTH(X-Z) =   -0.22464E+01    0.41601E+01    0.59270E+00
 TTOTH(X-Z) =   -0.21422E+03    0.34640E+03   -0.68434E+04

 I,J,Ktt,Ktr,Krt,Krr=    1    1  0.1450E+02  0.3392E+00  0.3426E+00  0.7595E+04
 I,J,Ktt,Ktr,Krt,Krr=    1    2 -0.1120E-01  0.2018E+01  0.5920E+00 -0.6595E+02
 I,J,Ktt,Ktr,Krt,Krr=    1    3  0.1238E+00 -0.1842E+01  0.2246E+01  0.2142E+03
 I,J,Ktt,Ktr,Krt,Krr=    2    1 -0.1126E-01  0.4911E+00  0.1915E+01 -0.6548E+02
 I,J,Ktt,Ktr,Krt,Krr=    2    2  0.1494E+02  0.2750E+00  0.2718E+00  0.8252E+04
 I,J,Ktt,Ktr,Krt,Krr=    2    3 -0.2294E+00  0.6715E+01 -0.4160E+01 -0.3464E+03
 I,J,Ktt,Ktr,Krt,Krr=    3    1  0.1237E+00  0.2202E+01 -0.1910E+01  0.2149E+03
 I,J,Ktt,Ktr,Krt,Krr=    3    2 -0.2295E+00 -0.4113E+01  0.6775E+01 -0.3421E+03
 I,J,Ktt,Ktr,Krt,Krr=    3    3  0.1414E+02 -0.5612E+00 -0.5927E+00  0.6843E+04
  
  Friction Tensors in Center of Resistance
  
  Ktt Tensor (A)
    0.14502E+02   -0.11199E-01    0.12382E+00
   -0.11258E-01    0.14945E+02   -0.22935E+00
    0.12374E+00   -0.22946E+00    0.14142E+02
  
  Symmetric Krt Tensor (A^2)
    0.34092E+00    0.54159E+00    0.22240E+01
    0.19664E+01    0.27344E+00   -0.41363E+01
   -0.18763E+01    0.67450E+01   -0.57696E+00
  
  Krr Tensor (A^3)
    0.75954E+04   -0.65951E+02    0.21422E+03
   -0.65482E+02    0.82525E+04   -0.34640E+03
    0.21485E+03   -0.34207E+03    0.68434E+04
  
 Raw Dtt tensor (no rot/trans coupling correction)
    0.68961E-01    0.42416E-04   -0.60310E-03
    0.42699E-04    0.66929E-01    0.10851E-02
   -0.60272E-03    0.10856E-02    0.70737E-01
  
 Raw Drr tensor (no rot/trans coupling correction)
    0.13178E-03    0.88401E-06   -0.40805E-05
    0.87383E-06    0.12144E-03    0.61195E-05
   -0.40936E-05    0.60423E-05    0.14656E-03
  
 Raw Dtt tensor, before CD transformation
    0.68961E-01    0.42364E-04   -0.60648E-03
    0.42729E-04    0.66929E-01    0.10816E-02
   -0.60284E-03    0.10858E-02    0.70751E-01
  
 Program finished at:                
 Elapsed time CPU_TIME:   25.896000000000001     
