 BEST ver.3.90 SFSU/ARAGON
  
 control gtensor value=   1.0000000000000000     
 true area (A^2)=    5773.8540000000003     
 total area (A^2) =    5500.9523674261945     
 centroid coords =    46.452814037626418        23.489916184273987        5.1027690545103690     
  
 first few rows of gr matrix
   6.1386066265845312       0.93153063041662643      -0.33837970096395431       0.93096807651963853        7.2715265974892460E-002
  0.93153063041662576        8.5372543115738218        4.2304580582597229E-004   7.2715265974892460E-002   1.2750455976153428     
 -0.33837970096395420        4.2304580582597229E-004   8.4474295882908308       -5.4149773242328149E-002 -0.39309601568447883     
   1.4379784651606362        9.0371865538996329E-002  -7.1084069190888985E-002   5.6577569875167084       0.78638328075825892     
   9.0371865538996329E-002   2.0368337122496918      -0.63768363688962448       0.78638328075825892        7.4161365716397984     
  -7.1084069190888985E-002 -0.63768363688962448        2.1695492990153600       0.86581374141500511      -0.13880783513377537     
  0.99007937939626256      -0.11046993032036974       0.15086477740239618        2.4458301262813533      -0.21721106205393850     
 -0.11046993032036974        1.2884015331298433      -0.41296647637037998      -0.21721106205393850        2.2315182667029068     
  0.15086477740239618      -0.41296647637037998        1.4619114532424480       0.56099771624142747      -0.24004957621213627     
 first few columns of gr matrix
   6.1386066265845312       0.93153063041662576      -0.33837970096395420        1.4379784651606362        9.0371865538996329E-002
  0.93153063041662643        8.5372543115738218        4.2304580582597229E-004   9.0371865538996329E-002   2.0368337122496918     
 -0.33837970096395431        4.2304580582597229E-004   8.4474295882908308       -7.1084069190888985E-002 -0.63768363688962448     
  0.93096807651963853        7.2715265974892460E-002  -5.4149773242328149E-002   5.6577569875167084       0.78638328075825892     
   7.2715265974892460E-002   1.2750455976153428      -0.39309601568447883       0.78638328075825892        7.4161365716397984     
  -5.4149773242328149E-002 -0.39309601568447883        1.4307346594532495       0.86581374141500467      -0.13880783513377581     
   1.1148874617848425       -6.8070466480955161E-002  0.11797264494293798        3.6238860022373878      -0.17881566062257406     
  -6.8070466480955161E-002   1.4666900334578101      -0.46365773057914084      -0.17881566062257406        3.5684120929269199     
  0.11797264494293798      -0.46365773057914084        1.7305420385135897       0.88064445241665212      -0.38819034651443451     
  
 about to enter dgetrf
 Just out of dgetrf:                 
  
  **** TRANSLATION/ROTATION FLOWS ****
     U(X-Z) =     1.000     0.000     0.000 A/SEC
  OMGA(X-Z) =     0.000     0.000     0.000 RAD/S

 FTOTH(X-Z) =   -0.14567E+02    0.13808E-01   -0.11548E+00
 TTOTH(X-Z) =   -0.31123E+00    0.43499E+01   -0.10023E+01

     U(X-Z) =     0.000     1.000     0.000 A/SEC
  OMGA(X-Z) =     0.000     0.000     0.000 RAD/S

 FTOTH(X-Z) =    0.13774E-01   -0.15010E+02    0.22613E+00
 TTOTH(X-Z) =   -0.68177E+01   -0.25516E+00    0.21505E+01

     U(X-Z) =     0.000     0.000     1.000 A/SEC
  OMGA(X-Z) =     0.000     0.000     0.000 RAD/S

 FTOTH(X-Z) =   -0.11573E+00    0.22617E+00   -0.14211E+02
 TTOTH(X-Z) =    0.79785E+00   -0.48532E+01    0.54157E+00

     U(X-Z) =     0.000     0.000     0.000 A/SEC
  OMGA(X-Z) =     1.000     0.000     0.000 RAD/S

 FTOTH(X-Z) =   -0.34062E+00   -0.67763E+01    0.77637E+00
 TTOTH(X-Z) =   -0.76882E+04    0.70964E+02   -0.20492E+03

     U(X-Z) =     0.000     0.000     0.000 A/SEC
  OMGA(X-Z) =     0.000     1.000     0.000 RAD/S

 FTOTH(X-Z) =    0.43123E+01   -0.24511E+00   -0.48760E+01
 TTOTH(X-Z) =    0.70112E+02   -0.83681E+04    0.34134E+03

     U(X-Z) =     0.000     0.000     0.000 A/SEC
  OMGA(X-Z) =     0.000     0.000     1.000 RAD/S

 FTOTH(X-Z) =   -0.10141E+01    0.21707E+01    0.54613E+00
 TTOTH(X-Z) =   -0.20633E+03    0.34202E+03   -0.69314E+04

 I,J,Ktt,Ktr,Krt,Krr=    1    1  0.1457E+02  0.3112E+00  0.3406E+00  0.7688E+04
 I,J,Ktt,Ktr,Krt,Krr=    1    2 -0.1377E-01  0.6818E+01 -0.4312E+01 -0.7011E+02
 I,J,Ktt,Ktr,Krt,Krr=    1    3  0.1157E+00 -0.7979E+00  0.1014E+01  0.2063E+03
 I,J,Ktt,Ktr,Krt,Krr=    2    1 -0.1381E-01 -0.4350E+01  0.6776E+01 -0.7096E+02
 I,J,Ktt,Ktr,Krt,Krr=    2    2  0.1501E+02  0.2552E+00  0.2451E+00  0.8368E+04
 I,J,Ktt,Ktr,Krt,Krr=    2    3 -0.2262E+00  0.4853E+01 -0.2171E+01 -0.3420E+03
 I,J,Ktt,Ktr,Krt,Krr=    3    1  0.1155E+00  0.1002E+01 -0.7764E+00  0.2049E+03
 I,J,Ktt,Ktr,Krt,Krr=    3    2 -0.2261E+00 -0.2150E+01  0.4876E+01 -0.3413E+03
 I,J,Ktt,Ktr,Krt,Krr=    3    3  0.1421E+02 -0.5416E+00 -0.5461E+00  0.6931E+04
  
  Friction Tensors in Center of Resistance
  
  Ktt Tensor (A)
    0.14567E+02   -0.13774E-01    0.11573E+00
   -0.13808E-01    0.15010E+02   -0.22617E+00
    0.11548E+00   -0.22613E+00    0.14211E+02
  
  Symmetric Krt Tensor (A^2)
    0.32592E+00   -0.43311E+01    0.10082E+01
    0.67970E+01    0.25014E+00   -0.21606E+01
   -0.78711E+00    0.48646E+01   -0.54385E+00
  
  Krr Tensor (A^3)
    0.76882E+04   -0.70112E+02    0.20633E+03
   -0.70964E+02    0.83681E+04   -0.34202E+03
    0.20492E+03   -0.34134E+03    0.69314E+04
  
 Raw Dtt tensor (no rot/trans coupling correction)
    0.68654E-01    0.54594E-04   -0.55822E-03
    0.54766E-04    0.66640E-01    0.10601E-02
   -0.55701E-03    0.10600E-02    0.70390E-01
  
 Raw Drr tensor (no rot/trans coupling correction)
    0.13018E-03    0.93453E-06   -0.38290E-05
    0.94857E-06    0.11975E-03    0.58807E-05
   -0.38020E-05    0.58696E-05    0.14467E-03
  
 Raw Dtt tensor, before CD transformation
    0.68654E-01    0.54473E-04   -0.56626E-03
    0.54806E-04    0.66640E-01    0.10550E-02
   -0.55704E-03    0.10600E-02    0.70393E-01
  
 Program finished at:                
 Elapsed time CPU_TIME:   78.000000000000000     
