 BEST ver.3.90 SFSU/ARAGON
  
 control gtensor value=   1.0000000000000000     
 true area (A^2)=    5773.8540000000003     
 total area (A^2) =    5503.8761786404084     
 centroid coords =    46.474036242424042        23.464139393939394        5.0455935757575698     
  
 first few rows of gr matrix
   6.1369759111959121       0.93128317013347228      -0.33828981069746134       0.93047352053511867        7.2676637614950967E-002
  0.93128317013347162        8.5349863975618483        4.2293342408458723E-004   7.2676637614950967E-002   1.2743682581375020     
 -0.33828981069746134        4.2293342408414314E-004   8.4451855361366768       -5.4121007385482117E-002 -0.39288719221141788     
   1.4372145712382858        9.0323857505142352E-002  -7.1046307367783515E-002   5.6562540094068794       0.78617437873939844     
   9.0323857505142352E-002   2.0357516898610930      -0.63734488170906756       0.78617437873939844        7.4141664815579400     
  -7.1046307367783515E-002 -0.63734488170906756        2.1683967744373422       0.86558373876494255      -0.13877096095587438     
  0.98955342185316342      -0.11041124563877071       0.15078463386106603        2.4445308336884284      -0.21709567353165501     
 -0.11041124563877071        1.2877170986097510      -0.41274709715916302      -0.21709567353165501        2.2303328224957442     
  0.15078463386106603      -0.41274709715916302        1.4611348454550555       0.56069969874236736      -0.23992205523962237     
 first few columns of gr matrix
   6.1369759111959121       0.93128317013347162      -0.33828981069746134        1.4372145712382858        9.0323857505142352E-002
  0.93128317013347228        8.5349863975618483        4.2293342408414314E-004   9.0323857505142352E-002   2.0357516898610930     
 -0.33828981069746134        4.2293342408458723E-004   8.4451855361366768       -7.1046307367783515E-002 -0.63734488170906756     
  0.93047352053511867        7.2676637614950967E-002  -5.4121007385482117E-002   5.6562540094068794       0.78617437873939844     
   7.2676637614950967E-002   1.2743682581375020      -0.39288719221141788       0.78617437873939844        7.4141664815579400     
  -5.4121007385482117E-002 -0.39288719221141788        1.4299746136407896       0.86558373876494299      -0.13877096095587427     
   1.1142952027373003       -6.8034305566938583E-002  0.11790997461187327        3.6219608937886383      -0.17872066879920526     
  -6.8034305566938583E-002   1.4659108871564741      -0.46341142277202030      -0.17872066879920526        3.5665164537527092     
  0.11790997461187327      -0.46341142277202030        1.7296227267313753       0.88017662973275845      -0.38798412906848384     
  
 about to enter dgetrf
 Just out of dgetrf:                 
  
  **** TRANSLATION/ROTATION FLOWS ****
     U(X-Z) =     1.000     0.000     0.000 A/SEC
  OMGA(X-Z) =     0.000     0.000     0.000 RAD/S

 FTOTH(X-Z) =   -0.14564E+02    0.12975E-01   -0.11720E+00
 TTOTH(X-Z) =   -0.29247E+00    0.34754E+01   -0.69290E+00

     U(X-Z) =     0.000     1.000     0.000 A/SEC
  OMGA(X-Z) =     0.000     0.000     0.000 RAD/S

 FTOTH(X-Z) =    0.13049E-01   -0.15005E+02    0.22629E+00
 TTOTH(X-Z) =   -0.58639E+01   -0.26861E+00    0.24534E+01

     U(X-Z) =     0.000     0.000     1.000 A/SEC
  OMGA(X-Z) =     0.000     0.000     0.000 RAD/S

 FTOTH(X-Z) =   -0.11748E+00    0.22635E+00   -0.14208E+02
 TTOTH(X-Z) =    0.49379E+00   -0.51751E+01    0.53604E+00

     U(X-Z) =     0.000     0.000     0.000 A/SEC
  OMGA(X-Z) =     1.000     0.000     0.000 RAD/S

 FTOTH(X-Z) =   -0.32117E+00   -0.58175E+01    0.47225E+00
 TTOTH(X-Z) =   -0.76811E+04    0.67070E+02   -0.20907E+03

     U(X-Z) =     0.000     0.000     0.000 A/SEC
  OMGA(X-Z) =     0.000     1.000     0.000 RAD/S

 FTOTH(X-Z) =    0.34116E+01   -0.25702E+00   -0.51899E+01
 TTOTH(X-Z) =    0.66253E+02   -0.83601E+04    0.34109E+03

     U(X-Z) =     0.000     0.000     0.000 A/SEC
  OMGA(X-Z) =     0.000     0.000     1.000 RAD/S

 FTOTH(X-Z) =   -0.70695E+00    0.24653E+01    0.54206E+00
 TTOTH(X-Z) =   -0.20957E+03    0.34160E+03   -0.69265E+04

 I,J,Ktt,Ktr,Krt,Krr=    1    1  0.1456E+02  0.2925E+00  0.3212E+00  0.7681E+04
 I,J,Ktt,Ktr,Krt,Krr=    1    2 -0.1305E-01  0.5864E+01 -0.3412E+01 -0.6625E+02
 I,J,Ktt,Ktr,Krt,Krr=    1    3  0.1175E+00 -0.4938E+00  0.7069E+00  0.2096E+03
 I,J,Ktt,Ktr,Krt,Krr=    2    1 -0.1298E-01 -0.3475E+01  0.5817E+01 -0.6707E+02
 I,J,Ktt,Ktr,Krt,Krr=    2    2  0.1501E+02  0.2686E+00  0.2570E+00  0.8360E+04
 I,J,Ktt,Ktr,Krt,Krr=    2    3 -0.2263E+00  0.5175E+01 -0.2465E+01 -0.3416E+03
 I,J,Ktt,Ktr,Krt,Krr=    3    1  0.1172E+00  0.6929E+00 -0.4722E+00  0.2091E+03
 I,J,Ktt,Ktr,Krt,Krr=    3    2 -0.2263E+00 -0.2453E+01  0.5190E+01 -0.3411E+03
 I,J,Ktt,Ktr,Krt,Krr=    3    3  0.1421E+02 -0.5360E+00 -0.5421E+00  0.6927E+04
  
  Friction Tensors in Center of Resistance
  
  Ktt Tensor (A)
    0.14564E+02   -0.13049E-01    0.11748E+00
   -0.12975E-01    0.15005E+02   -0.22635E+00
    0.11720E+00   -0.22629E+00    0.14208E+02
  
  Symmetric Krt Tensor (A^2)
    0.30682E+00   -0.34435E+01    0.69992E+00
    0.58407E+01    0.26282E+00   -0.24594E+01
   -0.48302E+00    0.51825E+01   -0.53905E+00
  
  Krr Tensor (A^3)
    0.76811E+04   -0.66253E+02    0.20957E+03
   -0.67070E+02    0.83601E+04   -0.34160E+03
    0.20907E+03   -0.34109E+03    0.69265E+04
  
 Raw Dtt tensor (no rot/trans coupling correction)
    0.68669E-01    0.51167E-04   -0.56699E-03
    0.50846E-04    0.66660E-01    0.10616E-02
   -0.56564E-03    0.10613E-02    0.70407E-01
  
 Raw Drr tensor (no rot/trans coupling correction)
    0.13030E-03    0.87355E-06   -0.38993E-05
    0.88646E-06    0.11986E-03    0.58846E-05
   -0.38893E-05    0.58762E-05    0.14478E-03
  
 Raw Dtt tensor, before CD transformation
    0.68669E-01    0.51046E-04   -0.57507E-03
    0.50879E-04    0.66660E-01    0.10575E-02
   -0.56567E-03    0.10614E-02    0.70411E-01
  
 Program finished at:                
 Elapsed time CPU_TIME:   71.980000000000004     
