 BEST ver.3.90 SFSU/ARAGON
  
 control gtensor value=   1.0000000000000000     
 true area (A^2)=    5773.8540000000003     
 total area (A^2) =    5471.7867717894560     
 centroid coords =    46.458519039734995        23.402792908388530        4.8395774006622556     
  
 first few rows of gr matrix
   6.1549448161220965       0.93400994289348116      -0.33928031441360462       0.93593030176760894        7.3102851261471161E-002
  0.93400994289348116        8.5599766144607408        4.2417176208522922E-004   7.3102851261471161E-002   1.2818418171811667     
 -0.33928031441360473        4.2417176208567331E-004   8.4699128184624843       -5.4438401154210454E-002 -0.39519128728734448     
   1.4456431458578882        9.0853563638205348E-002  -7.1462959908802928E-002   5.6728153731801942       0.78847627675421661     
   9.0853563638205348E-002   2.0476903978093381      -0.64108260396808847       0.78847627675421661        7.4358749670631479     
  -7.1462959908802928E-002 -0.64108260396808847        2.1811133822313358       0.86811814530858666      -0.13917727869933905     
  0.99535667839055442      -0.11105875467557920       0.15166891346928932        2.4588668353919947      -0.21836883560541406     
 -0.11105875467557920        1.2952689422048371      -0.41516766105898001      -0.21836883560541406        2.2434126555263525     
  0.15166891346928932      -0.41516766105898001        1.4697037010182219       0.56398793373845912      -0.24132908310167173     
 first few columns of gr matrix
   6.1549448161220965       0.93400994289348116      -0.33928031441360473        1.4456431458578882        9.0853563638205348E-002
  0.93400994289348116        8.5599766144607408        4.2417176208567331E-004   9.0853563638205348E-002   2.0476903978093381     
 -0.33928031441360462        4.2417176208522922E-004   8.4699128184624843       -7.1462959908802928E-002 -0.64108260396808847     
  0.93593030176760894        7.3102851261471161E-002  -5.4438401154210454E-002   5.6728153731801942       0.78847627675421661     
   7.3102851261471161E-002   1.2818418171811667      -0.39519128728734448       0.78847627675421661        7.4358749670631479     
  -5.4438401154210454E-002 -0.39519128728734448        1.4383607293791127       0.86811814530858644      -0.13917727869933894     
   1.1208300100322504       -6.8433294161014527E-002  0.11860146010005293        3.6432019584657644      -0.17976877986291478     
  -6.8433294161014527E-002   1.4745077519151168      -0.46612910865871771      -0.17976877986291478        3.5874323633629182     
  0.11860146010005293      -0.46612910865871771        1.7397661350350189       0.88533844380742444      -0.39025947002905986     
  
 about to enter dgetrf
 Just out of dgetrf:                 
  
  **** TRANSLATION/ROTATION FLOWS ****
     U(X-Z) =     1.000     0.000     0.000 A/SEC
  OMGA(X-Z) =     0.000     0.000     0.000 RAD/S

 FTOTH(X-Z) =   -0.14551E+02    0.12888E-01   -0.11612E+00
 TTOTH(X-Z) =   -0.32148E+00    0.85627E+00    0.14963E+00

     U(X-Z) =     0.000     1.000     0.000 A/SEC
  OMGA(X-Z) =     0.000     0.000     0.000 RAD/S

 FTOTH(X-Z) =    0.12792E-01   -0.15000E+02    0.22747E+00
 TTOTH(X-Z) =   -0.31038E+01   -0.24951E+00    0.22190E+01

     U(X-Z) =     0.000     0.000     1.000 A/SEC
  OMGA(X-Z) =     0.000     0.000     0.000 RAD/S

 FTOTH(X-Z) =   -0.11621E+00    0.22751E+00   -0.14195E+02
 TTOTH(X-Z) =   -0.44974E+00   -0.49572E+01    0.53992E+00

     U(X-Z) =     0.000     0.000     0.000 A/SEC
  OMGA(X-Z) =     1.000     0.000     0.000 RAD/S

 FTOTH(X-Z) =   -0.32905E+00   -0.30498E+01   -0.43009E+00
 TTOTH(X-Z) =   -0.76648E+04    0.68498E+02   -0.20401E+03

     U(X-Z) =     0.000     0.000     0.000 A/SEC
  OMGA(X-Z) =     0.000     1.000     0.000 RAD/S

 FTOTH(X-Z) =    0.81645E+00   -0.25006E+00   -0.50101E+01
 TTOTH(X-Z) =    0.67506E+02   -0.83469E+04    0.33915E+03

     U(X-Z) =     0.000     0.000     0.000 A/SEC
  OMGA(X-Z) =     0.000     0.000     1.000 RAD/S

 FTOTH(X-Z) =    0.13760E+00    0.22472E+01    0.54823E+00
 TTOTH(X-Z) =   -0.20445E+03    0.33914E+03   -0.69134E+04

 I,J,Ktt,Ktr,Krt,Krr=    1    1  0.1455E+02  0.3215E+00  0.3290E+00  0.7665E+04
 I,J,Ktt,Ktr,Krt,Krr=    1    2 -0.1279E-01  0.3104E+01 -0.8164E+00 -0.6751E+02
 I,J,Ktt,Ktr,Krt,Krr=    1    3  0.1162E+00  0.4497E+00 -0.1376E+00  0.2045E+03
 I,J,Ktt,Ktr,Krt,Krr=    2    1 -0.1289E-01 -0.8563E+00  0.3050E+01 -0.6850E+02
 I,J,Ktt,Ktr,Krt,Krr=    2    2  0.1500E+02  0.2495E+00  0.2501E+00  0.8347E+04
 I,J,Ktt,Ktr,Krt,Krr=    2    3 -0.2275E+00  0.4957E+01 -0.2247E+01 -0.3391E+03
 I,J,Ktt,Ktr,Krt,Krr=    3    1  0.1161E+00 -0.1496E+00  0.4301E+00  0.2040E+03
 I,J,Ktt,Ktr,Krt,Krr=    3    2 -0.2275E+00 -0.2219E+01  0.5010E+01 -0.3392E+03
 I,J,Ktt,Ktr,Krt,Krr=    3    3  0.1420E+02 -0.5399E+00 -0.5482E+00  0.6913E+04
  
  Friction Tensors in Center of Resistance
  
  Ktt Tensor (A)
    0.14551E+02   -0.12792E-01    0.11621E+00
   -0.12888E-01    0.15000E+02   -0.22751E+00
    0.11612E+00   -0.22747E+00    0.14195E+02
  
  Symmetric Krt Tensor (A^2)
    0.32526E+00   -0.83636E+00   -0.14362E+00
    0.30768E+01    0.24978E+00   -0.22331E+01
    0.43991E+00    0.49837E+01   -0.54407E+00
  
  Krr Tensor (A^3)
    0.76648E+04   -0.67506E+02    0.20445E+03
   -0.68498E+02    0.83469E+04   -0.33914E+03
    0.20401E+03   -0.33915E+03    0.69134E+04
  
 Raw Dtt tensor (no rot/trans coupling correction)
    0.68728E-01    0.50092E-04   -0.56183E-03
    0.50538E-04    0.66682E-01    0.10683E-02
   -0.56141E-03    0.10681E-02    0.70468E-01
  
 Raw Drr tensor (no rot/trans coupling correction)
    0.13058E-03    0.90094E-06   -0.38174E-05
    0.91683E-06    0.12005E-03    0.58620E-05
   -0.38082E-05    0.58628E-05    0.14505E-03
  
 Raw Dtt tensor, before CD transformation
    0.68728E-01    0.50027E-04   -0.56613E-03
    0.50556E-04    0.66682E-01    0.10660E-02
   -0.56144E-03    0.10682E-02    0.70471E-01
  
 Program finished at:                
 Elapsed time CPU_TIME:   55.024000000000001     
