 BEST ver.3.90 SFSU/ARAGON
  
 control gtensor value=   1.0000000000000000     
 true area (A^2)=    5773.8540000000003     
 total area (A^2) =    5516.1076991560967     
 centroid coords =    46.739719366731613        23.469315224463156        4.9889917588375585     
  
 first few rows of gr matrix
   6.1301680124526943       0.93025007474328691      -0.33791453746673406       0.92841027112512786        7.2515483077642981E-002
  0.93025007474328669        8.5255183266405759        4.2246425360595308E-004   7.2515483077642981E-002   1.2715424500960208     
 -0.33791453746673428        4.2246425360550899E-004   8.4358170835258690       -5.4000998450147789E-002 -0.39201599679356552     
   1.4340276647324104        9.0123571691959364E-002  -7.0888767955297791E-002   5.6499793873260407       0.78530225611053073     
   9.0123571691959364E-002   2.0312375759392065      -0.63593162123241176       0.78530225611053051        7.4059417638138578     
  -7.0888767955297791E-002 -0.63593162123241176        2.1635885308207894       0.86462352537441345      -0.13861701890618117     
  0.98735916756356357      -0.11016641767495121       0.15045028119010484        2.4391102852375584      -0.21661428151948023     
 -0.11016641767495121        1.2848616905994146      -0.41183186401615063      -0.21661428151948023        2.2253872407263122     
  0.15045028119010484      -0.41183186401615063        1.4578948976851620       0.55945639272980408      -0.23939004758116450     
 first few columns of gr matrix
   6.1301680124526943       0.93025007474328669      -0.33791453746673428        1.4340276647324104        9.0123571691959364E-002
  0.93025007474328691        8.5255183266405759        4.2246425360550899E-004   9.0123571691959364E-002   2.0312375759392065     
 -0.33791453746673406        4.2246425360595308E-004   8.4358170835258690       -7.0888767955297791E-002 -0.63593162123241176     
  0.92841027112512786        7.2515483077642981E-002  -5.4000998450147789E-002   5.6499793873260407       0.78530225611053051     
   7.2515483077642981E-002   1.2715424500960208      -0.39201599679356552       0.78530225611053073        7.4059417638138578     
  -5.4000998450147789E-002 -0.39201599679356552        1.4268037611524786       0.86462352537441367      -0.13861701890618117     
   1.1118243436866513       -6.7883445023653691E-002  0.11764851882599547        3.6139294898720373      -0.17832437024119679     
  -6.7883445023653691E-002   1.4626603489022685      -0.46238384560457169      -0.17832437024119679        3.5586079933757864     
  0.11764851882599547      -0.46238384560457169        1.7257874289054005       0.87822490959037380      -0.38712380579466726     
  
 about to enter dgetrf
 Just out of dgetrf:                 
  
  **** TRANSLATION/ROTATION FLOWS ****
     U(X-Z) =     1.000     0.000     0.000 A/SEC
  OMGA(X-Z) =     0.000     0.000     0.000 RAD/S

 FTOTH(X-Z) =   -0.14580E+02    0.15137E-01   -0.11585E+00
 TTOTH(X-Z) =   -0.31779E+00    0.29360E+01   -0.64229E+00

     U(X-Z) =     0.000     1.000     0.000 A/SEC
  OMGA(X-Z) =     0.000     0.000     0.000 RAD/S

 FTOTH(X-Z) =    0.15119E-01   -0.15025E+02    0.22378E+00
 TTOTH(X-Z) =   -0.54017E+01   -0.15760E+00    0.64431E+01

     U(X-Z) =     0.000     0.000     1.000 A/SEC
  OMGA(X-Z) =     0.000     0.000     0.000 RAD/S

 FTOTH(X-Z) =   -0.11609E+00    0.22385E+00   -0.14225E+02
 TTOTH(X-Z) =    0.40438E+00   -0.90032E+01    0.44463E+00

     U(X-Z) =     0.000     0.000     0.000 A/SEC
  OMGA(X-Z) =     1.000     0.000     0.000 RAD/S

 FTOTH(X-Z) =   -0.34656E+00   -0.53547E+01    0.41337E+00
 TTOTH(X-Z) =   -0.77067E+04    0.72502E+02   -0.20623E+03

     U(X-Z) =     0.000     0.000     0.000 A/SEC
  OMGA(X-Z) =     0.000     1.000     0.000 RAD/S

 FTOTH(X-Z) =    0.28759E+01   -0.15419E+00   -0.90250E+01
 TTOTH(X-Z) =    0.71999E+02   -0.83921E+04    0.33735E+03

     U(X-Z) =     0.000     0.000     0.000 A/SEC
  OMGA(X-Z) =     0.000     0.000     1.000 RAD/S

 FTOTH(X-Z) =   -0.69006E+00    0.64478E+01    0.45643E+00
 TTOTH(X-Z) =   -0.20827E+03    0.33968E+03   -0.69575E+04

 I,J,Ktt,Ktr,Krt,Krr=    1    1  0.1458E+02  0.3178E+00  0.3466E+00  0.7707E+04
 I,J,Ktt,Ktr,Krt,Krr=    1    2 -0.1512E-01  0.5402E+01 -0.2876E+01 -0.7200E+02
 I,J,Ktt,Ktr,Krt,Krr=    1    3  0.1161E+00 -0.4044E+00  0.6901E+00  0.2083E+03
 I,J,Ktt,Ktr,Krt,Krr=    2    1 -0.1514E-01 -0.2936E+01  0.5355E+01 -0.7250E+02
 I,J,Ktt,Ktr,Krt,Krr=    2    2  0.1503E+02  0.1576E+00  0.1542E+00  0.8392E+04
 I,J,Ktt,Ktr,Krt,Krr=    2    3 -0.2238E+00  0.9003E+01 -0.6448E+01 -0.3397E+03
 I,J,Ktt,Ktr,Krt,Krr=    3    1  0.1159E+00  0.6423E+00 -0.4134E+00  0.2062E+03
 I,J,Ktt,Ktr,Krt,Krr=    3    2 -0.2238E+00 -0.6443E+01  0.9025E+01 -0.3374E+03
 I,J,Ktt,Ktr,Krt,Krr=    3    3  0.1423E+02 -0.4446E+00 -0.4564E+00  0.6957E+04
  
  Friction Tensors in Center of Resistance
  
  Ktt Tensor (A)
    0.14580E+02   -0.15119E-01    0.11609E+00
   -0.15137E-01    0.15025E+02   -0.22385E+00
    0.11585E+00   -0.22378E+00    0.14225E+02
  
  Symmetric Krt Tensor (A^2)
    0.33218E+00   -0.29060E+01    0.66618E+00
    0.53782E+01    0.15589E+00   -0.64454E+01
   -0.40888E+00    0.90141E+01   -0.45053E+00
  
  Krr Tensor (A^3)
    0.77067E+04   -0.71999E+02    0.20827E+03
   -0.72502E+02    0.83921E+04   -0.33968E+03
    0.20623E+03   -0.33735E+03    0.69575E+04
  
 Raw Dtt tensor (no rot/trans coupling correction)
    0.68593E-01    0.60699E-04   -0.55881E-03
    0.60794E-04    0.66571E-01    0.10471E-02
   -0.55766E-03    0.10468E-02    0.70318E-01
  
 Raw Drr tensor (no rot/trans coupling correction)
    0.12987E-03    0.95980E-06   -0.38407E-05
    0.96806E-06    0.11940E-03    0.58004E-05
   -0.38025E-05    0.57610E-05    0.14413E-03
  
 Raw Dtt tensor, before CD transformation
    0.68593E-01    0.60403E-04   -0.57870E-03
    0.60840E-04    0.66571E-01    0.10413E-02
   -0.55786E-03    0.10471E-02    0.70343E-01
  
 Program finished at:                
 Elapsed time CPU_TIME:   115.34800000000000     
