 BEST ver.3.90 SFSU/ARAGON
  
 control gtensor value=   1.0000000000000000     
 true area (A^2)=    5773.8540000000003     
 total area (A^2) =    5428.4746020095781     
 centroid coords =    46.489275621382312        23.583911304051782        4.8152764725910826     
  
 first few rows of gr matrix
   6.4194506492808721        1.4109277194787619       -9.7733197260585880E-002   1.2249908048423634        7.0494083466858731E-002
   1.4109277194787624        7.8004782001397910      -0.29435204890414901        7.0494083466858731E-002   1.6469449244247731     
  -9.7733197260585880E-002 -0.29435204890414901        7.9275842606927673       -7.6302139078115463E-002 -0.52142265012953304     
   1.1900527945976715        4.1611347897600820E-002  -2.0981790623314032E-002   7.4050528655082495       0.34351078336556434     
   4.1611347897600820E-002   1.5586715382216834      -0.51742941692326128       0.34351078336556351        9.8642786780519067     
  -2.0981790623314032E-002 -0.51742941692326128        1.8795343320574456        1.3336006834592933      -0.12356862081634878     
  0.80372458513259781       -8.2646008580076216E-002  0.11065493419410387        3.8889432191417574      -0.22501465400077128     
  -8.2646008580076216E-002   1.0528095351963525      -0.34670122574025686      -0.22501465400077128        3.6493113143577327     
  0.11065493419410387      -0.34670122574025686        1.1854277493117820       0.85445936160280245      -0.27134820679977273     
 first few columns of gr matrix
   6.4194506492808721        1.4109277194787624       -9.7733197260585880E-002   1.1900527945976715        4.1611347897600820E-002
   1.4109277194787619        7.8004782001397910      -0.29435204890414901        4.1611347897600820E-002   1.5586715382216834     
  -9.7733197260585880E-002 -0.29435204890414901        7.9275842606927673       -2.0981790623314032E-002 -0.51742941692326128     
   1.2249908048423634        7.0494083466858731E-002  -7.6302139078115463E-002   7.4050528655082495       0.34351078336556351     
   7.0494083466858731E-002   1.6469449244247731      -0.52142265012953304       0.34351078336556434        9.8642786780519067     
  -7.6302139078115463E-002 -0.52142265012953304        1.9449001630673490        1.3336006834592933      -0.12356862081634923     
  0.76010956531527962       -4.7485891825301482E-002   7.3681305074572392E-002   2.7253916432985368      -0.23539012666588477     
  -4.7485891825301482E-002   1.0016865875329164      -0.32250530623636853      -0.23539012666588477        2.7160039025277616     
   7.3681305074572392E-002 -0.32250530623636853        1.2204050808651181       0.66807562078853611      -0.28724410333901540     
  
 about to enter dgetrf
 Just out of dgetrf:                 
  
  **** TRANSLATION/ROTATION FLOWS ****
     U(X-Z) =     1.000     0.000     0.000 A/SEC
  OMGA(X-Z) =     0.000     0.000     0.000 RAD/S

 FTOTH(X-Z) =   -0.14529E+02    0.14393E-01   -0.12223E+00
 TTOTH(X-Z) =   -0.33749E+00    0.20508E+00   -0.23278E+01

     U(X-Z) =     0.000     1.000     0.000 A/SEC
  OMGA(X-Z) =     0.000     0.000     0.000 RAD/S

 FTOTH(X-Z) =    0.14439E-01   -0.14973E+02    0.23003E+00
 TTOTH(X-Z) =   -0.25722E+01   -0.26248E+00    0.22733E+01

     U(X-Z) =     0.000     0.000     1.000 A/SEC
  OMGA(X-Z) =     0.000     0.000     0.000 RAD/S

 FTOTH(X-Z) =   -0.12217E+00    0.23000E+00   -0.14167E+02
 TTOTH(X-Z) =    0.19239E+01   -0.49054E+01    0.56154E+00

     U(X-Z) =     0.000     0.000     0.000 A/SEC
  OMGA(X-Z) =     1.000     0.000     0.000 RAD/S

 FTOTH(X-Z) =   -0.33390E+00   -0.25000E+01    0.20048E+01
 TTOTH(X-Z) =   -0.76338E+04    0.65125E+02   -0.21139E+03

     U(X-Z) =     0.000     0.000     0.000 A/SEC
  OMGA(X-Z) =     0.000     1.000     0.000 RAD/S

 FTOTH(X-Z) =    0.14561E+00   -0.25460E+00   -0.49741E+01
 TTOTH(X-Z) =    0.64591E+02   -0.83036E+04    0.34325E+03

     U(X-Z) =     0.000     0.000     0.000 A/SEC
  OMGA(X-Z) =     0.000     0.000     1.000 RAD/S

 FTOTH(X-Z) =   -0.23724E+01    0.23332E+01    0.56639E+00
 TTOTH(X-Z) =   -0.21011E+03    0.34653E+03   -0.68773E+04

 I,J,Ktt,Ktr,Krt,Krr=    1    1  0.1453E+02  0.3375E+00  0.3339E+00  0.7634E+04
 I,J,Ktt,Ktr,Krt,Krr=    1    2 -0.1444E-01  0.2572E+01 -0.1456E+00 -0.6459E+02
 I,J,Ktt,Ktr,Krt,Krr=    1    3  0.1222E+00 -0.1924E+01  0.2372E+01  0.2101E+03
 I,J,Ktt,Ktr,Krt,Krr=    2    1 -0.1439E-01 -0.2051E+00  0.2500E+01 -0.6513E+02
 I,J,Ktt,Ktr,Krt,Krr=    2    2  0.1497E+02  0.2625E+00  0.2546E+00  0.8304E+04
 I,J,Ktt,Ktr,Krt,Krr=    2    3 -0.2300E+00  0.4905E+01 -0.2333E+01 -0.3465E+03
 I,J,Ktt,Ktr,Krt,Krr=    3    1  0.1222E+00  0.2328E+01 -0.2005E+01  0.2114E+03
 I,J,Ktt,Ktr,Krt,Krr=    3    2 -0.2300E+00 -0.2273E+01  0.4974E+01 -0.3433E+03
 I,J,Ktt,Ktr,Krt,Krr=    3    3  0.1417E+02 -0.5615E+00 -0.5664E+00  0.6877E+04
  
  Friction Tensors in Center of Resistance
  
  Ktt Tensor (A)
    0.14529E+02   -0.14439E-01    0.12217E+00
   -0.14393E-01    0.14973E+02   -0.23000E+00
    0.12223E+00   -0.23003E+00    0.14167E+02
  
  Symmetric Krt Tensor (A^2)
    0.33569E+00   -0.17534E+00    0.23501E+01
    0.25361E+01    0.25854E+00   -0.23033E+01
   -0.19643E+01    0.49397E+01   -0.56397E+00
  
  Krr Tensor (A^3)
    0.76338E+04   -0.64591E+02    0.21011E+03
   -0.65125E+02    0.83036E+04   -0.34653E+03
    0.21139E+03   -0.34325E+03    0.68773E+04
  
 Raw Dtt tensor (no rot/trans coupling correction)
    0.68834E-01    0.57274E-04   -0.59268E-03
    0.57058E-04    0.66803E-01    0.10840E-02
   -0.59294E-03    0.10842E-02    0.70609E-01
  
 Raw Drr tensor (no rot/trans coupling correction)
    0.13111E-03    0.85609E-06   -0.39626E-05
    0.86194E-06    0.12069E-03    0.60547E-05
   -0.39871E-05    0.59973E-05    0.14583E-03
  
 Raw Dtt tensor, before CD transformation
    0.68834E-01    0.57244E-04   -0.59467E-03
    0.57083E-04    0.66803E-01    0.10811E-02
   -0.59300E-03    0.10843E-02    0.70616E-01
  
 Program finished at:                
 Elapsed time CPU_TIME:   39.299999999999997     
