 BEST ver.3.90 SFSU/ARAGON
  
 control gtensor value=   1.0000000000000000     
 true area (A^2)=    6046.4309999999996     
 total area (A^2) =    5763.4818093879685     
 centroid coords =    5.5821019658675156E-002   58.416966947504768       0.11701425793907864     
  
 first few rows of gr matrix
   7.9939679615579431      -0.11761641004990400       -2.0403734343468347E-002   1.6775992522880598       -8.3676286165464450E-002
 -0.11761641004990397        5.3294805583775711      -0.12790117194360362       -8.3676286165464450E-002   1.4048121761429302     
  -2.0403734343469239E-002 -0.12790117194360373        7.9485690046473145       0.20344455243330067      -0.22592600932762977     
   2.5510506631375858      -0.23508674074426808       0.57195634089138370        6.2967024358506105      -0.22642290348688199     
 -0.23508674074426808        2.1040092157347949      -0.42183343761743969      -0.22642290348688210        4.6856620295723062     
  0.57195634089138370      -0.42183343761743969        3.0129713180688293       0.20762342972297157      -0.85119961152823942     
   1.3320586712155114       -2.1898531928669428E-002   3.7682034879208175E-002   1.8731091086287794       0.10936550855002344     
  -2.1898531928669428E-002   1.4317819325953551      -0.42097714236108863       0.10936550855002344        1.6131800501991189     
   3.7682034879208175E-002 -0.42097714236108863        2.1761258222050244      -0.25879146640707523      -0.38671730726161491     
 first few columns of gr matrix
   7.9939679615579431      -0.11761641004990397       -2.0403734343469239E-002   2.5510506631375858      -0.23508674074426808     
 -0.11761641004990400        5.3294805583775711      -0.12790117194360373      -0.23508674074426808        2.1040092157347949     
  -2.0403734343468347E-002 -0.12790117194360362        7.9485690046473145       0.57195634089138370      -0.42183343761743969     
   1.6775992522880598       -8.3676286165464450E-002  0.20344455243330067        6.2967024358506105      -0.22642290348688210     
  -8.3676286165464450E-002   1.4048121761429302      -0.22592600932762977      -0.22642290348688199        4.6856620295723062     
  0.20344455243330067      -0.22592600932762977        2.2675089918012912       0.20762342972297157      -0.85119961152823898     
   1.6618587342857218        3.1110395171524688E-003  -9.3376793951193707E-002   3.4581785364453577       0.23627113426888285     
   3.1110395171524688E-003   1.6402779087765123      -0.42254123117504533       0.23627113426888285        2.7131882758783847     
  -9.3376793951193707E-002 -0.42254123117504533        2.5954084509017665      -0.49699128233663009      -0.56068859100613488     
  
 about to enter dgetrf
 Just out of dgetrf:                 
  
  **** TRANSLATION/ROTATION FLOWS ****
     U(X-Z) =     1.000     0.000     0.000 A/SEC
  OMGA(X-Z) =     0.000     0.000     0.000 RAD/S

 FTOTH(X-Z) =   -0.14794E+02   -0.11721E+00   -0.65718E+00
 TTOTH(X-Z) =    0.11181E+01    0.74371E+01    0.37912E+01

     U(X-Z) =     0.000     1.000     0.000 A/SEC
  OMGA(X-Z) =     0.000     0.000     0.000 RAD/S

 FTOTH(X-Z) =   -0.11719E+00   -0.15032E+02    0.12199E+00
 TTOTH(X-Z) =   -0.49423E+01   -0.48291E+00   -0.54911E+01

     U(X-Z) =     0.000     0.000     1.000 A/SEC
  OMGA(X-Z) =     0.000     0.000     0.000 RAD/S

 FTOTH(X-Z) =   -0.65703E+00    0.12202E+00   -0.14636E+02
 TTOTH(X-Z) =   -0.39714E+01    0.63718E+01   -0.66053E+00

     U(X-Z) =     0.000     0.000     0.000 A/SEC
  OMGA(X-Z) =     1.000     0.000     0.000 RAD/S

 FTOTH(X-Z) =    0.11255E+01   -0.49585E+01   -0.39394E+01
 TTOTH(X-Z) =   -0.79921E+04   -0.32994E+03   -0.13315E+04

     U(X-Z) =     0.000     0.000     0.000 A/SEC
  OMGA(X-Z) =     0.000     1.000     0.000 RAD/S

 FTOTH(X-Z) =    0.74650E+01   -0.46493E+00    0.63589E+01
 TTOTH(X-Z) =   -0.33278E+03   -0.87264E+04    0.30496E+03

     U(X-Z) =     0.000     0.000     0.000 A/SEC
  OMGA(X-Z) =     0.000     0.000     1.000 RAD/S

 FTOTH(X-Z) =    0.37676E+01   -0.54854E+01   -0.65599E+00
 TTOTH(X-Z) =   -0.13294E+04    0.30448E+03   -0.77662E+04

 I,J,Ktt,Ktr,Krt,Krr=    1    1  0.1479E+02 -0.1118E+01 -0.1126E+01  0.7992E+04
 I,J,Ktt,Ktr,Krt,Krr=    1    2  0.1172E+00  0.4942E+01 -0.7465E+01  0.3328E+03
 I,J,Ktt,Ktr,Krt,Krr=    1    3  0.6570E+00  0.3971E+01 -0.3768E+01  0.1329E+04
 I,J,Ktt,Ktr,Krt,Krr=    2    1  0.1172E+00 -0.7437E+01  0.4959E+01  0.3299E+03
 I,J,Ktt,Ktr,Krt,Krr=    2    2  0.1503E+02  0.4829E+00  0.4649E+00  0.8726E+04
 I,J,Ktt,Ktr,Krt,Krr=    2    3 -0.1220E+00 -0.6372E+01  0.5485E+01 -0.3045E+03
 I,J,Ktt,Ktr,Krt,Krr=    3    1  0.6572E+00 -0.3791E+01  0.3939E+01  0.1332E+04
 I,J,Ktt,Ktr,Krt,Krr=    3    2 -0.1220E+00  0.5491E+01 -0.6359E+01 -0.3050E+03
 I,J,Ktt,Ktr,Krt,Krr=    3    3  0.1464E+02  0.6605E+00  0.6560E+00  0.7766E+04
  
  Friction Tensors in Center of Resistance
  
  Ktt Tensor (A)
    0.14794E+02    0.11719E+00    0.65703E+00
    0.11721E+00    0.15032E+02   -0.12202E+00
    0.65718E+00   -0.12199E+00    0.14636E+02
  
  Symmetric Krt Tensor (A^2)
   -0.11218E+01   -0.74511E+01   -0.37794E+01
    0.49504E+01    0.47392E+00    0.54883E+01
    0.39554E+01   -0.63654E+01    0.65826E+00
  
  Krr Tensor (A^3)
    0.79921E+04    0.33278E+03    0.13294E+04
    0.32994E+03    0.87264E+04   -0.30448E+03
    0.13315E+04   -0.30496E+03    0.77662E+04
  
 Raw Dtt tensor (no rot/trans coupling correction)
    0.67733E-01   -0.55278E-03   -0.30453E-02
   -0.55288E-03    0.66536E-01    0.57956E-03
   -0.30460E-02    0.57939E-03    0.68468E-01
  
 Raw Drr tensor (no rot/trans coupling correction)
    0.12908E-03   -0.57024E-05   -0.22320E-04
   -0.56603E-05    0.11500E-03    0.54777E-05
   -0.22353E-04    0.54935E-05    0.13281E-03
  
 Raw Dtt tensor, before CD transformation
    0.67732E-01   -0.55261E-03   -0.30251E-02
   -0.55349E-03    0.66536E-01    0.59330E-03
   -0.30471E-02    0.57961E-03    0.68494E-01
  
 Program finished at:                
 Elapsed time CPU_TIME:   96.756000000000000     
