 BEST ver.3.90 SFSU/ARAGON
  
 control gtensor value=   1.0000000000000000     
 true area (A^2)=    6046.4309999999996     
 total area (A^2) =    5700.5638987353368     
 centroid coords =    6.6076250753469637E-002   58.467031042796847       0.25344575045207945     
  
 first few rows of gr matrix
   8.0379621660885814      -0.11826370316200785       -2.0516024768726167E-002   2.4345218239048205        2.1301140649109398E-002
 -0.11826370316200785        5.3588109558541257      -0.12860506647323566        2.1301140649109398E-002   2.2009602640096979     
  -2.0516024768726167E-002 -0.12860506647323572        7.9923133594155553      -0.13060428159206725      -0.40298596297176453     
   2.1037612267214145        2.1702324283303511E-002 -0.10070505887121184        8.6482503140247449       -6.5562322022723662E-002
   2.1702324283303511E-002   1.9840757657441410      -0.46233242364629862       -6.5562322022723635E-002   6.4923346007575287     
 -0.10070505887121184      -0.46233242364629862        3.1562521520126117       -5.6061413122082626E-002  -1.2487944703392508     
   1.1199183712365401      -0.17243533313305698       0.20192330418551657        2.6494938816283624      -0.67170763442318027     
 -0.17243533313305698        1.3451067775928547      -0.41418511949658876      -0.67170763442318027        2.7745549354477359     
  0.20192330418551657      -0.41418511949658876        1.5018846423276004       0.16895156713415793      -0.36443264107604950     
 first few columns of gr matrix
   8.0379621660885814      -0.11826370316200785       -2.0516024768726167E-002   2.1037612267214145        2.1702324283303511E-002
 -0.11826370316200785        5.3588109558541257      -0.12860506647323572        2.1702324283303511E-002   1.9840757657441410     
  -2.0516024768726167E-002 -0.12860506647323566        7.9923133594155553      -0.10070505887121184      -0.46233242364629862     
   2.4345218239048205        2.1301140649109398E-002 -0.13060428159206725        8.6482503140247449       -6.5562322022723635E-002
   2.1301140649109398E-002   2.2009602640096979      -0.40298596297176453       -6.5562322022723662E-002   6.4923346007575287     
 -0.13060428159206725      -0.40298596297176453        3.6986108839788425       -5.6061413122082626E-002  -1.2487944703392500     
   2.0528489988055822      -0.33939181243648486       0.43958549460134783        3.9884928652011253      -0.86339944818625902     
 -0.33939181243648486        2.2727562286646252      -0.64284867598768480      -0.86339944818625902        3.6899248067698673     
  0.43958549460134783      -0.64284867598768480        2.6473402517226243       0.34578382078161390      -0.54867772661987013     
  
 about to enter dgetrf
 Just out of dgetrf:                 
  
  **** TRANSLATION/ROTATION FLOWS ****
     U(X-Z) =     1.000     0.000     0.000 A/SEC
  OMGA(X-Z) =     0.000     0.000     0.000 RAD/S

 FTOTH(X-Z) =   -0.14749E+02   -0.12020E+00   -0.65401E+00
 TTOTH(X-Z) =    0.11248E+01    0.94670E+01    0.30935E+01

     U(X-Z) =     0.000     1.000     0.000 A/SEC
  OMGA(X-Z) =     0.000     0.000     0.000 RAD/S

 FTOTH(X-Z) =   -0.12020E+00   -0.14982E+02    0.12130E+00
 TTOTH(X-Z) =   -0.71501E+01   -0.44913E+00   -0.55563E+01

     U(X-Z) =     0.000     0.000     1.000 A/SEC
  OMGA(X-Z) =     0.000     0.000     0.000 RAD/S

 FTOTH(X-Z) =   -0.65404E+00    0.12154E+00   -0.14578E+02
 TTOTH(X-Z) =   -0.32290E+01    0.64022E+01   -0.69470E+00

     U(X-Z) =     0.000     0.000     0.000 A/SEC
  OMGA(X-Z) =     1.000     0.000     0.000 RAD/S

 FTOTH(X-Z) =    0.11483E+01   -0.71666E+01   -0.32383E+01
 TTOTH(X-Z) =   -0.79224E+04   -0.33786E+03   -0.13228E+04

     U(X-Z) =     0.000     0.000     0.000 A/SEC
  OMGA(X-Z) =     0.000     1.000     0.000 RAD/S

 FTOTH(X-Z) =    0.94976E+01   -0.42424E+00    0.64405E+01
 TTOTH(X-Z) =   -0.33562E+03   -0.86408E+04    0.31033E+03

     U(X-Z) =     0.000     0.000     0.000 A/SEC
  OMGA(X-Z) =     0.000     0.000     1.000 RAD/S

 FTOTH(X-Z) =    0.31174E+01   -0.56034E+01   -0.72082E+00
 TTOTH(X-Z) =   -0.13227E+04    0.31162E+03   -0.76731E+04

 I,J,Ktt,Ktr,Krt,Krr=    1    1  0.1475E+02 -0.1125E+01 -0.1148E+01  0.7922E+04
 I,J,Ktt,Ktr,Krt,Krr=    1    2  0.1202E+00  0.7150E+01 -0.9498E+01  0.3356E+03
 I,J,Ktt,Ktr,Krt,Krr=    1    3  0.6540E+00  0.3229E+01 -0.3117E+01  0.1323E+04
 I,J,Ktt,Ktr,Krt,Krr=    2    1  0.1202E+00 -0.9467E+01  0.7167E+01  0.3379E+03
 I,J,Ktt,Ktr,Krt,Krr=    2    2  0.1498E+02  0.4491E+00  0.4242E+00  0.8641E+04
 I,J,Ktt,Ktr,Krt,Krr=    2    3 -0.1215E+00 -0.6402E+01  0.5603E+01 -0.3116E+03
 I,J,Ktt,Ktr,Krt,Krr=    3    1  0.6540E+00 -0.3093E+01  0.3238E+01  0.1323E+04
 I,J,Ktt,Ktr,Krt,Krr=    3    2 -0.1213E+00  0.5556E+01 -0.6440E+01 -0.3103E+03
 I,J,Ktt,Ktr,Krt,Krr=    3    3  0.1458E+02  0.6947E+00  0.7208E+00  0.7673E+04
  
  Friction Tensors in Center of Resistance
  
  Ktt Tensor (A)
    0.14749E+02    0.12020E+00    0.65404E+00
    0.12020E+00    0.14982E+02   -0.12154E+00
    0.65401E+00   -0.12130E+00    0.14578E+02
  
  Symmetric Krt Tensor (A^2)
   -0.11366E+01   -0.94823E+01   -0.31054E+01
    0.71584E+01    0.43669E+00    0.55798E+01
    0.32337E+01   -0.64213E+01    0.70776E+00
  
  Krr Tensor (A^3)
    0.79224E+04    0.33562E+03    0.13227E+04
    0.33786E+03    0.86408E+04   -0.31162E+03
    0.13228E+04   -0.31033E+03    0.76731E+04
  
 Raw Dtt tensor (no rot/trans coupling correction)
    0.67942E-01   -0.56982E-03   -0.30530E-02
   -0.56985E-03    0.66757E-01    0.58214E-03
   -0.30529E-02    0.58105E-03    0.68740E-01
  
 Raw Drr tensor (no rot/trans coupling correction)
    0.13026E-03   -0.58746E-05   -0.22694E-04
   -0.59119E-05    0.11617E-03    0.57369E-05
   -0.22696E-04    0.57110E-05    0.13447E-03
  
 Raw Dtt tensor, before CD transformation
    0.67940E-01   -0.56959E-03   -0.30264E-02
   -0.57053E-03    0.66757E-01    0.59739E-03
   -0.30539E-02    0.58125E-03    0.68763E-01
  
 Program finished at:                
 Elapsed time CPU_TIME:   42.695999999999998     
