 BEST ver.3.90 SFSU/ARAGON
  
 control gtensor value=   1.0000000000000000     
 true area (A^2)=    6046.4309999999996     
 total area (A^2) =    5654.3438543821385     
 centroid coords =  -0.15075057077625584        58.504104261795931       0.11573592085236134     
  
 first few rows of gr matrix
   8.5379475422645932       -4.5258725118809962E-003 -0.38710087163914531        2.4606971263952793       0.19979290031095748     
  -4.5258725118812182E-003   5.7767183066643994      -0.68682535661786748       0.19979290031095748        2.1266361225984087     
 -0.38710087163914508      -0.68682535661786792        7.9931540382041781      -0.53952818784311218      -0.47550079696479924     
   2.3393091123762857       0.14140868407167395      -0.37274120390981685        8.6835248734294481       -6.5829738198126375E-002
  0.14140868407167395        2.1412164025975500      -0.53745210406426525       -6.5829738198126403E-002   6.5188155921990276     
 -0.37274120390981685      -0.53745210406426525        3.1130065654375447       -5.6290076906741870E-002  -1.2538880642026013     
   1.2249138824936612       -9.5142363365391863E-002   8.6314837238992026E-002   2.6711515182836734      -0.67719834341700147     
  -9.5142363365391863E-002   1.5937649502323219      -0.51063968556127803      -0.67719834341700147        2.7972348529553033     
   8.6314837238992026E-002 -0.51063968556127803        1.7200304899994927       0.17033262020195680      -0.36741160614575075     
 first few columns of gr matrix
   8.5379475422645932       -4.5258725118812182E-003 -0.38710087163914508        2.3393091123762857       0.14140868407167395     
  -4.5258725118809962E-003   5.7767183066643994      -0.68682535661786792       0.14140868407167395        2.1412164025975500     
 -0.38710087163914531      -0.68682535661786748        7.9931540382041781      -0.37274120390981685      -0.53745210406426525     
   2.4606971263952793       0.19979290031095748      -0.53952818784311218        8.6835248734294481       -6.5829738198126403E-002
  0.19979290031095748        2.1266361225984087      -0.47550079696479924       -6.5829738198126375E-002   6.5188155921990276     
 -0.53952818784311218      -0.47550079696479924        3.1651916244699376       -5.6290076906741968E-002  -1.2538880642026018     
   1.9963645907593093      -0.17338959820104924       0.16807583104685264        4.0210958200053568      -0.87045709480581612     
 -0.17338959820104924        2.6599194015390930      -0.83790991482373067      -0.87045709480581612        3.7200871903498274     
  0.16807583104685264      -0.83790991482373067        2.9406478306619990       0.34861034565253390      -0.55316275786541891     
  
 about to enter dgetrf
 Just out of dgetrf:                 
  
  **** TRANSLATION/ROTATION FLOWS ****
     U(X-Z) =     1.000     0.000     0.000 A/SEC
  OMGA(X-Z) =     0.000     0.000     0.000 RAD/S

 FTOTH(X-Z) =   -0.14720E+02   -0.11971E+00   -0.65137E+00
 TTOTH(X-Z) =    0.12211E+01    0.77273E+01    0.23573E+01

     U(X-Z) =     0.000     1.000     0.000 A/SEC
  OMGA(X-Z) =     0.000     0.000     0.000 RAD/S

 FTOTH(X-Z) =   -0.11951E+00   -0.14950E+02    0.12004E+00
 TTOTH(X-Z) =   -0.52578E+01   -0.62305E+00   -0.86921E+01

     U(X-Z) =     0.000     0.000     1.000 A/SEC
  OMGA(X-Z) =     0.000     0.000     0.000 RAD/S

 FTOTH(X-Z) =   -0.65133E+00    0.12024E+00   -0.14548E+02
 TTOTH(X-Z) =   -0.24617E+01    0.92300E+01   -0.60407E+00

     U(X-Z) =     0.000     0.000     0.000 A/SEC
  OMGA(X-Z) =     1.000     0.000     0.000 RAD/S

 FTOTH(X-Z) =    0.12293E+01   -0.52948E+01   -0.24872E+01
 TTOTH(X-Z) =   -0.78673E+04   -0.33257E+03   -0.13100E+04

     U(X-Z) =     0.000     0.000     0.000 A/SEC
  OMGA(X-Z) =     0.000     1.000     0.000 RAD/S

 FTOTH(X-Z) =    0.77409E+01   -0.62544E+00    0.92577E+01
 TTOTH(X-Z) =   -0.33057E+03   -0.85839E+04    0.30251E+03

     U(X-Z) =     0.000     0.000     0.000 A/SEC
  OMGA(X-Z) =     0.000     0.000     1.000 RAD/S

 FTOTH(X-Z) =    0.24031E+01   -0.87351E+01   -0.59762E+00
 TTOTH(X-Z) =   -0.13086E+04    0.30291E+03   -0.76356E+04

 I,J,Ktt,Ktr,Krt,Krr=    1    1  0.1472E+02 -0.1221E+01 -0.1229E+01  0.7867E+04
 I,J,Ktt,Ktr,Krt,Krr=    1    2  0.1195E+00  0.5258E+01 -0.7741E+01  0.3306E+03
 I,J,Ktt,Ktr,Krt,Krr=    1    3  0.6513E+00  0.2462E+01 -0.2403E+01  0.1309E+04
 I,J,Ktt,Ktr,Krt,Krr=    2    1  0.1197E+00 -0.7727E+01  0.5295E+01  0.3326E+03
 I,J,Ktt,Ktr,Krt,Krr=    2    2  0.1495E+02  0.6230E+00  0.6254E+00  0.8584E+04
 I,J,Ktt,Ktr,Krt,Krr=    2    3 -0.1202E+00 -0.9230E+01  0.8735E+01 -0.3029E+03
 I,J,Ktt,Ktr,Krt,Krr=    3    1  0.6514E+00 -0.2357E+01  0.2487E+01  0.1310E+04
 I,J,Ktt,Ktr,Krt,Krr=    3    2 -0.1200E+00  0.8692E+01 -0.9258E+01 -0.3025E+03
 I,J,Ktt,Ktr,Krt,Krr=    3    3  0.1455E+02  0.6041E+00  0.5976E+00  0.7636E+04
  
  Friction Tensors in Center of Resistance
  
  Ktt Tensor (A)
    0.14720E+02    0.11951E+00    0.65133E+00
    0.11971E+00    0.14950E+02   -0.12024E+00
    0.65137E+00   -0.12004E+00    0.14548E+02
  
  Symmetric Krt Tensor (A^2)
   -0.12252E+01   -0.77341E+01   -0.23802E+01
    0.52763E+01    0.62425E+00    0.87136E+01
    0.24745E+01   -0.92439E+01    0.60085E+00
  
  Krr Tensor (A^3)
    0.78673E+04    0.33057E+03    0.13086E+04
    0.33257E+03    0.85839E+04   -0.30291E+03
    0.13100E+04   -0.30251E+03    0.76356E+04
  
 Raw Dtt tensor (no rot/trans coupling correction)
    0.68076E-01   -0.56869E-03   -0.30525E-02
   -0.56964E-03    0.66897E-01    0.57842E-03
   -0.30527E-02    0.57744E-03    0.68877E-01
  
 Raw Drr tensor (no rot/trans coupling correction)
    0.13114E-03   -0.58503E-05   -0.22707E-04
   -0.58828E-05    0.11692E-03    0.56467E-05
   -0.22732E-04    0.56360E-05    0.13509E-03
  
 Raw Dtt tensor, before CD transformation
    0.68075E-01   -0.56845E-03   -0.30247E-02
   -0.57002E-03    0.66898E-01    0.58714E-03
   -0.30547E-02    0.57783E-03    0.68924E-01
  
 Program finished at:                
 Elapsed time CPU_TIME:   26.423999999999999     
