 BEST ver.3.90 SFSU/ARAGON
  
 control gtensor value=   1.0000000000000000     
 true area (A^2)=    6046.4309999999996     
 total area (A^2) =    5735.9084424803850     
 centroid coords =   0.15596377368152267        58.327726702508969        5.5834613415257729E-002
  
 first few rows of gr matrix
   8.0131590234422188      -0.11789877092684614       -2.0452717443018194E-002   2.4195203530888003        2.1169883481209836E-002
 -0.11789877092684611        5.3422750043521754      -0.12820822337508847        2.1169883481209836E-002   2.1873979944734105     
  -2.0452717443018194E-002 -0.12820822337508853        7.9676510775794505      -0.12979950083409184      -0.40050277218520908     
   2.0907978955503075        2.1568595030528645E-002 -0.10008451647686889        8.6215639746581374       -6.5360013080263762E-002
   2.1568595030528645E-002   1.9718499337945721      -0.45948354125283231       -6.5360013080263790E-002   6.4723008785424803     
 -0.10008451647686889      -0.45948354125283231        3.1368033945270501       -5.5888421610317152E-002  -1.2449410026637624     
   1.1130174584587340      -0.17137279034036312       0.20067905715307294        2.6331677576428412      -0.66756858651004769     
 -0.17137279034036312        1.3368182587262916      -0.41163291974978450      -0.66756858651004769        2.7574581879538793     
  0.20067905715307294      -0.41163291974978450        1.4926300616499157       0.16791049123218935      -0.36218701502504103     
 first few columns of gr matrix
   8.0131590234422188      -0.11789877092684611       -2.0452717443018194E-002   2.0907978955503075        2.1568595030528645E-002
 -0.11789877092684614        5.3422750043521754      -0.12820822337508853        2.1568595030528645E-002   1.9718499337945721     
  -2.0452717443018194E-002 -0.12820822337508847        7.9676510775794505      -0.10008451647686889      -0.45948354125283231     
   2.4195203530888003        2.1169883481209836E-002 -0.12979950083409184        8.6215639746581374       -6.5360013080263790E-002
   2.1169883481209836E-002   2.1873979944734105      -0.40050277218520908       -6.5360013080263762E-002   6.4723008785424803     
 -0.12979950083409184      -0.40050277218520908        3.6758201237190522       -5.5888421610317152E-002  -1.2449410026637620     
   2.0401993876815796      -0.33730048742987712       0.43687677829260085        3.9639158584436771      -0.85807919946334266     
 -0.33730048742987712        2.2587515539472003      -0.63888745635216559      -0.85807919946334266        3.6671875699299310     
  0.43687677829260085      -0.63888745635216559        2.6310273983580097       0.34365310835785395      -0.54529678633727396     
  
 about to enter dgetrf
 Just out of dgetrf:                 
  
  **** TRANSLATION/ROTATION FLOWS ****
     U(X-Z) =     1.000     0.000     0.000 A/SEC
  OMGA(X-Z) =     0.000     0.000     0.000 RAD/S

 FTOTH(X-Z) =   -0.14778E+02   -0.12124E+00   -0.65523E+00
 TTOTH(X-Z) =    0.10197E+01    0.64942E+01    0.48530E+01

     U(X-Z) =     0.000     1.000     0.000 A/SEC
  OMGA(X-Z) =     0.000     0.000     0.000 RAD/S

 FTOTH(X-Z) =   -0.12120E+00   -0.15004E+02    0.12133E+00
 TTOTH(X-Z) =   -0.41018E+01   -0.38918E+00   -0.40651E+01

     U(X-Z) =     0.000     0.000     1.000 A/SEC
  OMGA(X-Z) =     0.000     0.000     0.000 RAD/S

 FTOTH(X-Z) =   -0.65536E+00    0.12145E+00   -0.14609E+02
 TTOTH(X-Z) =   -0.50836E+01    0.48427E+01   -0.64722E+00

     U(X-Z) =     0.000     0.000     0.000 A/SEC
  OMGA(X-Z) =     1.000     0.000     0.000 RAD/S

 FTOTH(X-Z) =    0.10284E+01   -0.41483E+01   -0.51096E+01
 TTOTH(X-Z) =   -0.79649E+04   -0.33753E+03   -0.13245E+04

     U(X-Z) =     0.000     0.000     0.000 A/SEC
  OMGA(X-Z) =     0.000     1.000     0.000 RAD/S

 FTOTH(X-Z) =    0.65397E+01   -0.38579E+00    0.48805E+01
 TTOTH(X-Z) =   -0.33912E+03   -0.86782E+04    0.30887E+03

     U(X-Z) =     0.000     0.000     0.000 A/SEC
  OMGA(X-Z) =     0.000     0.000     1.000 RAD/S

 FTOTH(X-Z) =    0.48742E+01   -0.41114E+01   -0.64303E+00
 TTOTH(X-Z) =   -0.13238E+04    0.30968E+03   -0.77225E+04

 I,J,Ktt,Ktr,Krt,Krr=    1    1  0.1478E+02 -0.1020E+01 -0.1028E+01  0.7965E+04
 I,J,Ktt,Ktr,Krt,Krr=    1    2  0.1212E+00  0.4102E+01 -0.6540E+01  0.3391E+03
 I,J,Ktt,Ktr,Krt,Krr=    1    3  0.6554E+00  0.5084E+01 -0.4874E+01  0.1324E+04
 I,J,Ktt,Ktr,Krt,Krr=    2    1  0.1212E+00 -0.6494E+01  0.4148E+01  0.3375E+03
 I,J,Ktt,Ktr,Krt,Krr=    2    2  0.1500E+02  0.3892E+00  0.3858E+00  0.8678E+04
 I,J,Ktt,Ktr,Krt,Krr=    2    3 -0.1214E+00 -0.4843E+01  0.4111E+01 -0.3097E+03
 I,J,Ktt,Ktr,Krt,Krr=    3    1  0.6552E+00 -0.4853E+01  0.5110E+01  0.1325E+04
 I,J,Ktt,Ktr,Krt,Krr=    3    2 -0.1213E+00  0.4065E+01 -0.4881E+01 -0.3089E+03
 I,J,Ktt,Ktr,Krt,Krr=    3    3  0.1461E+02  0.6472E+00  0.6430E+00  0.7722E+04
  
  Friction Tensors in Center of Resistance
  
  Ktt Tensor (A)
    0.14778E+02    0.12120E+00    0.65536E+00
    0.12124E+00    0.15004E+02   -0.12145E+00
    0.65523E+00   -0.12133E+00    0.14609E+02
  
  Symmetric Krt Tensor (A^2)
   -0.10240E+01   -0.65169E+01   -0.48636E+01
    0.41251E+01    0.38748E+00    0.40882E+01
    0.50966E+01   -0.48616E+01    0.64513E+00
  
  Krr Tensor (A^3)
    0.79649E+04    0.33912E+03    0.13238E+04
    0.33753E+03    0.86782E+04   -0.30968E+03
    0.13245E+04   -0.30887E+03    0.77225E+04
  
 Raw Dtt tensor (no rot/trans coupling correction)
    0.67809E-01   -0.57239E-03   -0.30467E-02
   -0.57259E-03    0.66658E-01    0.57982E-03
   -0.30460E-02    0.57926E-03    0.68593E-01
  
 Raw Drr tensor (no rot/trans coupling correction)
    0.12953E-03   -0.58605E-05   -0.22440E-04
   -0.58392E-05    0.11566E-03    0.56391E-05
   -0.22451E-04    0.56312E-05    0.13357E-03
  
 Raw Dtt tensor, before CD transformation
    0.67808E-01   -0.57225E-03   -0.30299E-02
   -0.57330E-03    0.66658E-01    0.59585E-03
   -0.30472E-02    0.57947E-03    0.68618E-01
  
 Program finished at:                
 Elapsed time CPU_TIME:   66.231999999999999     
