 BEST ver.3.90 SFSU/ARAGON
  
 control gtensor value=   1.0000000000000000     
 true area (A^2)=    6046.4309999999996     
 total area (A^2) =    5773.7703031191541     
 centroid coords =   0.12992862838915842        58.393725279106732       0.21724820574162571     
  
 first few rows of gr matrix
   7.9868424130112468      -0.11751157082065891       -2.0385547155292116E-002  0.85569439505450340        9.9062957874113166E-004
 -0.11751157082065899        5.3247300424097803      -0.12778716523076122        9.9062957874113166E-004  0.71904036604283161     
  -2.0385547155291672E-002 -0.12778716523076122        7.9414839231719112       -4.8636606713220232E-002  -7.1793092929466396E-002
   3.4437616922965870       -7.7603631440825056E-003 -0.13063643572323203        4.0132897805880150       -4.6228951634185597E-002
  -7.7603631440825056E-003   2.7546982588468869      -0.37856144672034159       -4.6228951634185569E-002   2.7970496143127095     
 -0.13063643572323203      -0.37856144672034159        4.4259262386944753       -9.2632666553051565E-003 -0.45098206993825007     
   2.3066034217634019      -0.22960399037777537       0.56537973217959370        1.2205332596453231      -0.15558385552534726     
 -0.22960399037777537        1.8915656030640782      -0.37740271232959810      -0.15558385552534726       0.82028797017057298     
  0.56537973217959370      -0.37740271232959810        2.7262633302769292       0.17698659909677494      -0.11492434397120387     
 first few columns of gr matrix
   7.9868424130112468      -0.11751157082065899       -2.0385547155291672E-002   3.4437616922965870       -7.7603631440825056E-003
 -0.11751157082065891        5.3247300424097803      -0.12778716523076122       -7.7603631440825056E-003   2.7546982588468869     
  -2.0385547155292116E-002 -0.12778716523076122        7.9414839231719112      -0.13063643572323203      -0.37856144672034159     
  0.85569439505450340        9.9062957874113166E-004  -4.8636606713220232E-002   4.0132897805880150       -4.6228951634185569E-002
   9.9062957874113166E-004  0.71904036604283161       -7.1793092929466396E-002  -4.6228951634185597E-002   2.7970496143127095     
  -4.8636606713220232E-002  -7.1793092929466396E-002   1.2578211712535745       -9.2632666553051565E-003 -0.45098206993825007     
  0.85058840026945048       -8.0506636801809084E-002  0.24987516922607170        1.8650151843790921      -0.21999679210138184     
  -8.0506636801809084E-002  0.70031830616030266      -0.13119046732962525      -0.21999679210138184        1.1480870699601851     
  0.24987516922607170      -0.13119046732962525        1.0760695832260396       0.26379133541255956      -0.11860836522321255     
  
 about to enter dgetrf
 Just out of dgetrf:                 
  
  **** TRANSLATION/ROTATION FLOWS ****
     U(X-Z) =     1.000     0.000     0.000 A/SEC
  OMGA(X-Z) =     0.000     0.000     0.000 RAD/S

 FTOTH(X-Z) =   -0.14809E+02   -0.11785E+00   -0.65846E+00
 TTOTH(X-Z) =    0.10958E+01    0.91509E+01    0.41905E+01

     U(X-Z) =     0.000     1.000     0.000 A/SEC
  OMGA(X-Z) =     0.000     0.000     0.000 RAD/S

 FTOTH(X-Z) =   -0.11772E+00   -0.15045E+02    0.12183E+00
 TTOTH(X-Z) =   -0.66710E+01   -0.44545E+00   -0.45565E+01

     U(X-Z) =     0.000     0.000     1.000 A/SEC
  OMGA(X-Z) =     0.000     0.000     0.000 RAD/S

 FTOTH(X-Z) =   -0.65819E+00    0.12186E+00   -0.14646E+02
 TTOTH(X-Z) =   -0.43106E+01    0.55166E+01   -0.68167E+00

     U(X-Z) =     0.000     0.000     0.000 A/SEC
  OMGA(X-Z) =     1.000     0.000     0.000 RAD/S

 FTOTH(X-Z) =    0.10936E+01   -0.66745E+01   -0.42710E+01
 TTOTH(X-Z) =   -0.80160E+04   -0.33297E+03   -0.13377E+04

     U(X-Z) =     0.000     0.000     0.000 A/SEC
  OMGA(X-Z) =     0.000     1.000     0.000 RAD/S

 FTOTH(X-Z) =    0.91543E+01   -0.42728E+00    0.55222E+01
 TTOTH(X-Z) =   -0.33443E+03   -0.87543E+04    0.30360E+03

     U(X-Z) =     0.000     0.000     0.000 A/SEC
  OMGA(X-Z) =     0.000     0.000     1.000 RAD/S

 FTOTH(X-Z) =    0.41590E+01   -0.45710E+01   -0.66134E+00
 TTOTH(X-Z) =   -0.13356E+04    0.30380E+03   -0.77850E+04

 I,J,Ktt,Ktr,Krt,Krr=    1    1  0.1481E+02 -0.1096E+01 -0.1094E+01  0.8016E+04
 I,J,Ktt,Ktr,Krt,Krr=    1    2  0.1177E+00  0.6671E+01 -0.9154E+01  0.3344E+03
 I,J,Ktt,Ktr,Krt,Krr=    1    3  0.6582E+00  0.4311E+01 -0.4159E+01  0.1336E+04
 I,J,Ktt,Ktr,Krt,Krr=    2    1  0.1178E+00 -0.9151E+01  0.6675E+01  0.3330E+03
 I,J,Ktt,Ktr,Krt,Krr=    2    2  0.1504E+02  0.4455E+00  0.4273E+00  0.8754E+04
 I,J,Ktt,Ktr,Krt,Krr=    2    3 -0.1219E+00 -0.5517E+01  0.4571E+01 -0.3038E+03
 I,J,Ktt,Ktr,Krt,Krr=    3    1  0.6585E+00 -0.4190E+01  0.4271E+01  0.1338E+04
 I,J,Ktt,Ktr,Krt,Krr=    3    2 -0.1218E+00  0.4556E+01 -0.5522E+01 -0.3036E+03
 I,J,Ktt,Ktr,Krt,Krr=    3    3  0.1465E+02  0.6817E+00  0.6613E+00  0.7785E+04
  
  Friction Tensors in Center of Resistance
  
  Ktt Tensor (A)
    0.14809E+02    0.11772E+00    0.65819E+00
    0.11785E+00    0.15045E+02   -0.12186E+00
    0.65846E+00   -0.12183E+00    0.14646E+02
  
  Symmetric Krt Tensor (A^2)
   -0.10947E+01   -0.91526E+01   -0.41747E+01
    0.66727E+01    0.43637E+00    0.45637E+01
    0.42908E+01   -0.55194E+01    0.67150E+00
  
  Krr Tensor (A^3)
    0.80160E+04    0.33443E+03    0.13356E+04
    0.33297E+03    0.87543E+04   -0.30380E+03
    0.13377E+04   -0.30360E+03    0.77850E+04
  
 Raw Dtt tensor (no rot/trans coupling correction)
    0.67669E-01   -0.55416E-03   -0.30456E-02
   -0.55473E-03    0.66477E-01    0.57803E-03
   -0.30469E-02    0.57788E-03    0.68420E-01
  
 Raw Drr tensor (no rot/trans coupling correction)
    0.12871E-03   -0.56903E-05   -0.22303E-04
   -0.56706E-05    0.11464E-03    0.54463E-05
   -0.22337E-04    0.54483E-05    0.13250E-03
  
 Raw Dtt tensor, before CD transformation
    0.67668E-01   -0.55397E-03   -0.30228E-02
   -0.55562E-03    0.66477E-01    0.59802E-03
   -0.30479E-02    0.57807E-03    0.68443E-01
  
 Program finished at:                
 Elapsed time CPU_TIME:   120.09600000000000     
