 BEST ver.3.90 SFSU/ARAGON
  
 control gtensor value=   1.0000000000000000     
 true area (A^2)=    22585.881000000001     
 total area (A^2) =    19797.260304706218     
 centroid coords =    29.523053994082829        31.835820882642992        22.653789694280071     
  
 first few rows of gr matrix
   13.102886781760713        1.2491830137719351       -1.1573175686517088        1.0511337179215690        1.2647878224842715E-002
   1.2491830137719364        11.776414156711658        1.9355797899303737        1.2647878224842715E-002   1.3623161895853828     
  -1.1573175686517096        1.9355797899303733        12.103576051952695        1.7235456244570423E-002  0.46580839493138038     
   1.2804892730201312        3.1291003399413764E-002   3.2108016867457803E-002   10.060024023236275        1.4618117685377703     
   3.1291003399413764E-002   1.6542874512889671       0.57305361503003183        1.4618117685377707        11.640385524597734     
   3.2108016867457803E-002  0.57305361503003183        2.1126628018977303        1.5304487863769372      -0.67029773671830961     
   1.1895170010947347       -1.0865863768280723E-003   6.1296626175985962E-002   1.5435508917280834       -2.3801864347902636E-002
  -1.0865863768280723E-003   1.1970462522118415      -0.11853896421171622       -2.3801864347902636E-002   2.8225891356245492     
   6.1296626175985962E-002 -0.11853896421171622        2.2971503356057505        4.3736501491512508E-002 -0.40318600385177694     
 first few columns of gr matrix
   13.102886781760713        1.2491830137719364       -1.1573175686517096        1.2804892730201312        3.1291003399413764E-002
   1.2491830137719351        11.776414156711658        1.9355797899303733        3.1291003399413764E-002   1.6542874512889671     
  -1.1573175686517088        1.9355797899303737        12.103576051952695        3.2108016867457803E-002  0.57305361503003183     
   1.0511337179215690        1.2647878224842715E-002   1.7235456244570423E-002   10.060024023236275        1.4618117685377707     
   1.2647878224842715E-002   1.3623161895853828       0.46580839493138038        1.4618117685377703        11.640385524597734     
   1.7235456244570423E-002  0.46580839493138038        1.7571667126311628        1.5304487863769376      -0.67029773671830872     
   1.0524149709446409       -3.5378703226406840E-003   1.1436344431653854E-002   1.6331200704339162        4.6361242766538961E-002
  -3.5378703226406840E-003   1.0502966739653128       -9.2271019786297120E-002   4.6361242766538961E-002   2.8686629573783282     
   1.1436344431653854E-002  -9.2271019786297120E-002   2.0246810597481604       -2.7555208193251770E-002 -0.48307408362503046     
  
 about to enter dgetrf
 Just out of dgetrf:                 
  
  **** TRANSLATION/ROTATION FLOWS ****
     U(X-Z) =     1.000     0.000     0.000 A/SEC
  OMGA(X-Z) =     0.000     0.000     0.000 RAD/S

 FTOTH(X-Z) =   -0.25881E+02    0.13190E-01   -0.87863E-01
 TTOTH(X-Z) =   -0.44231E+01   -0.47997E+01    0.14932E+02

     U(X-Z) =     0.000     1.000     0.000 A/SEC
  OMGA(X-Z) =     0.000     0.000     0.000 RAD/S

 FTOTH(X-Z) =    0.13129E-01   -0.26880E+02    0.99131E+00
 TTOTH(X-Z) =    0.62508E+01    0.65050E+01    0.12720E+02

     U(X-Z) =     0.000     0.000     1.000 A/SEC
  OMGA(X-Z) =     0.000     0.000     0.000 RAD/S

 FTOTH(X-Z) =   -0.88275E-01    0.99147E+00   -0.25726E+02
 TTOTH(X-Z) =   -0.27567E+01   -0.15468E+02   -0.22991E+01

     U(X-Z) =     0.000     0.000     0.000 A/SEC
  OMGA(X-Z) =     1.000     0.000     0.000 RAD/S

 FTOTH(X-Z) =   -0.45409E+01    0.58893E+01   -0.26719E+01
 TTOTH(X-Z) =   -0.45710E+05    0.15056E+04   -0.12596E+04

     U(X-Z) =     0.000     0.000     0.000 A/SEC
  OMGA(X-Z) =     0.000     1.000     0.000 RAD/S

 FTOTH(X-Z) =   -0.45388E+01    0.64887E+01   -0.15519E+02
 TTOTH(X-Z) =    0.15226E+04   -0.50049E+05    0.55644E+04

     U(X-Z) =     0.000     0.000     0.000 A/SEC
  OMGA(X-Z) =     0.000     0.000     1.000 RAD/S

 FTOTH(X-Z) =    0.15036E+02    0.12491E+02   -0.22119E+01
 TTOTH(X-Z) =   -0.12527E+04    0.55551E+04   -0.42853E+05

 I,J,Ktt,Ktr,Krt,Krr=    1    1  0.2588E+02  0.4423E+01  0.4541E+01  0.4571E+05
 I,J,Ktt,Ktr,Krt,Krr=    1    2 -0.1313E-01 -0.6251E+01  0.4539E+01 -0.1523E+04
 I,J,Ktt,Ktr,Krt,Krr=    1    3  0.8828E-01  0.2757E+01 -0.1504E+02  0.1253E+04
 I,J,Ktt,Ktr,Krt,Krr=    2    1 -0.1319E-01  0.4800E+01 -0.5889E+01 -0.1506E+04
 I,J,Ktt,Ktr,Krt,Krr=    2    2  0.2688E+02 -0.6505E+01 -0.6489E+01  0.5005E+05
 I,J,Ktt,Ktr,Krt,Krr=    2    3 -0.9915E+00  0.1547E+02 -0.1249E+02 -0.5555E+04
 I,J,Ktt,Ktr,Krt,Krr=    3    1  0.8786E-01 -0.1493E+02  0.2672E+01  0.1260E+04
 I,J,Ktt,Ktr,Krt,Krr=    3    2 -0.9913E+00 -0.1272E+02  0.1552E+02 -0.5564E+04
 I,J,Ktt,Ktr,Krt,Krr=    3    3  0.2573E+02  0.2299E+01  0.2212E+01  0.4285E+05
  
  Friction Tensors in Center of Resistance
  
  Ktt Tensor (A)
    0.25881E+02   -0.13129E-01    0.88275E-01
   -0.13190E-01    0.26880E+02   -0.99147E+00
    0.87863E-01   -0.99131E+00    0.25726E+02
  
  Symmetric Krt Tensor (A^2)
    0.44820E+01    0.46693E+01   -0.14984E+02
   -0.60700E+01   -0.64969E+01   -0.12606E+02
    0.27143E+01    0.15493E+02    0.22555E+01
  
  Krr Tensor (A^3)
    0.45710E+05   -0.15226E+04    0.12527E+04
   -0.15056E+04    0.50049E+05   -0.55551E+04
    0.12596E+04   -0.55644E+04    0.42853E+05
  
 Raw Dtt tensor (no rot/trans coupling correction)
    0.38639E-01    0.14003E-04   -0.13204E-03
    0.14113E-04    0.37255E-01    0.14357E-02
   -0.13142E-03    0.14355E-02    0.38926E-01
  
 Raw Drr tensor (no rot/trans coupling correction)
    0.21912E-04    0.60412E-06   -0.56224E-06
    0.59629E-06    0.20289E-04    0.26127E-05
   -0.56666E-06    0.26168E-05    0.23692E-04
  
 Raw Dtt tensor, before CD transformation
    0.38639E-01    0.14009E-04   -0.13188E-03
    0.14109E-04    0.37255E-01    0.14370E-02
   -0.13146E-03    0.14360E-02    0.38939E-01
  
 Program finished at:                
 Elapsed time CPU_TIME:   73.100000000000009     
