 BEST ver.3.90 SFSU/ARAGON
  
 control gtensor value=   1.0000000000000000     
 true area (A^2)=    22585.881000000001     
 total area (A^2) =    20211.080886288397     
 centroid coords =    29.520823878495257        31.670173305169950        22.747602393884556     
  
 first few rows of gr matrix
   12.118832563377385      -0.91933467349283071       -2.1273849652607089        2.6432028905063607       0.58340488495384635     
 -0.91933467349283093        14.182366228216965       -1.0650522425183890       0.58340488495384635        3.5837610012046417     
  -2.1273849652607097       -1.0650522425183879        12.316171991601699      -0.32654038266221597      -0.47065267796433041     
   4.1788965329023284        1.0123098022115677      -0.38348632212456873        12.200212616229825      -0.19656009671097283     
   1.0123098022115677        5.1598822693609216      -0.47118194415059994      -0.19656009671097238        9.6374457956077411     
 -0.38348632212456873      -0.47118194415059994        3.4106659311649232      -0.24683749305844821        1.9518437327102500     
   1.4148348515001472       0.24266006572872006       0.19949020247840335        1.1382529922966755        2.8090845499593987E-002
  0.24266006572872006        2.0481280645927988       0.56785123990961162        2.8090845499593987E-002   1.3683060201267498     
  0.19949020247840335       0.56785123990961162        1.8123002996242448        5.3664589916274694E-002  0.46023201731097901     
 first few columns of gr matrix
   12.118832563377385      -0.91933467349283093       -2.1273849652607097        4.1788965329023284        1.0123098022115677     
 -0.91933467349283071        14.182366228216965       -1.0650522425183879        1.0123098022115677        5.1598822693609216     
  -2.1273849652607089       -1.0650522425183890        12.316171991601699      -0.38348632212456873      -0.47118194415059994     
   2.6432028905063607       0.58340488495384635      -0.32654038266221597        12.200212616229825      -0.19656009671097238     
  0.58340488495384635        3.5837610012046417      -0.47065267796433041      -0.19656009671097283        9.6374457956077411     
 -0.32654038266221597      -0.47065267796433041        2.5195170098971107      -0.24683749305844821        1.9518437327102496     
   1.0247047918677430       0.14947230306546350       0.12781595652505462        1.2030693063814648        2.4685604749423423E-002
  0.14947230306546350        1.5236023849827676       0.44932395169973322        2.4685604749423423E-002   1.4483897801164709     
  0.12781595652505462       0.44932395169973322        1.3664304364967701        3.9144068129515666E-002  0.46659549993292720     
  
 about to enter dgetrf
 Just out of dgetrf:                 
  
  **** TRANSLATION/ROTATION FLOWS ****
     U(X-Z) =     1.000     0.000     0.000 A/SEC
  OMGA(X-Z) =     0.000     0.000     0.000 RAD/S

 FTOTH(X-Z) =   -0.25965E+02    0.15250E-01   -0.10214E+00
 TTOTH(X-Z) =   -0.40964E+01   -0.29301E+01    0.19538E+02

     U(X-Z) =     0.000     1.000     0.000 A/SEC
  OMGA(X-Z) =     0.000     0.000     0.000 RAD/S

 FTOTH(X-Z) =    0.15155E-01   -0.26962E+02    0.98841E+00
 TTOTH(X-Z) =    0.36896E+01    0.60748E+01    0.11767E+02

     U(X-Z) =     0.000     0.000     1.000 A/SEC
  OMGA(X-Z) =     0.000     0.000     0.000 RAD/S

 FTOTH(X-Z) =   -0.10196E+00    0.98866E+00   -0.25809E+02
 TTOTH(X-Z) =   -0.69543E+01   -0.15212E+02   -0.22673E+01

     U(X-Z) =     0.000     0.000     0.000 A/SEC
  OMGA(X-Z) =     1.000     0.000     0.000 RAD/S

 FTOTH(X-Z) =   -0.42120E+01    0.36655E+01   -0.69249E+01
 TTOTH(X-Z) =   -0.46183E+05    0.15194E+04   -0.13168E+04

     U(X-Z) =     0.000     0.000     0.000 A/SEC
  OMGA(X-Z) =     0.000     1.000     0.000 RAD/S

 FTOTH(X-Z) =   -0.28314E+01    0.61011E+01   -0.15209E+02
 TTOTH(X-Z) =    0.15196E+04   -0.50506E+05    0.55965E+04

     U(X-Z) =     0.000     0.000     0.000 A/SEC
  OMGA(X-Z) =     0.000     0.000     1.000 RAD/S

 FTOTH(X-Z) =    0.19476E+02    0.11627E+02   -0.21484E+01
 TTOTH(X-Z) =   -0.13142E+04    0.55802E+04   -0.43216E+05

 I,J,Ktt,Ktr,Krt,Krr=    1    1  0.2597E+02  0.4096E+01  0.4212E+01  0.4618E+05
 I,J,Ktt,Ktr,Krt,Krr=    1    2 -0.1516E-01 -0.3690E+01  0.2831E+01 -0.1520E+04
 I,J,Ktt,Ktr,Krt,Krr=    1    3  0.1020E+00  0.6954E+01 -0.1948E+02  0.1314E+04
 I,J,Ktt,Ktr,Krt,Krr=    2    1 -0.1525E-01  0.2930E+01 -0.3665E+01 -0.1519E+04
 I,J,Ktt,Ktr,Krt,Krr=    2    2  0.2696E+02 -0.6075E+01 -0.6101E+01  0.5051E+05
 I,J,Ktt,Ktr,Krt,Krr=    2    3 -0.9887E+00  0.1521E+02 -0.1163E+02 -0.5580E+04
 I,J,Ktt,Ktr,Krt,Krr=    3    1  0.1021E+00 -0.1954E+02  0.6925E+01  0.1317E+04
 I,J,Ktt,Ktr,Krt,Krr=    3    2 -0.9884E+00 -0.1177E+02  0.1521E+02 -0.5596E+04
 I,J,Ktt,Ktr,Krt,Krr=    3    3  0.2581E+02  0.2267E+01  0.2148E+01  0.4322E+05
  
  Friction Tensors in Center of Resistance
  
  Ktt Tensor (A)
    0.25965E+02   -0.15155E-01    0.10196E+00
   -0.15250E-01    0.26962E+02   -0.98866E+00
    0.10214E+00   -0.98841E+00    0.25809E+02
  
  Symmetric Krt Tensor (A^2)
    0.41542E+01    0.28808E+01   -0.19507E+02
   -0.36775E+01   -0.60879E+01   -0.11697E+02
    0.69396E+01    0.15211E+02    0.22079E+01
  
  Krr Tensor (A^3)
    0.46183E+05   -0.15196E+04    0.13142E+04
   -0.15194E+04    0.50506E+05   -0.55802E+04
    0.13168E+04   -0.55965E+04    0.43216E+05
  
 Raw Dtt tensor (no rot/trans coupling correction)
    0.38513E-01    0.16093E-04   -0.15153E-03
    0.16217E-04    0.37141E-01    0.14227E-02
   -0.15180E-03    0.14224E-02    0.38801E-01
  
 Raw Drr tensor (no rot/trans coupling correction)
    0.21689E-04    0.58788E-06   -0.58364E-06
    0.58789E-06    0.20103E-04    0.25778E-05
   -0.58474E-06    0.25854E-05    0.23491E-04
  
 Raw Dtt tensor, before CD transformation
    0.38513E-01    0.16054E-04   -0.15261E-03
    0.16211E-04    0.37142E-01    0.14244E-02
   -0.15186E-03    0.14230E-02    0.38819E-01
  
 Program finished at:                
 Elapsed time CPU_TIME:   120.54000000000001     
