 BEST ver.3.90 SFSU/ARAGON
  
 control gtensor value=   1.0000000000000000     
 true area (A^2)=    22585.881000000001     
 total area (A^2) =    20838.018830756650     
 centroid coords =    29.335613805240435        31.590994981097587        22.582077955937926     
  
 first few rows of gr matrix
   8.7349670155737016       -9.0921549097830456E-002  -1.7651228815868545        1.0044674938487494        9.7363867391792855E-002
  -9.0921549097830900E-002   10.970736987840873      -0.41303094594041750        9.7363867391792855E-002   1.4898317747373042     
  -1.7651228815868545      -0.41303094594041750        9.6429076974984831        9.4726150569716838E-002  0.46200222745286218     
  0.85633734516103754       0.12214245652851979        8.9406366138415266E-002   10.568279427820055       0.98109111069969068     
  0.12214245652851979        1.3030366626456003       0.36661929430217099       0.98109111069969157        11.753327430596428     
   8.9406366138415266E-002  0.36661929430217099        1.1317074050226730        1.8892959920913635      -0.88126647584092077     
  0.94570243921300245        5.0284034114817466E-002  0.21450489787579016        1.4895990786531832       -5.7958215246171320E-002
   5.0284034114817466E-002  0.92087630405460763       0.13683908401847841       -5.7958215246171320E-002   2.6083188024958837     
  0.21450489787579016       0.13683908401847841        1.6301741454690739        6.2468964904031456E-002 -0.49607753062172982     
 first few columns of gr matrix
   8.7349670155737016       -9.0921549097830900E-002  -1.7651228815868545       0.85633734516103754       0.12214245652851979     
  -9.0921549097830456E-002   10.970736987840873      -0.41303094594041750       0.12214245652851979        1.3030366626456003     
  -1.7651228815868545      -0.41303094594041750        9.6429076974984831        8.9406366138415266E-002  0.36661929430217099     
   1.0044674938487494        9.7363867391792855E-002   9.4726150569716838E-002   10.568279427820055       0.98109111069969157     
   9.7363867391792855E-002   1.4898317747373042       0.46200222745286218       0.98109111069969068        11.753327430596428     
   9.4726150569716838E-002  0.46200222745286218        1.4122821497115752        1.8892959920913621      -0.88126647584091988     
  0.59586181478291167        1.3150058597916799E-002  0.12126871061248380       0.81859101193360095       -6.9620075467899459E-002
   1.3150058597916799E-002  0.57673255269561252        5.7860612443481209E-002  -6.9620075467899459E-002   1.4432791551526749     
  0.12126871061248380        5.7860612443481209E-002   1.0837930203232273        2.8795516018418583E-002 -0.30124575011461352     
  
 about to enter dgetrf
 Just out of dgetrf:                 
  
  **** TRANSLATION/ROTATION FLOWS ****
     U(X-Z) =     1.000     0.000     0.000 A/SEC
  OMGA(X-Z) =     0.000     0.000     0.000 RAD/S

 FTOTH(X-Z) =   -0.26130E+02    0.23909E-01   -0.97008E-01
 TTOTH(X-Z) =   -0.40098E+01   -0.83700E+01    0.22290E+02

     U(X-Z) =     0.000     1.000     0.000 A/SEC
  OMGA(X-Z) =     0.000     0.000     0.000 RAD/S

 FTOTH(X-Z) =    0.23739E-01   -0.27119E+02    0.98693E+00
 TTOTH(X-Z) =    0.97912E+01    0.56217E+01    0.83656E+01

     U(X-Z) =     0.000     0.000     1.000 A/SEC
  OMGA(X-Z) =     0.000     0.000     0.000 RAD/S

 FTOTH(X-Z) =   -0.97077E-01    0.98697E+00   -0.25952E+02
 TTOTH(X-Z) =   -0.98484E+01   -0.12243E+02   -0.18632E+01

     U(X-Z) =     0.000     0.000     0.000 A/SEC
  OMGA(X-Z) =     1.000     0.000     0.000 RAD/S

 FTOTH(X-Z) =   -0.40142E+01    0.97158E+01   -0.98130E+01
 TTOTH(X-Z) =   -0.46994E+05    0.15677E+04   -0.13496E+04

     U(X-Z) =     0.000     0.000     0.000 A/SEC
  OMGA(X-Z) =     0.000     1.000     0.000 RAD/S

 FTOTH(X-Z) =   -0.83613E+01    0.56585E+01   -0.12233E+02
 TTOTH(X-Z) =    0.15738E+04   -0.51296E+05    0.56184E+04

     U(X-Z) =     0.000     0.000     0.000 A/SEC
  OMGA(X-Z) =     0.000     0.000     1.000 RAD/S

 FTOTH(X-Z) =    0.22200E+02    0.84316E+01   -0.18922E+01
 TTOTH(X-Z) =   -0.13546E+04    0.56233E+04   -0.43963E+05

 I,J,Ktt,Ktr,Krt,Krr=    1    1  0.2613E+02  0.4010E+01  0.4014E+01  0.4699E+05
 I,J,Ktt,Ktr,Krt,Krr=    1    2 -0.2374E-01 -0.9791E+01  0.8361E+01 -0.1574E+04
 I,J,Ktt,Ktr,Krt,Krr=    1    3  0.9708E-01  0.9848E+01 -0.2220E+02  0.1355E+04
 I,J,Ktt,Ktr,Krt,Krr=    2    1 -0.2391E-01  0.8370E+01 -0.9716E+01 -0.1568E+04
 I,J,Ktt,Ktr,Krt,Krr=    2    2  0.2712E+02 -0.5622E+01 -0.5658E+01  0.5130E+05
 I,J,Ktt,Ktr,Krt,Krr=    2    3 -0.9870E+00  0.1224E+02 -0.8432E+01 -0.5623E+04
 I,J,Ktt,Ktr,Krt,Krr=    3    1  0.9701E-01 -0.2229E+02  0.9813E+01  0.1350E+04
 I,J,Ktt,Ktr,Krt,Krr=    3    2 -0.9869E+00 -0.8366E+01  0.1223E+02 -0.5618E+04
 I,J,Ktt,Ktr,Krt,Krr=    3    3  0.2595E+02  0.1863E+01  0.1892E+01  0.4396E+05
  
  Friction Tensors in Center of Resistance
  
  Ktt Tensor (A)
    0.26130E+02   -0.23739E-01    0.97077E-01
   -0.23909E-01    0.27119E+02   -0.98697E+00
    0.97008E-01   -0.98693E+00    0.25952E+02
  
  Symmetric Krt Tensor (A^2)
    0.40120E+01    0.83656E+01   -0.22245E+02
   -0.97535E+01   -0.56401E+01   -0.83986E+01
    0.98307E+01    0.12238E+02    0.18777E+01
  
  Krr Tensor (A^3)
    0.46994E+05   -0.15738E+04    0.13546E+04
   -0.15677E+04    0.51296E+05   -0.56233E+04
    0.13496E+04   -0.56184E+04    0.43963E+05
  
 Raw Dtt tensor (no rot/trans coupling correction)
    0.38271E-01    0.28331E-04   -0.14208E-03
    0.28574E-04    0.36926E-01    0.14042E-02
   -0.14197E-03    0.14042E-02    0.38587E-01
  
 Raw Drr tensor (no rot/trans coupling correction)
    0.21316E-04    0.59034E-06   -0.58126E-06
    0.58794E-06    0.19788E-04    0.25130E-05
   -0.57922E-06    0.25107E-05    0.23085E-04
  
 Raw Dtt tensor, before CD transformation
    0.38271E-01    0.28335E-04   -0.14197E-03
    0.28586E-04    0.36926E-01    0.14012E-02
   -0.14204E-03    0.14048E-02    0.38605E-01
  
 Program finished at:                
 Elapsed time CPU_TIME:   378.57999999999998     
