 BEST ver.3.90 SFSU/ARAGON
  
 control gtensor value=   1.0000000000000000     
 true area (A^2)=    22585.881000000001     
 total area (A^2) =    20717.275556434692     
 centroid coords =    29.139017038007839        31.679051186835526        22.760326124945397     
  
 first few rows of gr matrix
   8.7603843601056823       -9.1186116134509887E-002  -1.7702591043502136        1.0103216754870130        9.7931318074075888E-002
  -9.1186116134510331E-002   11.002660062225990      -0.41423279934600254        9.7931318074075888E-002   1.4985147295100356     
  -1.7702591043502136      -0.41423279934600299        9.6709670029086183        9.5278228257372144E-002  0.46469484316551984     
  0.86132820289700018       0.12285432040728228        8.9927439354021393E-002   10.599031415646493       0.98394592752195020     
  0.12285432040728228        1.3106309485245893       0.36875600450342555       0.98394592752195043        11.787527716890359     
   8.9927439354021393E-002  0.36875600450342555        1.1383031592416379        1.8947935385695884      -0.88383081908354866     
  0.95121412962489094        5.0577096728605907E-002  0.21575506340344777        1.4982806772395183       -5.8296004096040722E-002
   5.0577096728605907E-002  0.92624330416493450       0.13763660196501529       -5.8296004096040722E-002   2.6235204612193455     
  0.21575506340344777       0.13763660196501529        1.6396750358493142        6.2833043054437154E-002 -0.49896874212304998     
 first few columns of gr matrix
   8.7603843601056823       -9.1186116134510331E-002  -1.7702591043502136       0.86132820289700018       0.12285432040728228     
  -9.1186116134509887E-002   11.002660062225990      -0.41423279934600299       0.12285432040728228        1.3106309485245893     
  -1.7702591043502136      -0.41423279934600254        9.6709670029086183        8.9927439354021393E-002  0.36875600450342555     
   1.0103216754870130        9.7931318074075888E-002   9.5278228257372144E-002   10.599031415646493       0.98394592752195043     
   9.7931318074075888E-002   1.4985147295100356       0.46469484316551984       0.98394592752195020        11.787527716890359     
   9.5278228257372144E-002  0.46469484316551984        1.4205131340684796        1.8947935385695889      -0.88383081908354910     
  0.59933458350505109        1.3226699038804579E-002  0.12197548217384444       0.82336187858748056       -7.0025831323568072E-002
   1.3226699038804579E-002  0.58009383331529873        5.8197832450121514E-002  -7.0025831323568072E-002   1.4516907945344615     
  0.12197548217384444        5.8197832450121514E-002   1.0901095225874695        2.8963340444964219E-002 -0.30300145385786631     
  
 about to enter dgetrf
 Just out of dgetrf:                 
  
  **** TRANSLATION/ROTATION FLOWS ****
     U(X-Z) =     1.000     0.000     0.000 A/SEC
  OMGA(X-Z) =     0.000     0.000     0.000 RAD/S

 FTOTH(X-Z) =   -0.26112E+02    0.26882E-01   -0.95437E-01
 TTOTH(X-Z) =   -0.39015E+01   -0.33087E+01    0.19881E+02

     U(X-Z) =     0.000     1.000     0.000 A/SEC
  OMGA(X-Z) =     0.000     0.000     0.000 RAD/S

 FTOTH(X-Z) =    0.26654E-01   -0.27096E+02    0.98781E+00
 TTOTH(X-Z) =    0.44322E+01    0.52655E+01    0.27447E+01

     U(X-Z) =     0.000     0.000     1.000 A/SEC
  OMGA(X-Z) =     0.000     0.000     0.000 RAD/S

 FTOTH(X-Z) =   -0.95388E-01    0.98795E+00   -0.25933E+02
 TTOTH(X-Z) =   -0.73051E+01   -0.67820E+01   -0.16237E+01

     U(X-Z) =     0.000     0.000     0.000 A/SEC
  OMGA(X-Z) =     1.000     0.000     0.000 RAD/S

 FTOTH(X-Z) =   -0.40127E+01    0.43948E+01   -0.73087E+01
 TTOTH(X-Z) =   -0.46913E+05    0.15497E+04   -0.13217E+04

     U(X-Z) =     0.000     0.000     0.000 A/SEC
  OMGA(X-Z) =     0.000     1.000     0.000 RAD/S

 FTOTH(X-Z) =   -0.32477E+01    0.53774E+01   -0.68387E+01
 TTOTH(X-Z) =    0.15520E+04   -0.51195E+05    0.56305E+04

     U(X-Z) =     0.000     0.000     0.000 A/SEC
  OMGA(X-Z) =     0.000     0.000     1.000 RAD/S

 FTOTH(X-Z) =    0.19787E+02    0.28149E+01   -0.16069E+01
 TTOTH(X-Z) =   -0.13206E+04    0.56327E+04   -0.43862E+05

 I,J,Ktt,Ktr,Krt,Krr=    1    1  0.2611E+02  0.3901E+01  0.4013E+01  0.4691E+05
 I,J,Ktt,Ktr,Krt,Krr=    1    2 -0.2665E-01 -0.4432E+01  0.3248E+01 -0.1552E+04
 I,J,Ktt,Ktr,Krt,Krr=    1    3  0.9539E-01  0.7305E+01 -0.1979E+02  0.1321E+04
 I,J,Ktt,Ktr,Krt,Krr=    2    1 -0.2688E-01  0.3309E+01 -0.4395E+01 -0.1550E+04
 I,J,Ktt,Ktr,Krt,Krr=    2    2  0.2710E+02 -0.5266E+01 -0.5377E+01  0.5120E+05
 I,J,Ktt,Ktr,Krt,Krr=    2    3 -0.9880E+00  0.6782E+01 -0.2815E+01 -0.5633E+04
 I,J,Ktt,Ktr,Krt,Krr=    3    1  0.9544E-01 -0.1988E+02  0.7309E+01  0.1322E+04
 I,J,Ktt,Ktr,Krt,Krr=    3    2 -0.9878E+00 -0.2745E+01  0.6839E+01 -0.5630E+04
 I,J,Ktt,Ktr,Krt,Krr=    3    3  0.2593E+02  0.1624E+01  0.1607E+01  0.4386E+05
  
  Friction Tensors in Center of Resistance
  
  Ktt Tensor (A)
    0.26112E+02   -0.26654E-01    0.95388E-01
   -0.26882E-01    0.27096E+02   -0.98795E+00
    0.95437E-01   -0.98781E+00    0.25933E+02
  
  Symmetric Krt Tensor (A^2)
    0.39571E+01    0.32782E+01   -0.19834E+02
   -0.44135E+01   -0.53215E+01   -0.27798E+01
    0.73069E+01    0.68103E+01    0.16153E+01
  
  Krr Tensor (A^3)
    0.46913E+05   -0.15520E+04    0.13206E+04
   -0.15497E+04    0.51195E+05   -0.56327E+04
    0.13217E+04   -0.56305E+04    0.43862E+05
  
 Raw Dtt tensor (no rot/trans coupling correction)
    0.38296E-01    0.32581E-04   -0.13962E-03
    0.32900E-04    0.36957E-01    0.14078E-02
   -0.13968E-03    0.14076E-02    0.38615E-01
  
 Raw Drr tensor (no rot/trans coupling correction)
    0.21351E-04    0.58484E-06   -0.56773E-06
    0.58377E-06    0.19829E-04    0.25288E-05
   -0.56845E-06    0.25278E-05    0.23140E-04
  
 Raw Dtt tensor, before CD transformation
    0.38296E-01    0.32520E-04   -0.14131E-03
    0.32902E-04    0.36957E-01    0.14071E-02
   -0.13973E-03    0.14081E-02    0.38628E-01
  
 Program finished at:                
 Elapsed time CPU_TIME:   288.58400000000000     
