 BEST ver.3.90 SFSU/ARAGON
  
 control gtensor value=   1.0000000000000000     
 true area (A^2)=    8226.4629999999997     
 total area (A^2) =    7786.2031569516475     
 centroid coords =    2.2668076471968108        20.038953201970422        12.767527680037523     
  
 first few rows of gr matrix
   7.4328002434521130       -2.8145447441997734E-002 -0.26905556241588174        1.1844722745350225       0.30290315964798464     
  -2.8145447441998150E-002   6.8004558649633289      -0.80522524982638122       0.30290315964798464       0.90318201597761794     
 -0.26905556241588152      -0.80522524982638144        5.2323813457080810       -2.6071356858094813E-003  -8.2468844390514210E-004
  0.94074763801187500       0.24507000511510496       -4.0878698857272442E-003   8.2861597655083976       -4.5278043234885830E-003
  0.24507000511510496       0.71699826950021461       -3.6966677531899265E-003  -4.5278043234876931E-003   8.0987282593797296     
  -4.0878698857272442E-003  -3.6966677531899265E-003  0.55377666288147687      -0.24421566942522743       -5.3350112606512068E-002
  0.67639540419159350       0.22744342259146688        4.0182733700886070E-002   2.1323216640866156      -0.25374236424445967     
  0.22744342259146688       0.76780364253119804        4.9206638739860385E-002 -0.25374236424445967        2.8660111399346220     
   4.0182733700886070E-002   4.9206638739860385E-002  0.49438290020164327      -0.17388292629971910       0.58311953375883341     
 first few columns of gr matrix
   7.4328002434521130       -2.8145447441998150E-002 -0.26905556241588152       0.94074763801187500       0.24507000511510496     
  -2.8145447441997734E-002   6.8004558649633289      -0.80522524982638144       0.24507000511510496       0.71699826950021461     
 -0.26905556241588174      -0.80522524982638122        5.2323813457080810       -4.0878698857272442E-003  -3.6966677531899265E-003
   1.1844722745350225       0.30290315964798464       -2.6071356858094813E-003   8.2861597655083976       -4.5278043234876931E-003
  0.30290315964798464       0.90318201597761794       -8.2468844390514210E-004  -4.5278043234885830E-003   8.0987282593797296     
  -2.6071356858094813E-003  -8.2468844390514210E-004  0.69603792097274797      -0.24421566942522743       -5.3350112606512123E-002
   1.2965812301226483       0.42798095786689311        7.3115466994780623E-002   3.1947482839312480      -0.34749175826150863     
  0.42798095786689311        1.4413083780647615       0.10061985674766843      -0.34749175826150863        4.4350300672099277     
   7.3115466994780623E-002  0.10061985674766843       0.94731010844423469      -0.21004963679501587       0.65075582719651504     
  
 about to enter dgetrf
 Just out of dgetrf:                 
  
  **** TRANSLATION/ROTATION FLOWS ****
     U(X-Z) =     1.000     0.000     0.000 A/SEC
  OMGA(X-Z) =     0.000     0.000     0.000 RAD/S

 FTOTH(X-Z) =   -0.18116E+02    0.25779E+00    0.17544E+00
 TTOTH(X-Z) =   -0.40896E+00    0.42051E+02   -0.36386E+02

     U(X-Z) =     0.000     1.000     0.000 A/SEC
  OMGA(X-Z) =     0.000     0.000     0.000 RAD/S

 FTOTH(X-Z) =    0.25793E+00   -0.17266E+02    0.10526E+01
 TTOTH(X-Z) =   -0.46271E+02    0.11834E+01    0.27264E+02

     U(X-Z) =     0.000     0.000     1.000 A/SEC
  OMGA(X-Z) =     0.000     0.000     0.000 RAD/S

 FTOTH(X-Z) =    0.17549E+00    0.10526E+01   -0.17590E+02
 TTOTH(X-Z) =    0.35331E+02   -0.23480E+02   -0.79803E+00

     U(X-Z) =     0.000     0.000     0.000 A/SEC
  OMGA(X-Z) =     1.000     0.000     0.000 RAD/S

 FTOTH(X-Z) =   -0.41659E+00   -0.46260E+02    0.35370E+02
 TTOTH(X-Z) =   -0.18578E+05    0.15467E+04    0.17936E+04

     U(X-Z) =     0.000     0.000     0.000 A/SEC
  OMGA(X-Z) =     0.000     1.000     0.000 RAD/S

 FTOTH(X-Z) =    0.42068E+02    0.12187E+01   -0.23530E+02
 TTOTH(X-Z) =    0.15438E+04   -0.14300E+05    0.46908E+04

     U(X-Z) =     0.000     0.000     0.000 A/SEC
  OMGA(X-Z) =     0.000     0.000     1.000 RAD/S

 FTOTH(X-Z) =   -0.36476E+02    0.27278E+02   -0.80239E+00
 TTOTH(X-Z) =    0.17922E+04    0.46861E+04   -0.15518E+05

 I,J,Ktt,Ktr,Krt,Krr=    1    1  0.1812E+02  0.4090E+00  0.4166E+00  0.1858E+05
 I,J,Ktt,Ktr,Krt,Krr=    1    2 -0.2579E+00  0.4627E+02 -0.4207E+02 -0.1544E+04
 I,J,Ktt,Ktr,Krt,Krr=    1    3 -0.1755E+00 -0.3533E+02  0.3648E+02 -0.1792E+04
 I,J,Ktt,Ktr,Krt,Krr=    2    1 -0.2578E+00 -0.4205E+02  0.4626E+02 -0.1547E+04
 I,J,Ktt,Ktr,Krt,Krr=    2    2  0.1727E+02 -0.1183E+01 -0.1219E+01  0.1430E+05
 I,J,Ktt,Ktr,Krt,Krr=    2    3 -0.1053E+01  0.2348E+02 -0.2728E+02 -0.4686E+04
 I,J,Ktt,Ktr,Krt,Krr=    3    1 -0.1754E+00  0.3639E+02 -0.3537E+02 -0.1794E+04
 I,J,Ktt,Ktr,Krt,Krr=    3    2 -0.1053E+01 -0.2726E+02  0.2353E+02 -0.4691E+04
 I,J,Ktt,Ktr,Krt,Krr=    3    3  0.1759E+02  0.7980E+00  0.8024E+00  0.1552E+05
  
  Friction Tensors in Center of Resistance
  
  Ktt Tensor (A)
    0.18116E+02   -0.25793E+00   -0.17549E+00
   -0.25779E+00    0.17266E+02   -0.10526E+01
   -0.17544E+00   -0.10526E+01    0.17590E+02
  
  Symmetric Krt Tensor (A^2)
    0.41278E+00   -0.42060E+02    0.36431E+02
    0.46265E+02   -0.12010E+01   -0.27271E+02
   -0.35351E+02    0.23505E+02    0.80021E+00
  
  Krr Tensor (A^3)
    0.18578E+05   -0.15438E+04   -0.17922E+04
   -0.15467E+04    0.14300E+05   -0.46861E+04
   -0.17936E+04   -0.46908E+04    0.15518E+05
  
 Raw Dtt tensor (no rot/trans coupling correction)
    0.55218E-01    0.86158E-03    0.60242E-03
    0.86113E-03    0.58141E-01    0.34877E-02
    0.60226E-03    0.34877E-02    0.57064E-01
  
 Raw Drr tensor (no rot/trans coupling correction)
    0.55455E-04    0.89772E-05    0.91154E-05
    0.89891E-05    0.79075E-04    0.24916E-04
    0.91267E-05    0.24940E-04    0.73024E-04
  
 Raw Dtt tensor, before CD transformation
    0.55216E-01    0.84737E-03    0.36999E-03
    0.85852E-03    0.58126E-01    0.32402E-02
    0.60603E-03    0.35096E-02    0.57421E-01
  
 Program finished at:                
 Elapsed time CPU_TIME:   83.439999999999998     
