 BEST ver.3.90 SFSU/ARAGON
  
 control gtensor value=   1.0000000000000000     
 true area (A^2)=    8226.4629999999997     
 total area (A^2) =    7849.0749519924948     
 centroid coords =    2.1777444026509074        20.149699623858123        12.606654934622988     
  
 first few rows of gr matrix
   7.4029716923857416       -2.8032497021050762E-002 -0.26797581624750150       0.70785423948401893       0.17672255326580361     
  -2.8032497021050318E-002   6.7731649734556036      -0.80199380249863328       0.17672255326580361       0.53542663792140499     
 -0.26797581624750144      -0.80199380249863350        5.2113832899206027        3.5640485508583493E-004   8.8581705866571715E-004
   1.3104786994475670       0.35195894821667267        2.0866051983601218E-003   5.2628556925837477      -0.26844327540166840     
  0.35195894821667267        1.0644653605373664       -1.4822573634169789E-003 -0.26844327540166846        5.2028461952843319     
   2.0866051983601218E-003  -1.4822573634169789E-003  0.79497251055690721        3.3202905791949483E-002  0.16525233570598513     
  0.96489248099079283       0.28125785747959003        6.9463395704894995E-003   1.9166412640867130       0.31847969043127666     
  0.28125785747959003       0.82970984851089891        4.3713379502279487E-003  0.31847969043127666        2.0427852985478547     
   6.9463395704894995E-003   4.3713379502279487E-003  0.59996797081186981        2.2474037997091596E-002   4.9797947692163454E-002
 first few columns of gr matrix
   7.4029716923857416       -2.8032497021050318E-002 -0.26797581624750144        1.3104786994475670       0.35195894821667267     
  -2.8032497021050762E-002   6.7731649734556036      -0.80199380249863350       0.35195894821667267        1.0644653605373664     
 -0.26797581624750150      -0.80199380249863328        5.2113832899206027        2.0866051983601218E-003  -1.4822573634169789E-003
  0.70785423948401893       0.17672255326580361        3.5640485508583493E-004   5.2628556925837477      -0.26844327540166846     
  0.17672255326580361       0.53542663792140499        8.8581705866571715E-004 -0.26844327540166840        5.2028461952843319     
   3.5640485508583493E-004   8.8581705866571715E-004  0.41449751021239228        3.3202905791949483E-002  0.16525233570598519     
  0.61252842510264227       0.16431914727574001        3.8711930156760895E-003   2.2019013683609692       0.34265743995150322     
  0.16431914727574001       0.48943055007019060        3.1876762889757248E-003  0.34265743995150322        2.1595727623252441     
   3.8711930156760895E-003   3.1876762889757248E-003  0.36744040784362764        3.7783400325239726E-002   6.1231536711640652E-002
  
 about to enter dgetrf
 Just out of dgetrf:                 
  
  **** TRANSLATION/ROTATION FLOWS ****
     U(X-Z) =     1.000     0.000     0.000 A/SEC
  OMGA(X-Z) =     0.000     0.000     0.000 RAD/S

 FTOTH(X-Z) =   -0.18156E+02    0.26097E+00    0.17456E+00
 TTOTH(X-Z) =   -0.44397E+00    0.39247E+02   -0.38663E+02

     U(X-Z) =     0.000     1.000     0.000 A/SEC
  OMGA(X-Z) =     0.000     0.000     0.000 RAD/S

 FTOTH(X-Z) =    0.26100E+00   -0.17299E+02    0.10557E+01
 TTOTH(X-Z) =   -0.44090E+02    0.10428E+01    0.26224E+02

     U(X-Z) =     0.000     0.000     1.000 A/SEC
  OMGA(X-Z) =     0.000     0.000     0.000 RAD/S

 FTOTH(X-Z) =    0.17457E+00    0.10557E+01   -0.17627E+02
 TTOTH(X-Z) =    0.37524E+02   -0.22197E+02   -0.62092E+00

     U(X-Z) =     0.000     0.000     0.000 A/SEC
  OMGA(X-Z) =     1.000     0.000     0.000 RAD/S

 FTOTH(X-Z) =   -0.43653E+00   -0.44094E+02    0.37591E+02
 TTOTH(X-Z) =   -0.18696E+05    0.15473E+04    0.17949E+04

     U(X-Z) =     0.000     0.000     0.000 A/SEC
  OMGA(X-Z) =     0.000     1.000     0.000 RAD/S

 FTOTH(X-Z) =    0.39239E+02    0.10738E+01   -0.22160E+02
 TTOTH(X-Z) =    0.15459E+04   -0.14357E+05    0.47192E+04

     U(X-Z) =     0.000     0.000     0.000 A/SEC
  OMGA(X-Z) =     0.000     0.000     1.000 RAD/S

 FTOTH(X-Z) =   -0.38737E+02    0.26176E+02   -0.64847E+00
 TTOTH(X-Z) =    0.17964E+04    0.47196E+04   -0.15614E+05

 I,J,Ktt,Ktr,Krt,Krr=    1    1  0.1816E+02  0.4440E+00  0.4365E+00  0.1870E+05
 I,J,Ktt,Ktr,Krt,Krr=    1    2 -0.2610E+00  0.4409E+02 -0.3924E+02 -0.1546E+04
 I,J,Ktt,Ktr,Krt,Krr=    1    3 -0.1746E+00 -0.3752E+02  0.3874E+02 -0.1796E+04
 I,J,Ktt,Ktr,Krt,Krr=    2    1 -0.2610E+00 -0.3925E+02  0.4409E+02 -0.1547E+04
 I,J,Ktt,Ktr,Krt,Krr=    2    2  0.1730E+02 -0.1043E+01 -0.1074E+01  0.1436E+05
 I,J,Ktt,Ktr,Krt,Krr=    2    3 -0.1056E+01  0.2220E+02 -0.2618E+02 -0.4720E+04
 I,J,Ktt,Ktr,Krt,Krr=    3    1 -0.1746E+00  0.3866E+02 -0.3759E+02 -0.1795E+04
 I,J,Ktt,Ktr,Krt,Krr=    3    2 -0.1056E+01 -0.2622E+02  0.2216E+02 -0.4719E+04
 I,J,Ktt,Ktr,Krt,Krr=    3    3  0.1763E+02  0.6209E+00  0.6485E+00  0.1561E+05
  
  Friction Tensors in Center of Resistance
  
  Ktt Tensor (A)
    0.18156E+02   -0.26100E+00   -0.17457E+00
   -0.26097E+00    0.17299E+02   -0.10557E+01
   -0.17456E+00   -0.10557E+01    0.17627E+02
  
  Symmetric Krt Tensor (A^2)
    0.44025E+00   -0.39243E+02    0.38700E+02
    0.44092E+02   -0.10583E+01   -0.26200E+02
   -0.37558E+02    0.22179E+02    0.63469E+00
  
  Krr Tensor (A^3)
    0.18696E+05   -0.15459E+04   -0.17964E+04
   -0.15473E+04    0.14357E+05   -0.47196E+04
   -0.17949E+04   -0.47192E+04    0.15614E+05
  
 Raw Dtt tensor (no rot/trans coupling correction)
    0.55095E-01    0.86770E-03    0.59761E-03
    0.86762E-03    0.58031E-01    0.34842E-02
    0.59756E-03    0.34843E-02    0.56945E-01
  
 Raw Drr tensor (no rot/trans coupling correction)
    0.55090E-04    0.88996E-05    0.90285E-05
    0.89037E-05    0.78776E-04    0.24836E-04
    0.90240E-05    0.24833E-04    0.72591E-04
  
 Raw Dtt tensor, before CD transformation
    0.55093E-01    0.85512E-03    0.39205E-03
    0.86508E-03    0.58016E-01    0.32423E-02
    0.60144E-03    0.35069E-02    0.57315E-01
  
 Program finished at:                
 Elapsed time CPU_TIME:   237.75999999999999     
