 BEST ver.3.90 SFSU/ARAGON
  
 control gtensor value=   1.0000000000000000     
 true area (A^2)=    8226.4629999999997     
 total area (A^2) =    7844.4615241484917     
 centroid coords =    2.3692655334114909        20.240395271590412        12.644555685814762     
  
 first few rows of gr matrix
   7.4051482634378232       -2.8040738943898302E-002 -0.26805460466228109       0.92510353674988555       0.13373667406061471     
  -2.8040738943898719E-002   6.7751563730481976      -0.80222959922554327       0.13373667406061471        1.4876588479313062     
 -0.26805460466228087      -0.80222959922554327        5.2129155051554390        7.1837685031594600E-002  0.35562330180323626     
  0.42724191032117004        5.0674327641417639E-002   2.8742270950541288E-002   10.440066127403158      -0.39209858433090672     
   5.0674327641417639E-002  0.71431603566560853       0.17272829878764701      -0.39209858433090672        7.1009163824235477     
   2.8742270950541288E-002  0.17272829878764701       0.51605601734484841      -0.37285150279038526      -0.25817136258238604     
  0.36250437553976433        6.6295382792529250E-002   4.9327226422932788E-002   4.1049701892771706       0.53125023941472671     
   6.6295382792529250E-002  0.53906424355517546       0.14963289518946879       0.53125023941472671        3.4340719013393777     
   4.9327226422932788E-002  0.14963289518946879       0.45123568752934901       0.48457396820186383       0.58111194085872353     
 first few columns of gr matrix
   7.4051482634378232       -2.8040738943898719E-002 -0.26805460466228087       0.42724191032117004        5.0674327641417639E-002
  -2.8040738943898302E-002   6.7751563730481976      -0.80222959922554327        5.0674327641417639E-002  0.71431603566560853     
 -0.26805460466228109      -0.80222959922554327        5.2129155051554390        2.8742270950541288E-002  0.17272829878764701     
  0.92510353674988555       0.13373667406061471        7.1837685031594600E-002   10.440066127403158      -0.39209858433090672     
  0.13373667406061471        1.4876588479313062       0.35562330180323626      -0.39209858433090672        7.1009163824235477     
   7.1837685031594600E-002  0.35562330180323626        1.1023854639020529      -0.37285150279038515      -0.25817136258238604     
  0.69199589395530747       0.14054121243605916        9.4214892348051429E-002   3.6895473600919511       0.25382556103779036     
  0.14054121243605916        1.0047008196006566       0.26813504551447376       0.25382556103779036        2.6280263426442607     
   9.4214892348051429E-002  0.26813504551447376       0.83395616367367098       0.55199636732743795       0.26505699438915903     
  
 about to enter dgetrf
 Just out of dgetrf:                 
  
  **** TRANSLATION/ROTATION FLOWS ****
     U(X-Z) =     1.000     0.000     0.000 A/SEC
  OMGA(X-Z) =     0.000     0.000     0.000 RAD/S

 FTOTH(X-Z) =   -0.18150E+02    0.26244E+00    0.17494E+00
 TTOTH(X-Z) =   -0.47282E+00    0.40000E+02   -0.40526E+02

     U(X-Z) =     0.000     1.000     0.000 A/SEC
  OMGA(X-Z) =     0.000     0.000     0.000 RAD/S

 FTOTH(X-Z) =    0.26249E+00   -0.17292E+02    0.10550E+01
 TTOTH(X-Z) =   -0.44799E+02    0.12501E+01    0.29516E+02

     U(X-Z) =     0.000     0.000     1.000 A/SEC
  OMGA(X-Z) =     0.000     0.000     0.000 RAD/S

 FTOTH(X-Z) =    0.17503E+00    0.10551E+01   -0.17619E+02
 TTOTH(X-Z) =    0.39158E+02   -0.25354E+02   -0.80202E+00

     U(X-Z) =     0.000     0.000     0.000 A/SEC
  OMGA(X-Z) =     1.000     0.000     0.000 RAD/S

 FTOTH(X-Z) =   -0.43661E+00   -0.44824E+02    0.39222E+02
 TTOTH(X-Z) =   -0.18691E+05    0.15580E+04    0.18086E+04

     U(X-Z) =     0.000     0.000     0.000 A/SEC
  OMGA(X-Z) =     0.000     1.000     0.000 RAD/S

 FTOTH(X-Z) =    0.40004E+02    0.12603E+01   -0.25345E+02
 TTOTH(X-Z) =    0.15553E+04   -0.14351E+05    0.47207E+04

     U(X-Z) =     0.000     0.000     0.000 A/SEC
  OMGA(X-Z) =     0.000     0.000     1.000 RAD/S

 FTOTH(X-Z) =   -0.40619E+02    0.29492E+02   -0.81722E+00
 TTOTH(X-Z) =    0.18083E+04    0.47199E+04   -0.15625E+05

 I,J,Ktt,Ktr,Krt,Krr=    1    1  0.1815E+02  0.4728E+00  0.4366E+00  0.1869E+05
 I,J,Ktt,Ktr,Krt,Krr=    1    2 -0.2625E+00  0.4480E+02 -0.4000E+02 -0.1555E+04
 I,J,Ktt,Ktr,Krt,Krr=    1    3 -0.1750E+00 -0.3916E+02  0.4062E+02 -0.1808E+04
 I,J,Ktt,Ktr,Krt,Krr=    2    1 -0.2624E+00 -0.4000E+02  0.4482E+02 -0.1558E+04
 I,J,Ktt,Ktr,Krt,Krr=    2    2  0.1729E+02 -0.1250E+01 -0.1260E+01  0.1435E+05
 I,J,Ktt,Ktr,Krt,Krr=    2    3 -0.1055E+01  0.2535E+02 -0.2949E+02 -0.4720E+04
 I,J,Ktt,Ktr,Krt,Krr=    3    1 -0.1749E+00  0.4053E+02 -0.3922E+02 -0.1809E+04
 I,J,Ktt,Ktr,Krt,Krr=    3    2 -0.1055E+01 -0.2952E+02  0.2535E+02 -0.4721E+04
 I,J,Ktt,Ktr,Krt,Krr=    3    3  0.1762E+02  0.8020E+00  0.8172E+00  0.1563E+05
  
  Friction Tensors in Center of Resistance
  
  Ktt Tensor (A)
    0.18150E+02   -0.26249E+00   -0.17503E+00
   -0.26244E+00    0.17292E+02   -0.10551E+01
   -0.17494E+00   -0.10550E+01    0.17619E+02
  
  Symmetric Krt Tensor (A^2)
    0.45471E+00   -0.40002E+02    0.40573E+02
    0.44812E+02   -0.12552E+01   -0.29504E+02
   -0.39190E+02    0.25349E+02    0.80962E+00
  
  Krr Tensor (A^3)
    0.18691E+05   -0.15553E+04   -0.18083E+04
   -0.15580E+04    0.14351E+05   -0.47199E+04
   -0.18086E+04   -0.47207E+04    0.15625E+05
  
 Raw Dtt tensor (no rot/trans coupling correction)
    0.55114E-01    0.87320E-03    0.59978E-03
    0.87304E-03    0.58055E-01    0.34850E-02
    0.59950E-03    0.34847E-02    0.56970E-01
  
 Raw Drr tensor (no rot/trans coupling correction)
    0.55129E-04    0.89641E-05    0.90880E-05
    0.89758E-05    0.78829E-04    0.24851E-04
    0.90932E-05    0.24854E-04    0.72560E-04
  
 Raw Dtt tensor, before CD transformation
    0.55112E-01    0.85878E-03    0.36407E-03
    0.87032E-03    0.58039E-01    0.32263E-02
    0.60404E-03    0.35112E-02    0.57402E-01
  
 Program finished at:                
 Elapsed time CPU_TIME:   183.70399999999998     
