 BEST ver.3.90 SFSU/ARAGON
  
 control gtensor value=   1.0000000000000000     
 true area (A^2)=    8226.4629999999997     
 total area (A^2) =    7679.9881318451262     
 centroid coords =    2.0517463841237795        20.082871005718136        12.868128321560688     
  
 first few rows of gr matrix
   7.4840219468314517       -2.8339406342159701E-002 -0.27090970671671583        1.2008536478155420       0.30709234147411918     
  -2.8339406342159701E-002   6.8473198895234262      -0.81077430368888770       0.30709234147411918       0.91567311607516144     
 -0.27090970671671583      -0.81077430368888770        5.2684392884051885       -2.6431926402696272E-003  -8.3609396983442999E-004
  0.95375827452262774       0.24845934847075729       -4.1444055463416857E-003   8.3432622307652231       -4.5590068100918001E-003
  0.24845934847075729       0.72691442925058181       -3.7477930481089900E-003  -4.5590068100918001E-003   8.1545390767116270     
  -4.1444055463416857E-003  -3.7477930481089900E-003  0.56143545103864445      -0.24589863441421722       -5.3717764575309426E-002
  0.68575002214213987       0.23058898849940021        4.0738465037395637E-002   2.1618118918315101      -0.25725164721810367     
  0.23058898849940021       0.77842244581165743        4.9887171610411292E-002 -0.25725164721810367        2.9056483685289685     
   4.0738465037395637E-002   4.9887171610411292E-002  0.50122026651727769      -0.17628774503973182       0.59118413683569260     
 first few columns of gr matrix
   7.4840219468314517       -2.8339406342159701E-002 -0.27090970671671583       0.95375827452262774       0.24845934847075729     
  -2.8339406342159701E-002   6.8473198895234262      -0.81077430368888770       0.24845934847075729       0.72691442925058181     
 -0.27090970671671583      -0.81077430368888770        5.2684392884051885       -4.1444055463416857E-003  -3.7477930481089900E-003
   1.2008536478155420       0.30709234147411918       -2.6431926402696272E-003   8.3432622307652231       -4.5590068100918001E-003
  0.30709234147411918       0.91567311607516144       -8.3609396983442999E-004  -4.5590068100918001E-003   8.1545390767116270     
  -2.6431926402696272E-003  -8.3609396983442999E-004  0.70566419694896487      -0.24589863441421722       -5.3717764575309482E-002
   1.3145130817799555       0.43389997849616407        7.4126661417116241E-002   3.2389319810101256      -0.35229760498866602     
  0.43389997849616407        1.4612418210511642       0.10201143970680769      -0.35229760498866602        4.4963669888105748     
   7.4126661417116241E-002  0.10201143970680769       0.96041150459546631      -0.21295464485789131       0.65975584716233848     
  
 about to enter dgetrf
 Just out of dgetrf:                 
  
