 BEST ver.3.90 SFSU/ARAGON
  
 control gtensor value=   1.0000000000000000     
 true area (A^2)=    8226.4629999999997     
 total area (A^2) =    7724.9185052426519     
 centroid coords =    2.4187749855574792        20.312876949740058        13.094866406701311     
  
 first few rows of gr matrix
   7.4622255826479815       -2.8256871038849496E-002 -0.27012071295502210        1.1938691336416360       0.30530620307530143     
  -2.8256871038849052E-002   6.8273778477906468      -0.80841301558479661       0.30530620307530143       0.91034729483997068     
 -0.27012071295502199      -0.80841301558479595        5.2530955571568843       -2.6278190629031974E-003  -8.3123100406526026E-004
  0.94821093892598485       0.24701423661704333       -4.1203004779733540E-003   8.3189634268130366       -4.5457292203868981E-003
  0.24701423661704333       0.72268648345256115       -3.7259947934147682E-003  -4.5457292203868963E-003   8.1307899075179755     
  -4.1203004779733540E-003  -3.7259947934147682E-003  0.55816997911985800      -0.24518248256084624       -5.3561317685103652E-002
  0.68176150051161344       0.22924781585821219        4.0501518272904775E-002   2.1492381649437378      -0.25575539679697157     
  0.22924781585821219       0.77389491440435410        4.9597013306905260E-002 -0.25575539679697157        2.8887482722921813     
   4.0501518272904775E-002   4.9597013306905260E-002  0.49830502362976364      -0.17526240422808712       0.58774563790567735     
 first few columns of gr matrix
   7.4622255826479815       -2.8256871038849052E-002 -0.27012071295502199       0.94821093892598485       0.24701423661704333     
  -2.8256871038849496E-002   6.8273778477906468      -0.80841301558479595       0.24701423661704333       0.72268648345256115     
 -0.27012071295502210      -0.80841301558479661        5.2530955571568843       -4.1203004779733540E-003  -3.7259947934147682E-003
   1.1938691336416360       0.30530620307530143       -2.6278190629031974E-003   8.3189634268130366       -4.5457292203868963E-003
  0.30530620307530143       0.91034729483997068       -8.3123100406526026E-004  -4.5457292203868981E-003   8.1307899075179755     
  -2.6278190629031974E-003  -8.3123100406526026E-004  0.70155984868423338      -0.24518248256084624       -5.3561317685103638E-002
   1.3068674912717537       0.43137628998892841        7.3695519189023881E-002   3.2200934103226455      -0.35024853962591235     
  0.43137628998892841        1.4527428135083196       0.10141811149580655      -0.35024853962591235        4.4702148102986010     
   7.3695519189023881E-002  0.10141811149580655       0.95482547187713118      -0.21171603868959146       0.65591851521584621     
  
 about to enter dgetrf
 Just out of dgetrf:                 
  
  **** TRANSLATION/ROTATION FLOWS ****
     U(X-Z) =     1.000     0.000     0.000 A/SEC
  OMGA(X-Z) =     0.000     0.000     0.000 RAD/S

 FTOTH(X-Z) =   -0.18080E+02    0.25628E+00    0.17091E+00
 TTOTH(X-Z) =   -0.42716E+00    0.47579E+02   -0.40615E+02

     U(X-Z) =     0.000     1.000     0.000 A/SEC
  OMGA(X-Z) =     0.000     0.000     0.000 RAD/S

 FTOTH(X-Z) =    0.25614E+00   -0.17229E+02    0.10528E+01
 TTOTH(X-Z) =   -0.51714E+02    0.12366E+01    0.29720E+02

     U(X-Z) =     0.000     0.000     1.000 A/SEC
  OMGA(X-Z) =     0.000     0.000     0.000 RAD/S

 FTOTH(X-Z) =    0.17105E+00    0.10527E+01   -0.17551E+02
 TTOTH(X-Z) =    0.39980E+02   -0.25898E+02   -0.83179E+00

     U(X-Z) =     0.000     0.000     0.000 A/SEC
  OMGA(X-Z) =     1.000     0.000     0.000 RAD/S

 FTOTH(X-Z) =   -0.38397E+00   -0.51807E+02    0.39980E+02
 TTOTH(X-Z) =   -0.18505E+05    0.15500E+04    0.18011E+04

     U(X-Z) =     0.000     0.000     0.000 A/SEC
  OMGA(X-Z) =     0.000     1.000     0.000 RAD/S

 FTOTH(X-Z) =    0.47740E+02    0.12199E+01   -0.25869E+02
 TTOTH(X-Z) =    0.15466E+04   -0.14263E+05    0.46905E+04

     U(X-Z) =     0.000     0.000     0.000 A/SEC
  OMGA(X-Z) =     0.000     0.000     1.000 RAD/S

 FTOTH(X-Z) =   -0.40714E+02    0.29697E+02   -0.83202E+00
 TTOTH(X-Z) =    0.17980E+04    0.46916E+04   -0.15472E+05

 I,J,Ktt,Ktr,Krt,Krr=    1    1  0.1808E+02  0.4272E+00  0.3840E+00  0.1851E+05
 I,J,Ktt,Ktr,Krt,Krr=    1    2 -0.2561E+00  0.5171E+02 -0.4774E+02 -0.1547E+04
 I,J,Ktt,Ktr,Krt,Krr=    1    3 -0.1711E+00 -0.3998E+02  0.4071E+02 -0.1798E+04
 I,J,Ktt,Ktr,Krt,Krr=    2    1 -0.2563E+00 -0.4758E+02  0.5181E+02 -0.1550E+04
 I,J,Ktt,Ktr,Krt,Krr=    2    2  0.1723E+02 -0.1237E+01 -0.1220E+01  0.1426E+05
 I,J,Ktt,Ktr,Krt,Krr=    2    3 -0.1053E+01  0.2590E+02 -0.2970E+02 -0.4692E+04
 I,J,Ktt,Ktr,Krt,Krr=    3    1 -0.1709E+00  0.4062E+02 -0.3998E+02 -0.1801E+04
 I,J,Ktt,Ktr,Krt,Krr=    3    2 -0.1053E+01 -0.2972E+02  0.2587E+02 -0.4690E+04
 I,J,Ktt,Ktr,Krt,Krr=    3    3  0.1755E+02  0.8318E+00  0.8320E+00  0.1547E+05
  
  Friction Tensors in Center of Resistance
  
  Ktt Tensor (A)
    0.18080E+02   -0.25614E+00   -0.17105E+00
   -0.25628E+00    0.17229E+02   -0.10527E+01
   -0.17091E+00   -0.10528E+01    0.17551E+02
  
  Symmetric Krt Tensor (A^2)
    0.40557E+00   -0.47660E+02    0.40665E+02
    0.51761E+02   -0.12282E+01   -0.29708E+02
   -0.39980E+02    0.25884E+02    0.83191E+00
  
  Krr Tensor (A^3)
    0.18505E+05   -0.15466E+04   -0.17980E+04
   -0.15500E+04    0.14263E+05   -0.46916E+04
   -0.18011E+04   -0.46905E+04    0.15472E+05
  
 Raw Dtt tensor (no rot/trans coupling correction)
    0.55327E-01    0.85865E-03    0.59073E-03
    0.85909E-03    0.58270E-01    0.35033E-02
    0.59031E-03    0.35037E-02    0.57194E-01
  
 Raw Drr tensor (no rot/trans coupling correction)
    0.55697E-04    0.90727E-05    0.92234E-05
    0.90922E-05    0.79359E-04    0.25121E-04
    0.92400E-05    0.25114E-04    0.73321E-04
  
 Raw Dtt tensor, before CD transformation
    0.55324E-01    0.84116E-03    0.30518E-03
    0.85581E-03    0.58250E-01    0.31860E-02
    0.59486E-03    0.35306E-02    0.57634E-01
  
 Program finished at:                
 Elapsed time CPU_TIME:   51.328000000000003     
