 BEST ver.3.90 SFSU/ARAGON
  
 control gtensor value=   1.0000000000000000     
 true area (A^2)=    15156.133000000000     
 total area (A^2) =    14138.374115114273     
 centroid coords =    6.2154933135215442       -1.0906554399867430E-002   33.251023113752609     
  
 first few rows of gr matrix
   9.6777871075325752       0.11144822111917785       0.62835429624153505       0.57560171251308812       0.15750991917764792     
  0.11144822111917763        8.7860515707648172       -1.4931093625953307       0.15750991917764792       0.83824797043181987     
  0.62835429624153472       -1.4931093625953307        7.6864462952771353        7.7127188749530118E-002  0.15428430721953451     
  0.67993223021728910       0.17151955370602648        9.6891817139553887E-002   7.3117772128289156      -0.80911568339178563     
  0.17151955370602648       0.99445156706557636       0.21139826601654060      -0.80911568339178541        7.5658362509156216     
   9.6891817139553887E-002  0.21139826601654060       0.71724044056374903      -0.52885580445203484       -1.4368564951613290     
  0.82311387060434238       0.16712738077209938       0.23072695586416328        1.3435659530690016      -0.35964172314546849     
  0.16712738077209938       0.77053069284411013       0.19395539830287656      -0.35964172314546849        1.8788012125597178     
  0.23072695586416328       0.19395539830287656       0.88866605571980983       0.19843598120275072      -0.41444959770059225     
 first few columns of gr matrix
   9.6777871075325752       0.11144822111917763       0.62835429624153472       0.67993223021728910       0.17151955370602648     
  0.11144822111917785        8.7860515707648172       -1.4931093625953307       0.17151955370602648       0.99445156706557636     
  0.62835429624153505       -1.4931093625953307        7.6864462952771353        9.6891817139553887E-002  0.21139826601654060     
  0.57560171251308812       0.15750991917764792        7.7127188749530118E-002   7.3117772128289156      -0.80911568339178541     
  0.15750991917764792       0.83824797043181987       0.15428430721953451      -0.80911568339178563        7.5658362509156216     
   7.7127188749530118E-002  0.15428430721953451       0.58003548107512504      -0.52885580445203439       -1.4368564951613281     
  0.45873008972308743        9.1961982411213630E-002  0.13171011573743524       0.85119103262424400      -0.22521613881846217     
   9.1961982411213630E-002  0.41084436949704811       0.10153637639243894      -0.22521613881846217        1.1460207677585557     
  0.13171011573743524       0.10153637639243894       0.48586770464252937       0.12925079203513065      -0.23555666996066568     
  
 about to enter dgetrf
 Just out of dgetrf:                 
  
  **** TRANSLATION/ROTATION FLOWS ****
     U(X-Z) =     1.000     0.000     0.000 A/SEC
  OMGA(X-Z) =     0.000     0.000     0.000 RAD/S

 FTOTH(X-Z) =   -0.22443E+02    0.48949E-01   -0.24966E+00
 TTOTH(X-Z) =    0.72514E-01   -0.75518E+00    0.58072E+00

     U(X-Z) =     0.000     1.000     0.000 A/SEC
  OMGA(X-Z) =     0.000     0.000     0.000 RAD/S

 FTOTH(X-Z) =    0.48903E-01   -0.23150E+02   -0.19012E+00
 TTOTH(X-Z) =    0.80890E+00   -0.36255E+00   -0.14456E+01

     U(X-Z) =     0.000     0.000     1.000 A/SEC
  OMGA(X-Z) =     0.000     0.000     0.000 RAD/S

 FTOTH(X-Z) =   -0.24975E+00   -0.19001E+00   -0.21319E+02
 TTOTH(X-Z) =   -0.62680E+00    0.27863E+01    0.35011E+00

     U(X-Z) =     0.000     0.000     0.000 A/SEC
  OMGA(X-Z) =     1.000     0.000     0.000 RAD/S

 FTOTH(X-Z) =    0.51907E-01    0.75726E+00   -0.66048E+00
 TTOTH(X-Z) =   -0.29989E+05    0.21299E+03   -0.17176E+04

     U(X-Z) =     0.000     0.000     0.000 A/SEC
  OMGA(X-Z) =     0.000     1.000     0.000 RAD/S

 FTOTH(X-Z) =   -0.70669E+00   -0.37720E+00    0.28060E+01
 TTOTH(X-Z) =    0.21399E+03   -0.31014E+05   -0.93679E+03

     U(X-Z) =     0.000     0.000     0.000 A/SEC
  OMGA(X-Z) =     0.000     0.000     1.000 RAD/S

 FTOTH(X-Z) =    0.54743E+00   -0.15349E+01    0.32767E+00
 TTOTH(X-Z) =   -0.17200E+04   -0.93580E+03   -0.22331E+05

 I,J,Ktt,Ktr,Krt,Krr=    1    1  0.2244E+02 -0.7251E-01 -0.5191E-01  0.2999E+05
 I,J,Ktt,Ktr,Krt,Krr=    1    2 -0.4890E-01 -0.8089E+00  0.7067E+00 -0.2140E+03
 I,J,Ktt,Ktr,Krt,Krr=    1    3  0.2497E+00  0.6268E+00 -0.5474E+00  0.1720E+04
 I,J,Ktt,Ktr,Krt,Krr=    2    1 -0.4895E-01  0.7552E+00 -0.7573E+00 -0.2130E+03
 I,J,Ktt,Ktr,Krt,Krr=    2    2  0.2315E+02  0.3626E+00  0.3772E+00  0.3101E+05
 I,J,Ktt,Ktr,Krt,Krr=    2    3  0.1900E+00 -0.2786E+01  0.1535E+01  0.9358E+03
 I,J,Ktt,Ktr,Krt,Krr=    3    1  0.2497E+00 -0.5807E+00  0.6605E+00  0.1718E+04
 I,J,Ktt,Ktr,Krt,Krr=    3    2  0.1901E+00  0.1446E+01 -0.2806E+01  0.9368E+03
 I,J,Ktt,Ktr,Krt,Krr=    3    3  0.2132E+02 -0.3501E+00 -0.3277E+00  0.2233E+05
  
  Friction Tensors in Center of Resistance
  
  Ktt Tensor (A)
    0.22443E+02   -0.48903E-01    0.24975E+00
   -0.48949E-01    0.23150E+02    0.19001E+00
    0.24966E+00    0.19012E+00    0.21319E+02
  
  Symmetric Krt Tensor (A^2)
   -0.62211E-01    0.73093E+00   -0.56408E+00
   -0.78308E+00    0.36988E+00    0.14902E+01
    0.64364E+00   -0.27961E+01   -0.33889E+00
  
  Krr Tensor (A^3)
    0.29989E+05   -0.21399E+03    0.17200E+04
   -0.21299E+03    0.31014E+05    0.93580E+03
    0.17176E+04    0.93679E+03    0.22331E+05
  
 Raw Dtt tensor (no rot/trans coupling correction)
    0.44563E-01    0.98429E-04   -0.52292E-03
    0.98513E-04    0.43199E-01   -0.38617E-03
   -0.52273E-03   -0.38640E-03    0.46916E-01
  
 Raw Drr tensor (no rot/trans coupling correction)
    0.33496E-04    0.30943E-06   -0.25930E-05
    0.30815E-06    0.32287E-04   -0.13767E-05
   -0.25892E-05   -0.13782E-05    0.45038E-04
  
 Raw Dtt tensor, before CD transformation
    0.44563E-01    0.98430E-04   -0.52303E-03
    0.98512E-04    0.43199E-01   -0.38607E-03
   -0.52273E-03   -0.38640E-03    0.46916E-01
  
 Program finished at:                
 Elapsed time CPU_TIME:   197.86400000000000     
