 BEST ver.3.90 SFSU/ARAGON
  
 control gtensor value=   1.0000000000000000     
 true area (A^2)=    15156.133000000000     
 total area (A^2) =    14189.113967598287     
 centroid coords =    6.2323820313623965       -3.7450510717881337E-002   33.188150841605555     
  
 first few rows of gr matrix
   9.6604678699599091       0.11124877488243301       0.62722980184880939       0.57354337778907793       0.15694666835859816     
  0.11124877488243301        8.7703281711085737       -1.4904373141729557       0.15694666835859816       0.83525042044653963     
  0.62722980184880950       -1.4904373141729552        7.6726907344244015        7.6851384200451678E-002  0.15373259109358126     
  0.67750081264328599       0.17090620484766686        9.6545334863085419E-002   7.2986921547241819      -0.80766770085314210     
  0.17090620484766686       0.99089543763208077       0.21064231206074435      -0.80766770085314255        7.5522965321752205     
   9.6545334863085419E-002  0.21064231206074435       0.71467560993141521      -0.52790937122125281       -1.4342851161135157     
  0.82017043971307035       0.16652973819443170       0.22990188308432891        1.3387614009019797      -0.35835565496523381     
  0.16652973819443170       0.76777529784350662       0.19326181952686283      -0.35835565496523381        1.8720826749124997     
  0.22990188308432891       0.19326181952686283       0.88548821215059614       0.19772637999461859      -0.41296753817965209     
 first few columns of gr matrix
   9.6604678699599091       0.11124877488243301       0.62722980184880950       0.67750081264328599       0.17090620484766686     
  0.11124877488243301        8.7703281711085737       -1.4904373141729552       0.17090620484766686       0.99089543763208077     
  0.62722980184880939       -1.4904373141729557        7.6726907344244015        9.6545334863085419E-002  0.21064231206074435     
  0.57354337778907793       0.15694666835859816        7.6851384200451678E-002   7.2986921547241819      -0.80766770085314255     
  0.15694666835859816       0.83525042044653963       0.15373259109358126      -0.80766770085314210        7.5522965321752205     
   7.6851384200451678E-002  0.15373259109358126       0.57796129132568475      -0.52790937122125303       -1.4342851161135157     
  0.45708968447046427        9.1633129078134798E-002  0.13123912425351117       0.84814719863082655      -0.22441077255762643     
   9.1633129078134798E-002  0.40937520216568685       0.10117328530925533      -0.22441077255762643        1.1419226313398578     
  0.13123912425351117       0.10117328530925533       0.48413025608044208       0.12878859502013215      -0.23471432626586439     
  
 about to enter dgetrf
 Just out of dgetrf:                 
  
  **** TRANSLATION/ROTATION FLOWS ****
     U(X-Z) =     1.000     0.000     0.000 A/SEC
  OMGA(X-Z) =     0.000     0.000     0.000 RAD/S

 FTOTH(X-Z) =   -0.22459E+02    0.49547E-01   -0.25023E+00
 TTOTH(X-Z) =    0.76818E-01   -0.19311E+01    0.11987E+01

     U(X-Z) =     0.000     1.000     0.000 A/SEC
  OMGA(X-Z) =     0.000     0.000     0.000 RAD/S

 FTOTH(X-Z) =    0.49534E-01   -0.23160E+02   -0.18897E+00
 TTOTH(X-Z) =    0.21278E+01   -0.38489E+00   -0.96227E+00

     U(X-Z) =     0.000     0.000     1.000 A/SEC
  OMGA(X-Z) =     0.000     0.000     0.000 RAD/S

 FTOTH(X-Z) =   -0.25041E+00   -0.18884E+00   -0.21331E+02
 TTOTH(X-Z) =   -0.13747E+01    0.23659E+01    0.33675E+00

     U(X-Z) =     0.000     0.000     0.000 A/SEC
  OMGA(X-Z) =     1.000     0.000     0.000 RAD/S

 FTOTH(X-Z) =    0.66926E-01    0.21163E+01   -0.13976E+01
 TTOTH(X-Z) =   -0.30035E+05    0.21263E+03   -0.17158E+04

     U(X-Z) =     0.000     0.000     0.000 A/SEC
  OMGA(X-Z) =     0.000     1.000     0.000 RAD/S

 FTOTH(X-Z) =   -0.19247E+01   -0.39485E+00    0.23518E+01
 TTOTH(X-Z) =    0.21446E+03   -0.31049E+05   -0.94096E+03

     U(X-Z) =     0.000     0.000     0.000 A/SEC
  OMGA(X-Z) =     0.000     0.000     1.000 RAD/S

 FTOTH(X-Z) =    0.12013E+01   -0.99035E+00    0.33340E+00
 TTOTH(X-Z) =   -0.17165E+04   -0.93989E+03   -0.22368E+05

 I,J,Ktt,Ktr,Krt,Krr=    1    1  0.2246E+02 -0.7682E-01 -0.6693E-01  0.3004E+05
 I,J,Ktt,Ktr,Krt,Krr=    1    2 -0.4953E-01 -0.2128E+01  0.1925E+01 -0.2145E+03
 I,J,Ktt,Ktr,Krt,Krr=    1    3  0.2504E+00  0.1375E+01 -0.1201E+01  0.1717E+04
 I,J,Ktt,Ktr,Krt,Krr=    2    1 -0.4955E-01  0.1931E+01 -0.2116E+01 -0.2126E+03
 I,J,Ktt,Ktr,Krt,Krr=    2    2  0.2316E+02  0.3849E+00  0.3949E+00  0.3105E+05
 I,J,Ktt,Ktr,Krt,Krr=    2    3  0.1888E+00 -0.2366E+01  0.9904E+00  0.9399E+03
 I,J,Ktt,Ktr,Krt,Krr=    3    1  0.2502E+00 -0.1199E+01  0.1398E+01  0.1716E+04
 I,J,Ktt,Ktr,Krt,Krr=    3    2  0.1890E+00  0.9623E+00 -0.2352E+01  0.9410E+03
 I,J,Ktt,Ktr,Krt,Krr=    3    3  0.2133E+02 -0.3368E+00 -0.3334E+00  0.2237E+05
  
  Friction Tensors in Center of Resistance
  
  Ktt Tensor (A)
    0.22459E+02   -0.49534E-01    0.25041E+00
   -0.49547E-01    0.23160E+02    0.18884E+00
    0.25023E+00    0.18897E+00    0.21331E+02
  
  Symmetric Krt Tensor (A^2)
   -0.71872E-01    0.19279E+01   -0.12000E+01
   -0.21221E+01    0.38987E+00    0.97631E+00
    0.13861E+01   -0.23588E+01   -0.33508E+00
  
  Krr Tensor (A^3)
    0.30035E+05   -0.21446E+03    0.17165E+04
   -0.21263E+03    0.31049E+05    0.93989E+03
    0.17158E+04    0.94096E+03    0.22368E+05
  
 Raw Dtt tensor (no rot/trans coupling correction)
    0.44531E-01    0.99514E-04   -0.52364E-03
    0.99534E-04    0.43181E-01   -0.38345E-03
   -0.52325E-03   -0.38371E-03    0.46889E-01
  
 Raw Drr tensor (no rot/trans coupling correction)
    0.33444E-04    0.30917E-06   -0.25795E-05
    0.30709E-06    0.32251E-04   -0.13787E-05
   -0.25784E-05   -0.13804E-05    0.44963E-04
  
 Raw Dtt tensor, before CD transformation
    0.44531E-01    0.99515E-04   -0.52381E-03
    0.99534E-04    0.43181E-01   -0.38352E-03
   -0.52325E-03   -0.38371E-03    0.46890E-01
  
 Program finished at:                
 Elapsed time CPU_TIME:   286.86399999999998     
