 BEST ver.3.90 SFSU/ARAGON
  
 control gtensor value=   1.0000000000000000     
 true area (A^2)=    15156.133000000000     
 total area (A^2) =    13892.108755818732     
 centroid coords =    6.4224269725177319       -9.7381316489359132E-002   33.521884308510700     
  
 first few rows of gr matrix
   9.7631893366137170       0.11243170281855275       0.63389924747423676       0.82956758444412104       0.21176267392257425     
  0.11243170281855275        8.8635846246156458       -1.5062853982335103       0.21176267392257425        1.1592610832980896     
  0.63389924747423687       -1.5062853982335094        7.7542758145706747       0.13204128510522983       0.23938108638047195     
  0.71835675273632660       0.17282174925825580        9.9329132311331794E-002   6.8492740694153058      -0.61330081283299243     
  0.17282174925825580        1.0685478940426951       0.23085082136373308      -0.61330081283299198        9.2654112050667532     
   9.9329132311331794E-002  0.23085082136373308       0.77188690288948758      -0.84629088404738262      -0.95691585727058892     
  0.61693079684873398       0.17783280658253831        8.2326520053702210E-002   3.3190048315971681       0.66481488310487302     
  0.17783280658253831       0.87675177399421123       0.15705139930128775       0.66481488310487302        3.3762278315973262     
   8.2326520053702210E-002  0.15705139930128775       0.59566341912720122       0.35589037325131478       -3.3654503005496474E-002
 first few columns of gr matrix
   9.7631893366137170       0.11243170281855275       0.63389924747423687       0.71835675273632660       0.17282174925825580     
  0.11243170281855275        8.8635846246156458       -1.5062853982335094       0.17282174925825580        1.0685478940426951     
  0.63389924747423676       -1.5062853982335103        7.7542758145706747        9.9329132311331794E-002  0.23085082136373308     
  0.82956758444412104       0.21176267392257425       0.13204128510522983        6.8492740694153058      -0.61330081283299198     
  0.21176267392257425        1.1592610832980896       0.23938108638047195      -0.61330081283299243        9.2654112050667532     
  0.13204128510522983       0.23938108638047195       0.88481878642547929      -0.84629088404738306      -0.95691585727058870     
   2.1466624896837683       0.60217774374190369       0.34920660351251309        11.287662127351940       0.74318905661730450     
  0.60217774374190369        2.8497635150508063       0.54451681623677450       0.74318905661730450        11.114634391158638     
  0.34920660351251309       0.54451681623677450        2.1399561298382888       0.42044694488809370      -0.88834279629979351     
  
 about to enter dgetrf
 Just out of dgetrf:                 
  
  **** TRANSLATION/ROTATION FLOWS ****
     U(X-Z) =     1.000     0.000     0.000 A/SEC
  OMGA(X-Z) =     0.000     0.000     0.000 RAD/S

 FTOTH(X-Z) =   -0.22364E+02    0.48999E-01   -0.24732E+00
 TTOTH(X-Z) =   -0.62284E-01    0.51467E+01    0.25192E+01

     U(X-Z) =     0.000     1.000     0.000 A/SEC
  OMGA(X-Z) =     0.000     0.000     0.000 RAD/S

 FTOTH(X-Z) =    0.49023E-01   -0.23066E+02   -0.18592E+00
 TTOTH(X-Z) =   -0.55680E+01   -0.41424E+00    0.33389E+01

     U(X-Z) =     0.000     0.000     1.000 A/SEC
  OMGA(X-Z) =     0.000     0.000     0.000 RAD/S

 FTOTH(X-Z) =   -0.24731E+00   -0.18592E+00   -0.21246E+02
 TTOTH(X-Z) =   -0.24939E+01   -0.16668E+01    0.51037E+00

     U(X-Z) =     0.000     0.000     0.000 A/SEC
  OMGA(X-Z) =     1.000     0.000     0.000 RAD/S

 FTOTH(X-Z) =   -0.72848E-01   -0.55915E+01   -0.25436E+01
 TTOTH(X-Z) =   -0.29674E+05    0.20783E+03   -0.16928E+04

     U(X-Z) =     0.000     0.000     0.000 A/SEC
  OMGA(X-Z) =     0.000     1.000     0.000 RAD/S

 FTOTH(X-Z) =    0.51814E+01   -0.33487E+00   -0.16173E+01
 TTOTH(X-Z) =    0.20304E+03   -0.30671E+05   -0.91898E+03

     U(X-Z) =     0.000     0.000     0.000 A/SEC
  OMGA(X-Z) =     0.000     0.000     1.000 RAD/S

 FTOTH(X-Z) =    0.24903E+01    0.32019E+01    0.42683E+00
 TTOTH(X-Z) =   -0.17016E+04   -0.92104E+03   -0.22098E+05

 I,J,Ktt,Ktr,Krt,Krr=    1    1  0.2236E+02  0.6228E-01  0.7285E-01  0.2967E+05
 I,J,Ktt,Ktr,Krt,Krr=    1    2 -0.4902E-01  0.5568E+01 -0.5181E+01 -0.2030E+03
 I,J,Ktt,Ktr,Krt,Krr=    1    3  0.2473E+00  0.2494E+01 -0.2490E+01  0.1702E+04
 I,J,Ktt,Ktr,Krt,Krr=    2    1 -0.4900E-01 -0.5147E+01  0.5592E+01 -0.2078E+03
 I,J,Ktt,Ktr,Krt,Krr=    2    2  0.2307E+02  0.4142E+00  0.3349E+00  0.3067E+05
 I,J,Ktt,Ktr,Krt,Krr=    2    3  0.1859E+00  0.1667E+01 -0.3202E+01  0.9210E+03
 I,J,Ktt,Ktr,Krt,Krr=    3    1  0.2473E+00 -0.2519E+01  0.2544E+01  0.1693E+04
 I,J,Ktt,Ktr,Krt,Krr=    3    2  0.1859E+00 -0.3339E+01  0.1617E+01  0.9190E+03
 I,J,Ktt,Ktr,Krt,Krr=    3    3  0.2125E+02 -0.5104E+00 -0.4268E+00  0.2210E+05
  
  Friction Tensors in Center of Resistance
  
  Ktt Tensor (A)
    0.22364E+02   -0.49023E-01    0.24731E+00
   -0.48999E-01    0.23066E+02    0.18592E+00
    0.24732E+00    0.18592E+00    0.21246E+02
  
  Symmetric Krt Tensor (A^2)
    0.67566E-01   -0.51641E+01   -0.25047E+01
    0.55798E+01    0.37455E+00   -0.32704E+01
    0.25187E+01    0.16421E+01   -0.46860E+00
  
  Krr Tensor (A^3)
    0.29674E+05   -0.20304E+03    0.17016E+04
   -0.20783E+03    0.30671E+05    0.92104E+03
    0.16928E+04    0.91898E+03    0.22098E+05
  
 Raw Dtt tensor (no rot/trans coupling correction)
    0.44720E-01    0.99245E-04   -0.52141E-03
    0.99200E-04    0.43356E-01   -0.38055E-03
   -0.52142E-03   -0.38056E-03    0.47076E-01
  
 Raw Drr tensor (no rot/trans coupling correction)
    0.33851E-04    0.30257E-06   -0.26193E-05
    0.30764E-06    0.32648E-04   -0.13845E-05
   -0.26060E-05   -0.13809E-05    0.45512E-04
  
 Raw Dtt tensor, before CD transformation
    0.44720E-01    0.99256E-04   -0.52275E-03
    0.99191E-04    0.43356E-01   -0.37979E-03
   -0.52144E-03   -0.38057E-03    0.47077E-01
  
 Program finished at:                
 Elapsed time CPU_TIME:   93.227999999999994     
