 BEST ver.3.90 SFSU/ARAGON
  
 control gtensor value=   1.0000000000000000     
 true area (A^2)=    15156.133000000000     
 total area (A^2) =    13664.756051824546     
 centroid coords =    6.3237477740678774      -0.20942723984418296        33.492871313299943     
  
 first few rows of gr matrix
   13.797475061626576      -0.41468744695093274      -0.54243590376555340       0.89105052842794175       0.24809176062851374     
 -0.41468744695093274        11.299263419688039       -2.2864257233371932       0.24809176062851374        1.2521582912427076     
 -0.54243590376555328       -2.2864257233371932        12.225312023385930       0.12364374698397934       0.21161053167584876     
   1.4662524978006055       0.40346857666732949       0.16609930744402573        6.9060177525340558      -0.61838178150604683     
  0.40346857666732949        2.1370574800234410       0.35415364870200283      -0.61838178150604683        9.3421716839228832     
  0.16609930744402573       0.35415364870200283        1.4280437472780689      -0.85330208863110757      -0.96484354853041643     
   1.2411884486097056       0.38376158736008992       0.13091899313822311        3.3742260679054903       0.67587599980218060     
  0.38376158736008992        1.7235106731654082       0.23590071705154331       0.67587599980218060        3.4324011378680641     
  0.13091899313822311       0.23590071705154331        1.1116453240851070       0.36181163802745203       -3.4214442914474605E-002
 first few columns of gr matrix
   13.797475061626576      -0.41468744695093274      -0.54243590376555328        1.4662524978006055       0.40346857666732949     
 -0.41468744695093274        11.299263419688039       -2.2864257233371932       0.40346857666732949        2.1370574800234410     
 -0.54243590376555340       -2.2864257233371932        12.225312023385930       0.16609930744402573       0.35415364870200283     
  0.89105052842794175       0.24809176062851374       0.12364374698397934        6.9060177525340558      -0.61838178150604683     
  0.24809176062851374        1.2521582912427076       0.21161053167584876      -0.61838178150604683        9.3421716839228832     
  0.12364374698397934       0.21161053167584876       0.87890955368199641      -0.85330208863110668      -0.96484354853041687     
   2.2856477881936601       0.68295881590512553       0.32070269765621978        11.475465004819561       0.75555415416898764     
  0.68295881590512553        3.0358594814748456       0.47721910195134049       0.75555415416898764        11.299558452236111     
  0.32070269765621978       0.47721910195134049        2.1266708003419179       0.42744229478266277      -0.90312294576216534     
  
 about to enter dgetrf
 Just out of dgetrf:                 
  
  **** TRANSLATION/ROTATION FLOWS ****
     U(X-Z) =     1.000     0.000     0.000 A/SEC
  OMGA(X-Z) =     0.000     0.000     0.000 RAD/S

 FTOTH(X-Z) =   -0.22290E+02    0.39113E-01   -0.25102E+00
 TTOTH(X-Z) =    0.15582E+00    0.51356E+01    0.47052E+01

     U(X-Z) =     0.000     1.000     0.000 A/SEC
  OMGA(X-Z) =     0.000     0.000     0.000 RAD/S

 FTOTH(X-Z) =    0.39146E-01   -0.22993E+02   -0.18027E+00
 TTOTH(X-Z) =   -0.54125E+01   -0.22735E+00    0.79027E-01

     U(X-Z) =     0.000     0.000     1.000 A/SEC
  OMGA(X-Z) =     0.000     0.000     0.000 RAD/S

 FTOTH(X-Z) =   -0.25100E+00   -0.18002E+00   -0.21163E+02
 TTOTH(X-Z) =   -0.45279E+01    0.91155E+00    0.47146E-01

     U(X-Z) =     0.000     0.000     0.000 A/SEC
  OMGA(X-Z) =     1.000     0.000     0.000 RAD/S

 FTOTH(X-Z) =    0.13702E+00   -0.53330E+01   -0.45679E+01
 TTOTH(X-Z) =   -0.29424E+05    0.20369E+03   -0.17083E+04

     U(X-Z) =     0.000     0.000     0.000 A/SEC
  OMGA(X-Z) =     0.000     1.000     0.000 RAD/S

 FTOTH(X-Z) =    0.50337E+01   -0.13524E+00    0.97522E+00
 TTOTH(X-Z) =    0.20231E+03   -0.30374E+05   -0.90001E+03

     U(X-Z) =     0.000     0.000     0.000 A/SEC
  OMGA(X-Z) =     0.000     0.000     1.000 RAD/S

 FTOTH(X-Z) =    0.46072E+01   -0.69485E-01    0.13760E-01
 TTOTH(X-Z) =   -0.17152E+04   -0.90493E+03   -0.21801E+05

 I,J,Ktt,Ktr,Krt,Krr=    1    1  0.2229E+02 -0.1558E+00 -0.1370E+00  0.2942E+05
 I,J,Ktt,Ktr,Krt,Krr=    1    2 -0.3915E-01  0.5413E+01 -0.5034E+01 -0.2023E+03
 I,J,Ktt,Ktr,Krt,Krr=    1    3  0.2510E+00  0.4528E+01 -0.4607E+01  0.1715E+04
 I,J,Ktt,Ktr,Krt,Krr=    2    1 -0.3911E-01 -0.5136E+01  0.5333E+01 -0.2037E+03
 I,J,Ktt,Ktr,Krt,Krr=    2    2  0.2299E+02  0.2273E+00  0.1352E+00  0.3037E+05
 I,J,Ktt,Ktr,Krt,Krr=    2    3  0.1800E+00 -0.9115E+00  0.6948E-01  0.9049E+03
 I,J,Ktt,Ktr,Krt,Krr=    3    1  0.2510E+00 -0.4705E+01  0.4568E+01  0.1708E+04
 I,J,Ktt,Ktr,Krt,Krr=    3    2  0.1803E+00 -0.7903E-01 -0.9752E+00  0.9000E+03
 I,J,Ktt,Ktr,Krt,Krr=    3    3  0.2116E+02 -0.4715E-01 -0.1376E-01  0.2180E+05
  
  Friction Tensors in Center of Resistance
  
  Ktt Tensor (A)
    0.22290E+02   -0.39146E-01    0.25100E+00
   -0.39113E-01    0.22993E+02    0.18002E+00
    0.25102E+00    0.18027E+00    0.21163E+02
  
  Symmetric Krt Tensor (A^2)
   -0.14642E+00   -0.50847E+01   -0.46562E+01
    0.53728E+01    0.18129E+00   -0.47712E-02
    0.45479E+01   -0.94338E+00   -0.30453E-01
  
  Krr Tensor (A^3)
    0.29424E+05   -0.20231E+03    0.17152E+04
   -0.20369E+03    0.30374E+05    0.90493E+03
    0.17083E+04    0.90001E+03    0.21801E+05
  
 Raw Dtt tensor (no rot/trans coupling correction)
    0.44869E-01    0.80567E-04   -0.53284E-03
    0.80499E-04    0.43495E-01   -0.37093E-03
   -0.53289E-03   -0.37145E-03    0.47262E-01
  
 Raw Drr tensor (no rot/trans coupling correction)
    0.34145E-04    0.30740E-06   -0.26991E-05
    0.30907E-06    0.32966E-04   -0.13927E-05
   -0.26884E-05   -0.13850E-05    0.46139E-04
  
 Raw Dtt tensor, before CD transformation
    0.44869E-01    0.80566E-04   -0.53272E-03
    0.80480E-04    0.43495E-01   -0.36930E-03
   -0.53291E-03   -0.37146E-03    0.47264E-01
  
 Program finished at:                
 Elapsed time CPU_TIME:   50.559999999999995     
