 BEST ver.3.90 SFSU/ARAGON
  
 control gtensor value=   1.0000000000000000     
 true area (A^2)=    2009.6510000000001     
 total area (A^2) =    1915.6976563056257     
 centroid coords =  -0.13994986719787569       -3.9319389110225617E-002 -0.14979448871182002     
  
 first few rows of gr matrix
   4.9125457386681415       0.99773185651708340        5.0583742447450827E-002   2.0041194763398882       0.20629060363867147     
  0.99773185651708385        5.2306746901301269       -2.4052523876664983E-002  0.20629060363867147        2.1298035750571880     
   5.0583742447451271E-002  -2.4052523876664539E-002   6.0961452445185014      -0.21491844027582610      -0.38191583676484525     
   1.3549666490314223       0.13666353867183129      -0.14890503790305029        6.0066822212213502        1.1845262876236236     
  0.13666353867183129        1.4504853683014811      -0.27983036231522568        1.1845262876236236        6.5292516229412154     
 -0.14890503790305029      -0.27983036231522568        2.2151351895669138       0.14551449848552039      -0.17965489434006687     
  0.83399134353499405       0.16057956506234544      -0.14784758960289163        2.5082096469622539       0.58293163043672491     
  0.16057956506234544        1.0652490757170581      -0.30854734890382562       0.58293163043672491        3.6029085967692183     
 -0.14784758960289163      -0.30854734890382562        1.0992398471271891        8.5527401600956239E-003  -6.0703288390111493E-002
 first few columns of gr matrix
   4.9125457386681415       0.99773185651708385        5.0583742447451271E-002   1.3549666490314223       0.13666353867183129     
  0.99773185651708340        5.2306746901301269       -2.4052523876664539E-002  0.13666353867183129        1.4504853683014811     
   5.0583742447450827E-002  -2.4052523876664983E-002   6.0961452445185014      -0.14890503790305029      -0.27983036231522568     
   2.0041194763398882       0.20629060363867147      -0.21491844027582610        6.0066822212213502        1.1845262876236236     
  0.20629060363867147        2.1298035750571880      -0.38191583676484525        1.1845262876236236        6.5292516229412154     
 -0.21491844027582610      -0.38191583676484525        3.2577799143640069       0.14551449848552062      -0.17965489434006643     
  0.72593180047228645       0.15047738194571336      -0.14125751400621303        1.3353371406155248       0.36701273372906529     
  0.15047738194571336       0.89626152122952518      -0.25031522039350279       0.36701273372906529        1.7758848203967086     
 -0.14125751400621303      -0.25031522039350279       0.92289825199724351       -4.3359877607117354E-002 -0.11872978149172907     
  
 about to enter dgetrf
 Just out of dgetrf:                 
  
  **** TRANSLATION/ROTATION FLOWS ****
     U(X-Z) =     1.000     0.000     0.000 A/SEC
  OMGA(X-Z) =     0.000     0.000     0.000 RAD/S

 FTOTH(X-Z) =   -0.85614E+01   -0.81312E-01   -0.68535E-01
 TTOTH(X-Z) =    0.13963E+00   -0.30117E+01    0.18476E-02

     U(X-Z) =     0.000     1.000     0.000 A/SEC
  OMGA(X-Z) =     0.000     0.000     0.000 RAD/S

 FTOTH(X-Z) =   -0.81388E-01   -0.89318E+01   -0.12185E+00
 TTOTH(X-Z) =    0.27366E+01   -0.98378E+00    0.15074E+01

     U(X-Z) =     0.000     0.000     1.000 A/SEC
  OMGA(X-Z) =     0.000     0.000     0.000 RAD/S

 FTOTH(X-Z) =   -0.68450E-01   -0.12187E+00   -0.92555E+01
 TTOTH(X-Z) =    0.10580E+01   -0.11255E+00    0.82676E+00

     U(X-Z) =     0.000     0.000     0.000 A/SEC
  OMGA(X-Z) =     1.000     0.000     0.000 RAD/S

 FTOTH(X-Z) =    0.12996E+00    0.27498E+01    0.10688E+01
 TTOTH(X-Z) =   -0.15089E+04   -0.30395E+02   -0.23986E+02

     U(X-Z) =     0.000     0.000     0.000 A/SEC
  OMGA(X-Z) =     0.000     1.000     0.000 RAD/S

 FTOTH(X-Z) =   -0.30377E+01   -0.96810E+00   -0.11587E+00
 TTOTH(X-Z) =   -0.30894E+02   -0.18600E+04   -0.31247E+00

     U(X-Z) =     0.000     0.000     0.000 A/SEC
  OMGA(X-Z) =     0.000     0.000     1.000 RAD/S

 FTOTH(X-Z) =    0.99980E-02    0.15001E+01    0.82576E+00
 TTOTH(X-Z) =   -0.23667E+02   -0.50201E+00   -0.19770E+04

 I,J,Ktt,Ktr,Krt,Krr=    1    1  0.8561E+01 -0.1396E+00 -0.1300E+00  0.1509E+04
 I,J,Ktt,Ktr,Krt,Krr=    1    2  0.8139E-01 -0.2737E+01  0.3038E+01  0.3089E+02
 I,J,Ktt,Ktr,Krt,Krr=    1    3  0.6845E-01 -0.1058E+01 -0.9998E-02  0.2367E+02
 I,J,Ktt,Ktr,Krt,Krr=    2    1  0.8131E-01  0.3012E+01 -0.2750E+01  0.3040E+02
 I,J,Ktt,Ktr,Krt,Krr=    2    2  0.8932E+01  0.9838E+00  0.9681E+00  0.1860E+04
 I,J,Ktt,Ktr,Krt,Krr=    2    3  0.1219E+00  0.1125E+00 -0.1500E+01  0.5020E+00
 I,J,Ktt,Ktr,Krt,Krr=    3    1  0.6854E-01 -0.1848E-02 -0.1069E+01  0.2399E+02
 I,J,Ktt,Ktr,Krt,Krr=    3    2  0.1219E+00 -0.1507E+01  0.1159E+00  0.3125E+00
 I,J,Ktt,Ktr,Krt,Krr=    3    3  0.9255E+01 -0.8268E+00 -0.8258E+00  0.1977E+04
  
  Friction Tensors in Center of Resistance
  
  Ktt Tensor (A)
    0.85614E+01    0.81388E-01    0.68450E-01
    0.81312E-01    0.89318E+01    0.12187E+00
    0.68535E-01    0.12185E+00    0.92555E+01
  
  Symmetric Krt Tensor (A^2)
   -0.13480E+00    0.30247E+01   -0.59228E-02
   -0.27432E+01    0.97594E+00   -0.15038E+01
   -0.10634E+01    0.11421E+00   -0.82626E+00
  
  Krr Tensor (A^3)
    0.15089E+04    0.30894E+02    0.23667E+02
    0.30395E+02    0.18600E+04    0.50201E+00
    0.23986E+02    0.31247E+00    0.19770E+04
  
 Raw Dtt tensor (no rot/trans coupling correction)
    0.11682E+00   -0.10529E-02   -0.85009E-03
   -0.10519E-02    0.11199E+00   -0.14669E-02
   -0.85118E-03   -0.14666E-02    0.10807E+00
  
 Raw Drr tensor (no rot/trans coupling correction)
    0.66309E-03   -0.11012E-04   -0.79351E-05
   -0.10834E-04    0.53782E-03   -0.68696E-08
   -0.80432E-05    0.48605E-07    0.50590E-03
  
 Raw Dtt tensor, before CD transformation
    0.11682E+00   -0.10533E-02   -0.81654E-03
   -0.10518E-02    0.11199E+00   -0.14769E-02
   -0.85132E-03   -0.14669E-02    0.10809E+00
  
 Program finished at:                
 Elapsed time CPU_TIME:   6.7360000000000007     
