 BEST ver.3.90 SFSU/ARAGON
  
 control gtensor value=   1.0000000000000000     
 true area (A^2)=    2009.6510000000001     
 total area (A^2) =    1939.0720364517426     
 centroid coords =   -9.4587449933244028E-002 -0.21069781931464224       -7.7536715620824320E-003
  
 first few rows of gr matrix
   4.8828470332595302       0.99170008682784516        5.0277939357703638E-002   1.9799609873216408       0.20380389097437471     
  0.99170008682784494        5.1990527419642909       -2.3907114783507960E-002  0.20380389097437471        2.1041300376825540     
   5.0277939357703638E-002  -2.3907114783507502E-002   6.0592911099462787      -0.21232772408324629      -0.37731206455600313     
   1.3386333179615391       0.13501613958353340      -0.14711007469582929        5.9703689337201187        1.1773652556177576     
  0.13501613958353340        1.4330006148948837      -0.27645717083900656        1.1773652556177576        6.4897791516801107     
 -0.14711007469582929      -0.27645717083900656        2.1884330294498264       0.14463479324650669      -0.17856879396236941     
  0.82393806529886116       0.15864387225315688      -0.14606537331690844        2.4779746455429708       0.57590473031499601     
  0.15864387225315688        1.0524081206736020      -0.30482799093735130       0.57590473031499601        3.5594776392857468     
 -0.14606537331690844      -0.30482799093735130        1.0859891531996346        8.4496418759624995E-003  -5.9971545725419739E-002
 first few columns of gr matrix
   4.8828470332595302       0.99170008682784494        5.0277939357703638E-002   1.3386333179615391       0.13501613958353340     
  0.99170008682784516        5.1990527419642909       -2.3907114783507502E-002  0.13501613958353340        1.4330006148948837     
   5.0277939357703638E-002  -2.3907114783507960E-002   6.0592911099462787      -0.14711007469582929      -0.27645717083900656     
   1.9799609873216408       0.20380389097437471      -0.21232772408324629        5.9703689337201187        1.1773652556177576     
  0.20380389097437471        2.1041300376825540      -0.37731206455600313        1.1773652556177576        6.4897791516801107     
 -0.21232772408324629      -0.37731206455600313        3.2185092814430818       0.14463479324650669      -0.17856879396236941     
  0.71718111687445374       0.14866346504996583      -0.13955473723010201        1.3192404317974811       0.36258860971748563     
  0.14866346504996583       0.88545761239388932      -0.24729781670356951       0.36258860971748563        1.7544775667685091     
 -0.13955473723010201      -0.24729781670356951       0.91177325293952716       -4.2837199623408394E-002 -0.11729856336517940     
  
 about to enter dgetrf
 Just out of dgetrf:                 
  
  **** TRANSLATION/ROTATION FLOWS ****
     U(X-Z) =     1.000     0.000     0.000 A/SEC
  OMGA(X-Z) =     0.000     0.000     0.000 RAD/S

 FTOTH(X-Z) =   -0.86178E+01   -0.78065E-01   -0.74012E-01
 TTOTH(X-Z) =    0.13824E+00   -0.19023E+01    0.14606E+01

     U(X-Z) =     0.000     1.000     0.000 A/SEC
  OMGA(X-Z) =     0.000     0.000     0.000 RAD/S

 FTOTH(X-Z) =   -0.78002E-01   -0.89906E+01   -0.12197E+00
 TTOTH(X-Z) =    0.15855E+01   -0.96009E+00    0.18207E+01

     U(X-Z) =     0.000     0.000     1.000 A/SEC
  OMGA(X-Z) =     0.000     0.000     0.000 RAD/S

 FTOTH(X-Z) =   -0.74064E-01   -0.12194E+00   -0.93130E+01
 TTOTH(X-Z) =   -0.47132E+00   -0.39134E+00    0.80147E+00

     U(X-Z) =     0.000     0.000     0.000 A/SEC
  OMGA(X-Z) =     1.000     0.000     0.000 RAD/S

 FTOTH(X-Z) =    0.12025E+00    0.15760E+01   -0.49423E+00
 TTOTH(X-Z) =   -0.15393E+04   -0.29288E+02   -0.27049E+02

     U(X-Z) =     0.000     0.000     0.000 A/SEC
  OMGA(X-Z) =     0.000     1.000     0.000 RAD/S

 FTOTH(X-Z) =   -0.19072E+01   -0.94327E+00   -0.40167E+00
 TTOTH(X-Z) =   -0.28169E+02   -0.18973E+04   -0.87276E+00

     U(X-Z) =     0.000     0.000     0.000 A/SEC
  OMGA(X-Z) =     0.000     0.000     1.000 RAD/S

 FTOTH(X-Z) =    0.14944E+01    0.18355E+01    0.80949E+00
 TTOTH(X-Z) =   -0.26689E+02   -0.76756E+00   -0.20150E+04

 I,J,Ktt,Ktr,Krt,Krr=    1    1  0.8618E+01 -0.1382E+00 -0.1202E+00  0.1539E+04
 I,J,Ktt,Ktr,Krt,Krr=    1    2  0.7800E-01 -0.1585E+01  0.1907E+01  0.2817E+02
 I,J,Ktt,Ktr,Krt,Krr=    1    3  0.7406E-01  0.4713E+00 -0.1494E+01  0.2669E+02
 I,J,Ktt,Ktr,Krt,Krr=    2    1  0.7806E-01  0.1902E+01 -0.1576E+01  0.2929E+02
 I,J,Ktt,Ktr,Krt,Krr=    2    2  0.8991E+01  0.9601E+00  0.9433E+00  0.1897E+04
 I,J,Ktt,Ktr,Krt,Krr=    2    3  0.1219E+00  0.3913E+00 -0.1835E+01  0.7676E+00
 I,J,Ktt,Ktr,Krt,Krr=    3    1  0.7401E-01 -0.1461E+01  0.4942E+00  0.2705E+02
 I,J,Ktt,Ktr,Krt,Krr=    3    2  0.1220E+00 -0.1821E+01  0.4017E+00  0.8728E+00
 I,J,Ktt,Ktr,Krt,Krr=    3    3  0.9313E+01 -0.8015E+00 -0.8095E+00  0.2015E+04
  
  Friction Tensors in Center of Resistance
  
  Ktt Tensor (A)
    0.86178E+01    0.78002E-01    0.74064E-01
    0.78065E-01    0.89906E+01    0.12194E+00
    0.74012E-01    0.12197E+00    0.93130E+01
  
  Symmetric Krt Tensor (A^2)
   -0.12924E+00    0.19047E+01   -0.14775E+01
   -0.15807E+01    0.95168E+00   -0.18281E+01
    0.48277E+00    0.39650E+00   -0.80548E+00
  
  Krr Tensor (A^3)
    0.15393E+04    0.28169E+02    0.26689E+02
    0.29288E+02    0.18973E+04    0.76756E+00
    0.27049E+02    0.87276E+00    0.20150E+04
  
 Raw Dtt tensor (no rot/trans coupling correction)
    0.11606E+00   -0.99455E-03   -0.90994E-03
   -0.99536E-03    0.11126E+00   -0.14489E-02
   -0.90928E-03   -0.14492E-02    0.10740E+00
  
 Raw Drr tensor (no rot/trans coupling correction)
    0.64998E-03   -0.96463E-05   -0.86056E-05
   -0.10030E-04    0.52722E-03   -0.67982E-07
   -0.87209E-05   -0.98873E-07    0.49641E-03
  
 Raw Dtt tensor, before CD transformation
    0.11606E+00   -0.99479E-03   -0.89207E-03
   -0.99507E-03    0.11126E+00   -0.14835E-02
   -0.90962E-03   -0.14498E-02    0.10744E+00
  
 Program finished at:                
 Elapsed time CPU_TIME:   18.260000000000002     
