 BEST ver.3.90 SFSU/ARAGON
  
 control gtensor value=   1.0000000000000000     
 true area (A^2)=    2009.6510000000001     
 total area (A^2) =    1924.9740864785135     
 centroid coords =   -9.6285509736540764E-002  -9.7995418098511436E-002  -2.0221076746849764E-002
  
 first few rows of gr matrix
   4.9006946904048281       0.99532492353071711        5.0461713991132237E-002   1.9944616453535071       0.20529649135768036     
  0.99532492353071711        5.2180561860998234       -2.3994499455828058E-002  0.20529649135768036        2.1195400737016432     
   5.0461713991132029E-002  -2.3994499455828516E-002   6.0814388752842552      -0.21388275053948147      -0.38007538830552989     
   1.3484370787922149       0.13600495849532013      -0.14818746606861097        5.9921916730019698        1.1816687308800207     
  0.13600495849532013        1.4434954943440450      -0.27848186269931852        1.1816687308800211        6.5135004258586662     
 -0.14818746606861097      -0.27848186269931852        2.2044604760454005       0.14516345863036201      -0.17922149403463877     
  0.82997234789374175       0.15980573380251753      -0.14713511360085202        2.4961226106678618       0.58012248895099305     
  0.15980573380251753        1.0601156514611130      -0.30706046242716301       0.58012248895099305        3.5855462175808448     
 -0.14713511360085202      -0.30706046242716301        1.0939426216960884        8.5115245939095460E-003  -6.0410759872461105E-002
 first few columns of gr matrix
   4.9006946904048281       0.99532492353071711        5.0461713991132029E-002   1.3484370787922149       0.13600495849532013     
  0.99532492353071711        5.2180561860998234       -2.3994499455828516E-002  0.13600495849532013        1.4434954943440450     
   5.0461713991132237E-002  -2.3994499455828058E-002   6.0814388752842552      -0.14818746606861097      -0.27848186269931852     
   1.9944616453535071       0.20529649135768036      -0.21388275053948147        5.9921916730019698        1.1816687308800211     
  0.20529649135768036        2.1195400737016432      -0.38007538830552989        1.1816687308800207        6.5135004258586662     
 -0.21388275053948147      -0.38007538830552989        3.2420807067193436       0.14516345863036223      -0.17922149403463883     
  0.72243354264914939       0.14975223300161961      -0.14057679551016791        1.3289021647739312       0.36524410316883471     
  0.14975223300161961       0.89194244624730579      -0.24910895394061922       0.36524410316883471        1.7673268498519537     
 -0.14057679551016791      -0.24910895394061922       0.91845081488551017       -4.3150926806297653E-002 -0.11815762390520057     
  
 about to enter dgetrf
 Just out of dgetrf:                 
  
  **** TRANSLATION/ROTATION FLOWS ****
     U(X-Z) =     1.000     0.000     0.000 A/SEC
  OMGA(X-Z) =     0.000     0.000     0.000 RAD/S

 FTOTH(X-Z) =   -0.85851E+01   -0.81940E-01   -0.71740E-01
 TTOTH(X-Z) =    0.13680E+00   -0.20556E+01    0.50965E+00

     U(X-Z) =     0.000     1.000     0.000 A/SEC
  OMGA(X-Z) =     0.000     0.000     0.000 RAD/S

 FTOTH(X-Z) =   -0.82002E-01   -0.89536E+01   -0.12148E+00
 TTOTH(X-Z) =    0.16827E+01   -0.99334E+00    0.17693E+01

     U(X-Z) =     0.000     0.000     1.000 A/SEC
  OMGA(X-Z) =     0.000     0.000     0.000 RAD/S

 FTOTH(X-Z) =   -0.71808E-01   -0.12133E+00   -0.92816E+01
 TTOTH(X-Z) =    0.59594E+00   -0.36153E+00    0.81830E+00

     U(X-Z) =     0.000     0.000     0.000 A/SEC
  OMGA(X-Z) =     1.000     0.000     0.000 RAD/S

 FTOTH(X-Z) =    0.13741E+00    0.16933E+01    0.58043E+00
 TTOTH(X-Z) =   -0.15212E+04   -0.29053E+02   -0.24968E+02

     U(X-Z) =     0.000     0.000     0.000 A/SEC
  OMGA(X-Z) =     0.000     1.000     0.000 RAD/S

 FTOTH(X-Z) =   -0.20712E+01   -0.97176E+00   -0.36603E+00
 TTOTH(X-Z) =   -0.30143E+02   -0.18745E+04   -0.11595E+01

     U(X-Z) =     0.000     0.000     0.000 A/SEC
  OMGA(X-Z) =     0.000     0.000     1.000 RAD/S

 FTOTH(X-Z) =    0.53638E+00    0.17861E+01    0.82085E+00
 TTOTH(X-Z) =   -0.25188E+02   -0.79767E+00   -0.19940E+04

 I,J,Ktt,Ktr,Krt,Krr=    1    1  0.8585E+01 -0.1368E+00 -0.1374E+00  0.1521E+04
 I,J,Ktt,Ktr,Krt,Krr=    1    2  0.8200E-01 -0.1683E+01  0.2071E+01  0.3014E+02
 I,J,Ktt,Ktr,Krt,Krr=    1    3  0.7181E-01 -0.5959E+00 -0.5364E+00  0.2519E+02
 I,J,Ktt,Ktr,Krt,Krr=    2    1  0.8194E-01  0.2056E+01 -0.1693E+01  0.2905E+02
 I,J,Ktt,Ktr,Krt,Krr=    2    2  0.8954E+01  0.9933E+00  0.9718E+00  0.1875E+04
 I,J,Ktt,Ktr,Krt,Krr=    2    3  0.1213E+00  0.3615E+00 -0.1786E+01  0.7977E+00
 I,J,Ktt,Ktr,Krt,Krr=    3    1  0.7174E-01 -0.5096E+00 -0.5804E+00  0.2497E+02
 I,J,Ktt,Ktr,Krt,Krr=    3    2  0.1215E+00 -0.1769E+01  0.3660E+00  0.1160E+01
 I,J,Ktt,Ktr,Krt,Krr=    3    3  0.9282E+01 -0.8183E+00 -0.8208E+00  0.1994E+04
  
  Friction Tensors in Center of Resistance
  
  Ktt Tensor (A)
    0.85851E+01    0.82002E-01    0.71808E-01
    0.81940E-01    0.89536E+01    0.12133E+00
    0.71740E-01    0.12148E+00    0.92816E+01
  
  Symmetric Krt Tensor (A^2)
   -0.13710E+00    0.20634E+01   -0.52301E+00
   -0.16880E+01    0.98255E+00   -0.17777E+01
   -0.58819E+00    0.36378E+00   -0.81957E+00
  
  Krr Tensor (A^3)
    0.15212E+04    0.30143E+02    0.25188E+02
    0.29053E+02    0.18745E+04    0.79767E+00
    0.24968E+02    0.11595E+01    0.19940E+04
  
 Raw Dtt tensor (no rot/trans coupling correction)
    0.11650E+00   -0.10549E-02   -0.88751E-03
   -0.10541E-02    0.11172E+00   -0.14522E-02
   -0.88664E-03   -0.14540E-02    0.10777E+00
  
 Raw Drr tensor (no rot/trans coupling correction)
    0.65772E-03   -0.10571E-04   -0.83039E-05
   -0.10190E-04    0.53363E-03   -0.84747E-07
   -0.82296E-05   -0.17794E-06    0.50160E-03
  
 Raw Dtt tensor, before CD transformation
    0.11650E+00   -0.10552E-02   -0.86397E-03
   -0.10540E-02    0.11172E+00   -0.14737E-02
   -0.88685E-03   -0.14544E-02    0.10779E+00
  
 Program finished at:                
 Elapsed time CPU_TIME:   9.2760000000000016     
