 BEST ver.3.90 SFSU/ARAGON
  
 control gtensor value=   1.0000000000000000     
 true area (A^2)=    2009.6510000000001     
 total area (A^2) =    1945.5567570996750     
 centroid coords =   -7.4948262243287420E-002 -0.24842792259083735        8.8128159557661082E-002
  
 first few rows of gr matrix
   4.8747027507550911       0.99004599330171539        5.0194078909264001E-002   1.3945226565732443       0.15173537644120400     
  0.99004599330171539        5.1903810481762989       -2.3867239215968075E-002  0.15173537644120400        1.4199790038867814     
   5.0194078909264001E-002  -2.3867239215968519E-002   6.0491845925313577      -0.19324170652554629      -0.18862703696002345     
   1.5975258120830642       0.17841159673408938      -0.24012068910664425        4.6707792905170074       0.93641494319481988     
  0.17841159673408938        1.6032758980408615      -0.19511597957406793       0.93641494319482010        4.7685674540006886     
 -0.24012068910664425      -0.19511597957406793        2.4779040510558334      -0.10773417934830015       0.14326120104840867     
   1.0382472992666976       0.21616746893184996      -0.19969272133298765        1.5828791309230230       0.39313610892992695     
  0.21616746893184996        1.2451350075788066      -0.33765345169063227       0.39313610892992695        2.3195225544641040     
 -0.19969272133298765      -0.33765345169063227        1.3181778773119954       -6.1911054303511091E-002 -0.14802274360904435     
 first few columns of gr matrix
   4.8747027507550911       0.99004599330171539        5.0194078909264001E-002   1.5975258120830642       0.17841159673408938     
  0.99004599330171539        5.1903810481762989       -2.3867239215968519E-002  0.17841159673408938        1.6032758980408615     
   5.0194078909264001E-002  -2.3867239215968075E-002   6.0491845925313577      -0.24012068910664425      -0.19511597957406793     
   1.3945226565732443       0.15173537644120400      -0.19324170652554629        4.6707792905170074       0.93641494319482010     
  0.15173537644120400        1.4199790038867814      -0.18862703696002345       0.93641494319481988        4.7685674540006886     
 -0.19324170652554629      -0.18862703696002345        2.2016399158505151      -0.10773417934830037       0.14326120104840870     
  0.76662252581295931       0.16988801646607540      -0.16469692907029287        1.3899423335286416       0.39866881640781376     
  0.16988801646607540       0.90213336391554222      -0.23734854008725331       0.39866881640781376        1.8384493939607631     
 -0.16469692907029287      -0.23734854008725331       0.92336195894711603       -5.4174405104431146E-002  -7.7878196526314059E-002
  
 about to enter dgetrf
 Just out of dgetrf:                 
  
  **** TRANSLATION/ROTATION FLOWS ****
     U(X-Z) =     1.000     0.000     0.000 A/SEC
  OMGA(X-Z) =     0.000     0.000     0.000 RAD/S

 FTOTH(X-Z) =   -0.86374E+01   -0.78101E-01   -0.74864E-01
 TTOTH(X-Z) =    0.10831E+00   -0.11088E+01    0.17560E+01

     U(X-Z) =     0.000     1.000     0.000 A/SEC
  OMGA(X-Z) =     0.000     0.000     0.000 RAD/S

 FTOTH(X-Z) =   -0.78113E-01   -0.90069E+01   -0.12306E+00
 TTOTH(X-Z) =    0.74986E+00   -0.94357E+00    0.20605E+01

     U(X-Z) =     0.000     0.000     1.000 A/SEC
  OMGA(X-Z) =     0.000     0.000     0.000 RAD/S

 FTOTH(X-Z) =   -0.74861E-01   -0.12302E+00   -0.93306E+01
 TTOTH(X-Z) =   -0.83059E+00   -0.60662E+00    0.80970E+00

     U(X-Z) =     0.000     0.000     0.000 A/SEC
  OMGA(X-Z) =     1.000     0.000     0.000 RAD/S

 FTOTH(X-Z) =    0.98678E-01    0.75159E+00   -0.82687E+00
 TTOTH(X-Z) =   -0.15491E+04   -0.28696E+02   -0.28070E+02

     U(X-Z) =     0.000     0.000     0.000 A/SEC
  OMGA(X-Z) =     0.000     1.000     0.000 RAD/S

 FTOTH(X-Z) =   -0.11181E+01   -0.93651E+00   -0.63007E+00
 TTOTH(X-Z) =   -0.28449E+02   -0.19073E+04   -0.19680E+01

     U(X-Z) =     0.000     0.000     0.000 A/SEC
  OMGA(X-Z) =     0.000     0.000     1.000 RAD/S

 FTOTH(X-Z) =    0.17637E+01    0.20799E+01    0.82121E+00
 TTOTH(X-Z) =   -0.27911E+02   -0.20208E+01   -0.20269E+04

 I,J,Ktt,Ktr,Krt,Krr=    1    1  0.8637E+01 -0.1083E+00 -0.9868E-01  0.1549E+04
 I,J,Ktt,Ktr,Krt,Krr=    1    2  0.7811E-01 -0.7499E+00  0.1118E+01  0.2845E+02
 I,J,Ktt,Ktr,Krt,Krr=    1    3  0.7486E-01  0.8306E+00 -0.1764E+01  0.2791E+02
 I,J,Ktt,Ktr,Krt,Krr=    2    1  0.7810E-01  0.1109E+01 -0.7516E+00  0.2870E+02
 I,J,Ktt,Ktr,Krt,Krr=    2    2  0.9007E+01  0.9436E+00  0.9365E+00  0.1907E+04
 I,J,Ktt,Ktr,Krt,Krr=    2    3  0.1230E+00  0.6066E+00 -0.2080E+01  0.2021E+01
 I,J,Ktt,Ktr,Krt,Krr=    3    1  0.7486E-01 -0.1756E+01  0.8269E+00  0.2807E+02
 I,J,Ktt,Ktr,Krt,Krr=    3    2  0.1231E+00 -0.2060E+01  0.6301E+00  0.1968E+01
 I,J,Ktt,Ktr,Krt,Krr=    3    3  0.9331E+01 -0.8097E+00 -0.8212E+00  0.2027E+04
  
  Friction Tensors in Center of Resistance
  
  Ktt Tensor (A)
    0.86374E+01    0.78113E-01    0.74861E-01
    0.78101E-01    0.90069E+01    0.12302E+00
    0.74864E-01    0.12306E+00    0.93306E+01
  
  Symmetric Krt Tensor (A^2)
   -0.10349E+00    0.11135E+01   -0.17598E+01
   -0.75072E+00    0.94004E+00   -0.20702E+01
    0.82873E+00    0.61835E+00   -0.81545E+00
  
  Krr Tensor (A^3)
    0.15491E+04    0.28449E+02    0.27911E+02
    0.28696E+02    0.19073E+04    0.20208E+01
    0.28070E+02    0.19680E+01    0.20269E+04
  
 Raw Dtt tensor (no rot/trans coupling correction)
    0.11579E+00   -0.99170E-03   -0.91594E-03
   -0.99155E-03    0.11105E+00   -0.14562E-02
   -0.91598E-03   -0.14567E-02    0.10720E+00
  
 Raw Drr tensor (no rot/trans coupling correction)
    0.64587E-03   -0.96245E-05   -0.88842E-05
   -0.97077E-05    0.52444E-03   -0.38918E-06
   -0.89353E-05   -0.37592E-06    0.49350E-03
  
 Raw Dtt tensor, before CD transformation
    0.11579E+00   -0.99180E-03   -0.90870E-03
   -0.99129E-03    0.11105E+00   -0.14865E-02
   -0.91642E-03   -0.14574E-02    0.10725E+00
  
 Program finished at:                
 Elapsed time CPU_TIME:   23.880000000000003     
