 BEST ver.3.90 SFSU/ARAGON
  
 control gtensor value=   1.0000000000000000     
 true area (A^2)=    2009.6510000000001     
 total area (A^2) =    1929.5117915469837     
 centroid coords =   -8.0788432267883376E-002 -0.17337899543379040       -1.1661846778284291E-002
  
 first few rows of gr matrix
   4.8949287248742870       0.99415386318859866        5.0402342713820492E-002   1.9897711952839257       0.20481368791829616     
  0.99415386318859866        5.2119168254568553       -2.3966268467055171E-002  0.20481368791829616        2.1145554720126021     
   5.0402342713820505E-002  -2.3966268467054741E-002   6.0742836923671009      -0.21337975447307633      -0.37918155079516758     
   1.3452659088654235       0.13568511054616772      -0.14783896806061858        5.9851414948493549        1.1802784257087735     
  0.13568511054616772        1.4401007719850334      -0.27782694648411738        1.1802784257087739        6.5058368962345492     
 -0.14783896806061858      -0.27782694648411738        2.1992761638691545       0.14499266498749469      -0.17901062904054726     
  0.82802047087167319       0.15942991267956375      -0.14678909044946853        2.4902523857376191       0.57875819318975441     
  0.15942991267956375        1.0576225378217565      -0.30633833684970130       0.57875819318975441        3.5771139543959198     
 -0.14678909044946853      -0.30633833684970130        1.0913699559052696        8.4915077230775047E-003  -6.0268689628343045E-002
 first few columns of gr matrix
   4.8949287248742870       0.99415386318859866        5.0402342713820505E-002   1.3452659088654235       0.13568511054616772     
  0.99415386318859866        5.2119168254568553       -2.3966268467054741E-002  0.13568511054616772        1.4401007719850334     
   5.0402342713820492E-002  -2.3966268467055171E-002   6.0742836923671009      -0.14783896806061858      -0.27782694648411738     
   1.9897711952839257       0.20481368791829616      -0.21337975447307633        5.9851414948493549        1.1802784257087739     
  0.20481368791829616        2.1145554720126021      -0.37918155079516758        1.1802784257087735        6.5058368962345492     
 -0.21337975447307633      -0.37918155079516758        3.2344561842263029       0.14499266498749452      -0.17901062904054732     
  0.72073456865869556       0.14940005507263093      -0.14024619580080588        1.3257769358351839       0.36438514494663571     
  0.14940005507263093       0.88984483182647089      -0.24852311509379307       0.36438514494663571        1.7631705611786461     
 -0.14024619580080588      -0.24852311509379307       0.91629085974239832       -4.3049447157333019E-002 -0.11787974820046329     
  
 about to enter dgetrf
 Just out of dgetrf:                 
  
  **** TRANSLATION/ROTATION FLOWS ****
     U(X-Z) =     1.000     0.000     0.000 A/SEC
  OMGA(X-Z) =     0.000     0.000     0.000 RAD/S

 FTOTH(X-Z) =   -0.86006E+01   -0.81271E-01   -0.72584E-01
 TTOTH(X-Z) =    0.15983E+00   -0.20052E+01    0.11931E+01

     U(X-Z) =     0.000     1.000     0.000 A/SEC
  OMGA(X-Z) =     0.000     0.000     0.000 RAD/S

 FTOTH(X-Z) =   -0.81232E-01   -0.89734E+01   -0.12242E+00
 TTOTH(X-Z) =    0.16450E+01   -0.10043E+01    0.19981E+01

     U(X-Z) =     0.000     0.000     1.000 A/SEC
  OMGA(X-Z) =     0.000     0.000     0.000 RAD/S

 FTOTH(X-Z) =   -0.72617E-01   -0.12226E+00   -0.92943E+01
 TTOTH(X-Z) =   -0.13650E+00   -0.61157E+00    0.81954E+00

     U(X-Z) =     0.000     0.000     0.000 A/SEC
  OMGA(X-Z) =     1.000     0.000     0.000 RAD/S

 FTOTH(X-Z) =    0.14974E+00    0.16472E+01   -0.15217E+00
 TTOTH(X-Z) =   -0.15295E+04   -0.29842E+02   -0.25562E+02

     U(X-Z) =     0.000     0.000     0.000 A/SEC
  OMGA(X-Z) =     0.000     1.000     0.000 RAD/S

 FTOTH(X-Z) =   -0.20263E+01   -0.98971E+00   -0.63381E+00
 TTOTH(X-Z) =   -0.29909E+02   -0.18878E+04   -0.52876E+00

     U(X-Z) =     0.000     0.000     0.000 A/SEC
  OMGA(X-Z) =     0.000     0.000     1.000 RAD/S

 FTOTH(X-Z) =    0.12166E+01    0.20290E+01    0.82681E+00
 TTOTH(X-Z) =   -0.25310E+02   -0.57668E+00   -0.20020E+04

 I,J,Ktt,Ktr,Krt,Krr=    1    1  0.8601E+01 -0.1598E+00 -0.1497E+00  0.1529E+04
 I,J,Ktt,Ktr,Krt,Krr=    1    2  0.8123E-01 -0.1645E+01  0.2026E+01  0.2991E+02
 I,J,Ktt,Ktr,Krt,Krr=    1    3  0.7262E-01  0.1365E+00 -0.1217E+01  0.2531E+02
 I,J,Ktt,Ktr,Krt,Krr=    2    1  0.8127E-01  0.2005E+01 -0.1647E+01  0.2984E+02
 I,J,Ktt,Ktr,Krt,Krr=    2    2  0.8973E+01  0.1004E+01  0.9897E+00  0.1888E+04
 I,J,Ktt,Ktr,Krt,Krr=    2    3  0.1223E+00  0.6116E+00 -0.2029E+01  0.5767E+00
 I,J,Ktt,Ktr,Krt,Krr=    3    1  0.7258E-01 -0.1193E+01  0.1522E+00  0.2556E+02
 I,J,Ktt,Ktr,Krt,Krr=    3    2  0.1224E+00 -0.1998E+01  0.6338E+00  0.5288E+00
 I,J,Ktt,Ktr,Krt,Krr=    3    3  0.9294E+01 -0.8195E+00 -0.8268E+00  0.2002E+04
  
  Friction Tensors in Center of Resistance
  
  Ktt Tensor (A)
    0.86006E+01    0.81232E-01    0.72617E-01
    0.81271E-01    0.89734E+01    0.12226E+00
    0.72584E-01    0.12242E+00    0.92943E+01
  
  Symmetric Krt Tensor (A^2)
   -0.15479E+00    0.20158E+01   -0.12049E+01
   -0.16461E+01    0.99700E+00   -0.20136E+01
    0.14433E+00    0.62269E+00   -0.82317E+00
  
  Krr Tensor (A^3)
    0.15295E+04    0.29909E+02    0.25310E+02
    0.29842E+02    0.18878E+04    0.57668E+00
    0.25562E+02    0.52876E+00    0.20020E+04
  
 Raw Dtt tensor (no rot/trans coupling correction)
    0.11629E+00   -0.10405E-02   -0.89489E-03
   -0.10410E-02    0.11147E+00   -0.14582E-02
   -0.89445E-03   -0.14601E-02    0.10762E+00
  
 Raw Drr tensor (no rot/trans coupling correction)
    0.65417E-03   -0.10362E-04   -0.82670E-05
   -0.10338E-04    0.52989E-03   -0.21936E-07
   -0.83496E-05   -0.76474E-08    0.49960E-03
  
 Raw Dtt tensor, before CD transformation
    0.11629E+00   -0.10408E-02   -0.87241E-03
   -0.10407E-02    0.11147E+00   -0.14929E-02
   -0.89478E-03   -0.14607E-02    0.10766E+00
  
 Program finished at:                
 Elapsed time CPU_TIME:   12.068000000000000     
