 BEST ver.3.90 SFSU/ARAGON
  
 control gtensor value=   1.0000000000000000     
 true area (A^2)=    35614.320000000000     
 total area (A^2) =    32330.271231623268     
 centroid coords =   -5.7406521639830981        14.779024266301221        6.6706045449354949     
  
 first few rows of gr matrix
   12.286034809628841       -2.6425407126998799      -0.45067670113326430        1.5688892473313407       -3.4034029559669943E-002
  -2.6425407126998799        12.909760262780775       -1.1984108520343484E-002  -3.4034029559669943E-002   1.6594347553091842     
 -0.45067670113326386       -1.1984108520344372E-002   14.447083294358178       -5.1814315102602836E-002  0.26290498696426468     
   2.7052735320612928      -0.10894569279280501       -6.6061087673166485E-002   8.1636972368395835       -1.3894130671291092     
 -0.10894569279280501        2.8269799621521501       0.46862082316505826       -1.3894130671291087        10.605396323042081     
  -6.6061087673166485E-002  0.46862082316505826        4.9275596258499048       0.41419064957555451       0.13132661274067481     
   1.5729267021560622      -0.18921501615110661       0.11474572146608163       0.93882450197461065      -0.18905983410962338     
 -0.18921501615110661        2.4272632222581549      -0.67012643399088623      -0.18905983410962338        1.7312519717784118     
  0.11474572146608163      -0.67012643399088623        2.0794033471844124        3.1391062578039640E-003  -4.9335163866999245E-003
 first few columns of gr matrix
   12.286034809628841       -2.6425407126998799      -0.45067670113326386        2.7052735320612928      -0.10894569279280501     
  -2.6425407126998799        12.909760262780775       -1.1984108520344372E-002 -0.10894569279280501        2.8269799621521501     
 -0.45067670113326430       -1.1984108520343484E-002   14.447083294358178       -6.6061087673166485E-002  0.46862082316505826     
   1.5688892473313407       -3.4034029559669943E-002  -5.1814315102602836E-002   8.1636972368395835       -1.3894130671291087     
  -3.4034029559669943E-002   1.6594347553091842       0.26290498696426468       -1.3894130671291092        10.605396323042081     
  -5.1814315102602836E-002  0.26290498696426468        2.9943910021536562       0.41419064957555474       0.13132661274067386     
   1.6156802385053495      -0.26572233475683671       0.16140576694069581        1.7174416453778831      -0.36682345907781883     
 -0.26572233475683671        2.5158143529410357      -0.62261868580664714      -0.36682345907781883        3.0615013395730406     
  0.16140576694069581      -0.62261868580664714        1.9756021157298200       -6.0611764528782919E-003  -2.5282849478433556E-002
  
 about to enter dgetrf
 Just out of dgetrf:                 
  
  **** TRANSLATION/ROTATION FLOWS ****
     U(X-Z) =     1.000     0.000     0.000 A/SEC
  OMGA(X-Z) =     0.000     0.000     0.000 RAD/S

 FTOTH(X-Z) =   -0.32162E+02   -0.21032E-01    0.12499E+00
 TTOTH(X-Z) =   -0.12727E+02    0.37454E+01    0.75363E+01

     U(X-Z) =     0.000     1.000     0.000 A/SEC
  OMGA(X-Z) =     0.000     0.000     0.000 RAD/S

 FTOTH(X-Z) =   -0.21062E-01   -0.32599E+02   -0.42222E-01
 TTOTH(X-Z) =   -0.70589E+01    0.14274E+02   -0.32873E+01

     U(X-Z) =     0.000     0.000     1.000 A/SEC
  OMGA(X-Z) =     0.000     0.000     0.000 RAD/S

 FTOTH(X-Z) =    0.12522E+00   -0.42144E-01   -0.32079E+02
 TTOTH(X-Z) =    0.17823E+02    0.46003E+01   -0.16686E+01

     U(X-Z) =     0.000     0.000     0.000 A/SEC
  OMGA(X-Z) =     1.000     0.000     0.000 RAD/S

 FTOTH(X-Z) =   -0.12760E+02   -0.69731E+01    0.17892E+02
 TTOTH(X-Z) =   -0.81981E+05   -0.25775E+02   -0.98016E+03

     U(X-Z) =     0.000     0.000     0.000 A/SEC
  OMGA(X-Z) =     0.000     1.000     0.000 RAD/S

 FTOTH(X-Z) =    0.35816E+01    0.14281E+02    0.47345E+01
 TTOTH(X-Z) =   -0.16658E+02   -0.83933E+05   -0.34745E+02

     U(X-Z) =     0.000     0.000     0.000 A/SEC
  OMGA(X-Z) =     0.000     0.000     1.000 RAD/S

 FTOTH(X-Z) =    0.76156E+01   -0.34209E+01   -0.16214E+01
 TTOTH(X-Z) =   -0.97778E+03   -0.25019E+02   -0.82532E+05

 I,J,Ktt,Ktr,Krt,Krr=    1    1  0.3216E+02  0.1273E+02  0.1276E+02  0.8198E+05
 I,J,Ktt,Ktr,Krt,Krr=    1    2  0.2106E-01  0.7059E+01 -0.3582E+01  0.1666E+02
 I,J,Ktt,Ktr,Krt,Krr=    1    3 -0.1252E+00 -0.1782E+02 -0.7616E+01  0.9778E+03
 I,J,Ktt,Ktr,Krt,Krr=    2    1  0.2103E-01 -0.3745E+01  0.6973E+01  0.2578E+02
 I,J,Ktt,Ktr,Krt,Krr=    2    2  0.3260E+02 -0.1427E+02 -0.1428E+02  0.8393E+05
 I,J,Ktt,Ktr,Krt,Krr=    2    3  0.4214E-01 -0.4600E+01  0.3421E+01  0.2502E+02
 I,J,Ktt,Ktr,Krt,Krr=    3    1 -0.1250E+00 -0.7536E+01 -0.1789E+02  0.9802E+03
 I,J,Ktt,Ktr,Krt,Krr=    3    2  0.4222E-01  0.3287E+01 -0.4734E+01  0.3474E+02
 I,J,Ktt,Ktr,Krt,Krr=    3    3  0.3208E+02  0.1669E+01  0.1621E+01  0.8253E+05
  
  Friction Tensors in Center of Resistance
  
  Ktt Tensor (A)
    0.32162E+02    0.21062E-01   -0.12522E+00
    0.21032E-01    0.32599E+02    0.42144E-01
   -0.12499E+00    0.42222E-01    0.32079E+02
  
  Symmetric Krt Tensor (A^2)
    0.12744E+02   -0.36635E+01   -0.75759E+01
    0.70160E+01   -0.14277E+02    0.33541E+01
   -0.17857E+02   -0.46674E+01    0.16450E+01
  
  Krr Tensor (A^3)
    0.81981E+05    0.16658E+02    0.97778E+03
    0.25775E+02    0.83933E+05    0.25019E+02
    0.98016E+03    0.34745E+02    0.82532E+05
  
 Raw Dtt tensor (no rot/trans coupling correction)
    0.31093E-01   -0.20246E-04    0.12139E-03
   -0.20217E-04    0.30676E-01   -0.40379E-04
    0.12117E-03   -0.40454E-04    0.31173E-01
  
 Raw Drr tensor (no rot/trans coupling correction)
    0.12200E-04   -0.23614E-08   -0.14453E-06
   -0.37033E-08    0.11914E-04   -0.35679E-08
   -0.14488E-06   -0.49877E-08    0.12118E-04
  
 Raw Dtt tensor, before CD transformation
    0.31093E-01   -0.20245E-04    0.12016E-03
   -0.20219E-04    0.30676E-01   -0.40694E-04
    0.12118E-03   -0.40455E-04    0.31174E-01
  
 Program finished at:                
 Elapsed time CPU_TIME:   521.12000000000000     
