 BEST ver.3.90 SFSU/ARAGON
  
 control gtensor value=   1.0000000000000000     
 true area (A^2)=    35614.320000000000     
 total area (A^2) =    31610.068509213150     
 centroid coords =   -5.6969461462450450        14.597139739789224        6.5146447628458626     
  
 first few rows of gr matrix
   12.425208839189452       -2.6724749465648330      -0.45578188710234957        1.6046347664136142       -3.4809459727950548E-002
  -2.6724749465648330        13.055999743969979       -1.2119862382294233E-002  -3.4809459727950548E-002   1.6972432601559031     
 -0.45578188710234957       -1.2119862382293345E-002   14.610737298976316       -5.2994850690048091E-002  0.26889500521720439     
   2.7669103919145579      -0.11142790774027801       -6.7566221240772079E-002   8.2561741554035244       -1.4051520926383776     
 -0.11142790774027801        2.8913897771561068       0.47929786401118124       -1.4051520926383785        10.725532377044487     
  -6.7566221240772079E-002  0.47929786401118124        5.0398289762418909       0.41888252800508441       0.13281425738492825     
   1.4666041791033257       -4.1434551837278462E-002   3.3736603840770585E-003  0.83988006905906876       -6.3940333914887973E-002
  -4.1434551837278462E-002   2.4278742906439779      -0.62670772516394313       -6.3940333914887973E-002   1.6490612567228953     
   3.3736603840770585E-003 -0.62670772516394313        1.8965215863902334        1.4012116220724208E-003   1.9059435612875061E-003
 first few columns of gr matrix
   12.425208839189452       -2.6724749465648330      -0.45578188710234957        2.7669103919145579      -0.11142790774027801     
  -2.6724749465648330        13.055999743969979       -1.2119862382293345E-002 -0.11142790774027801        2.8913897771561068     
 -0.45578188710234957       -1.2119862382294233E-002   14.610737298976316       -6.7566221240772079E-002  0.47929786401118124     
   1.6046347664136142       -3.4809459727950548E-002  -5.2994850690048091E-002   8.2561741554035244       -1.4051520926383785     
  -3.4809459727950548E-002   1.6972432601559031       0.26889500521720439       -1.4051520926383776        10.725532377044487     
  -5.2994850690048091E-002  0.26889500521720439        3.0626151045811132       0.41888252800508441       0.13281425738492864     
   1.3367389075585268       -9.2814659036395450E-002   6.5315294940904323E-002   1.4158355381777752      -0.16427235623151659     
  -9.2814659036395450E-002   2.2567548876486052      -0.54297107917287823      -0.16427235623151659        2.7139859048398458     
   6.5315294940904323E-002 -0.54297107917287823        1.6936112565215795        9.8537729534199908E-003  -2.6445747167709883E-002
  
 about to enter dgetrf
 Just out of dgetrf:                 
  
  **** TRANSLATION/ROTATION FLOWS ****
     U(X-Z) =     1.000     0.000     0.000 A/SEC
  OMGA(X-Z) =     0.000     0.000     0.000 RAD/S

 FTOTH(X-Z) =   -0.32055E+02   -0.14418E-01    0.12846E+00
 TTOTH(X-Z) =   -0.12960E+02   -0.21624E+01    0.12640E+02

     U(X-Z) =     0.000     1.000     0.000 A/SEC
  OMGA(X-Z) =     0.000     0.000     0.000 RAD/S

 FTOTH(X-Z) =   -0.14366E-01   -0.32482E+02   -0.44343E-01
 TTOTH(X-Z) =   -0.11849E+01    0.14286E+02   -0.95376E+00

     U(X-Z) =     0.000     0.000     1.000 A/SEC
  OMGA(X-Z) =     0.000     0.000     0.000 RAD/S

 FTOTH(X-Z) =    0.12817E+00   -0.43891E-01   -0.31968E+02
 TTOTH(X-Z) =    0.13173E+02    0.17094E+01   -0.15913E+01

     U(X-Z) =     0.000     0.000     0.000 A/SEC
  OMGA(X-Z) =     1.000     0.000     0.000 RAD/S

 FTOTH(X-Z) =   -0.12909E+02   -0.13007E+01    0.13209E+02
 TTOTH(X-Z) =   -0.81195E+05    0.74011E+02   -0.95556E+03

     U(X-Z) =     0.000     0.000     0.000 A/SEC
  OMGA(X-Z) =     0.000     1.000     0.000 RAD/S

 FTOTH(X-Z) =   -0.23102E+01    0.14477E+02    0.19153E+01
 TTOTH(X-Z) =    0.51177E+02   -0.83078E+05   -0.47614E+02

     U(X-Z) =     0.000     0.000     0.000 A/SEC
  OMGA(X-Z) =     0.000     0.000     1.000 RAD/S

 FTOTH(X-Z) =    0.12763E+02   -0.14390E+01   -0.17342E+01
 TTOTH(X-Z) =   -0.93189E+03   -0.35921E+02   -0.81662E+05

 I,J,Ktt,Ktr,Krt,Krr=    1    1  0.3206E+02  0.1296E+02  0.1291E+02  0.8119E+05
 I,J,Ktt,Ktr,Krt,Krr=    1    2  0.1437E-01  0.1185E+01  0.2310E+01 -0.5118E+02
 I,J,Ktt,Ktr,Krt,Krr=    1    3 -0.1282E+00 -0.1317E+02 -0.1276E+02  0.9319E+03
 I,J,Ktt,Ktr,Krt,Krr=    2    1  0.1442E-01  0.2162E+01  0.1301E+01 -0.7401E+02
 I,J,Ktt,Ktr,Krt,Krr=    2    2  0.3248E+02 -0.1429E+02 -0.1448E+02  0.8308E+05
 I,J,Ktt,Ktr,Krt,Krr=    2    3  0.4389E-01 -0.1709E+01  0.1439E+01  0.3592E+02
 I,J,Ktt,Ktr,Krt,Krr=    3    1 -0.1285E+00 -0.1264E+02 -0.1321E+02  0.9556E+03
 I,J,Ktt,Ktr,Krt,Krr=    3    2  0.4434E-01  0.9538E+00 -0.1915E+01  0.4761E+02
 I,J,Ktt,Ktr,Krt,Krr=    3    3  0.3197E+02  0.1591E+01  0.1734E+01  0.8166E+05
  
  Friction Tensors in Center of Resistance
  
  Ktt Tensor (A)
    0.32055E+02    0.14366E-01   -0.12817E+00
    0.14418E-01    0.32482E+02    0.43891E-01
   -0.12846E+00    0.44343E-01    0.31968E+02
  
  Symmetric Krt Tensor (A^2)
    0.12934E+02    0.22363E+01   -0.12702E+02
    0.12428E+01   -0.14381E+02    0.11964E+01
   -0.13191E+02   -0.18123E+01    0.16628E+01
  
  Krr Tensor (A^3)
    0.81195E+05   -0.51177E+02    0.93189E+03
   -0.74011E+02    0.83078E+05    0.35921E+02
    0.95556E+03    0.47614E+02    0.81662E+05
  
 Raw Dtt tensor (no rot/trans coupling correction)
    0.31197E-01   -0.13968E-04    0.12510E-03
   -0.14017E-04    0.30786E-01   -0.42325E-04
    0.12538E-03   -0.42759E-04    0.31282E-01
  
 Raw Drr tensor (no rot/trans coupling correction)
    0.12318E-04    0.76685E-08   -0.14057E-06
    0.11036E-07    0.12037E-04   -0.54207E-08
   -0.14414E-06   -0.71080E-08    0.12247E-04
  
 Raw Dtt tensor, before CD transformation
    0.31197E-01   -0.13965E-04    0.12286E-03
   -0.14019E-04    0.30786E-01   -0.42901E-04
    0.12538E-03   -0.42762E-04    0.31284E-01
  
 Program finished at:                
 Elapsed time CPU_TIME:   195.19999999999999     
