 BEST ver.3.90 SFSU/ARAGON
  
 control gtensor value=   1.0000000000000000     
 true area (A^2)=    35614.320000000000     
 total area (A^2) =    31863.225702322510     
 centroid coords =   -5.7330533854166479        14.605741898148175        6.6327403067129831     
  
 first few rows of gr matrix
   12.375750509492711       -2.6618372060870552      -0.45396765515390924        1.5918857485575419       -3.4532894348139075E-002
  -2.6618372060870552        13.004030561945353       -1.2071619478906892E-002  -3.4532894348139075E-002   1.6837584565839430     
 -0.45396765515391013       -1.2071619478906892E-002   14.552579510902278       -5.2573800173214683E-002  0.26675860178467453     
   2.7449269532336720      -0.11054259949744301       -6.7029399417453867E-002   8.2233105964326896       -1.3995589089445510     
 -0.11054259949744301        2.8684173346605371       0.47548978434435885       -1.3995589089445497        10.682839580219715     
  -6.7029399417453867E-002  0.47548978434435885        4.9997869237109800       0.41721517331975022       0.13228559252181155     
   1.4549518310060894       -4.1105349297056504E-002   3.3468562431116641E-003  0.83320712003570618       -6.3432320206182113E-002
  -4.1105349297056504E-002   2.4085845349116499      -0.62172845626993101       -6.3432320206182113E-002   1.6359592650125288     
   3.3468562431116641E-003 -0.62172845626993101        1.8814534923445361        1.3900788257726973E-003   1.8908006085083954E-003
 first few columns of gr matrix
   12.375750509492711       -2.6618372060870552      -0.45396765515391013        2.7449269532336720      -0.11054259949744301     
  -2.6618372060870552        13.004030561945353       -1.2071619478906892E-002 -0.11054259949744301        2.8684173346605371     
 -0.45396765515390924       -1.2071619478906892E-002   14.552579510902278       -6.7029399417453867E-002  0.47548978434435885     
   1.5918857485575419       -3.4532894348139075E-002  -5.2573800173214683E-002   8.2233105964326896       -1.3995589089445497     
  -3.4532894348139075E-002   1.6837584565839430       0.26675860178467453       -1.3995589089445510        10.682839580219715     
  -5.2573800173214683E-002  0.26675860178467453        3.0382822560900835       0.41721517331975044       0.13228559252181193     
   1.3261183547959441       -9.2077235312238603E-002   6.4796357000068514E-002   1.4045865530907615      -0.16296719243556101     
  -9.2077235312238603E-002   2.2388246963292961      -0.53865710808824474      -0.16296719243556101        2.6924229576283349     
   6.4796357000068514E-002 -0.53865710808824474        1.6801553096590440        9.7754835320748388E-003  -2.6235632498680331E-002
  
 about to enter dgetrf
 Just out of dgetrf:                 
  
  **** TRANSLATION/ROTATION FLOWS ****
     U(X-Z) =     1.000     0.000     0.000 A/SEC
  OMGA(X-Z) =     0.000     0.000     0.000 RAD/S

 FTOTH(X-Z) =   -0.32101E+02   -0.20606E-01    0.12921E+00
 TTOTH(X-Z) =   -0.12809E+02    0.27189E+01    0.12458E+02

     U(X-Z) =     0.000     1.000     0.000 A/SEC
  OMGA(X-Z) =     0.000     0.000     0.000 RAD/S

 FTOTH(X-Z) =   -0.20580E-01   -0.32529E+02   -0.42972E-01
 TTOTH(X-Z) =   -0.56690E+01    0.14504E+02   -0.22282E+01

     U(X-Z) =     0.000     0.000     1.000 A/SEC
  OMGA(X-Z) =     0.000     0.000     0.000 RAD/S

 FTOTH(X-Z) =    0.12901E+00   -0.42919E-01   -0.32011E+02
 TTOTH(X-Z) =    0.13361E+02    0.31859E+01   -0.17535E+01

     U(X-Z) =     0.000     0.000     0.000 A/SEC
  OMGA(X-Z) =     1.000     0.000     0.000 RAD/S

 FTOTH(X-Z) =   -0.12869E+02   -0.57265E+01    0.13515E+02
 TTOTH(X-Z) =   -0.81542E+05    0.19336E+02   -0.95823E+03

     U(X-Z) =     0.000     0.000     0.000 A/SEC
  OMGA(X-Z) =     0.000     1.000     0.000 RAD/S

 FTOTH(X-Z) =    0.25158E+01    0.14561E+02    0.33345E+01
 TTOTH(X-Z) =    0.11680E+02   -0.83404E+05   -0.48863E+02

     U(X-Z) =     0.000     0.000     0.000 A/SEC
  OMGA(X-Z) =     0.000     0.000     1.000 RAD/S

 FTOTH(X-Z) =    0.12423E+02   -0.25578E+01   -0.18293E+01
 TTOTH(X-Z) =   -0.93629E+03   -0.52386E+02   -0.81995E+05

 I,J,Ktt,Ktr,Krt,Krr=    1    1  0.3210E+02  0.1281E+02  0.1287E+02  0.8154E+05
 I,J,Ktt,Ktr,Krt,Krr=    1    2  0.2058E-01  0.5669E+01 -0.2516E+01 -0.1168E+02
 I,J,Ktt,Ktr,Krt,Krr=    1    3 -0.1290E+00 -0.1336E+02 -0.1242E+02  0.9363E+03
 I,J,Ktt,Ktr,Krt,Krr=    2    1  0.2061E-01 -0.2719E+01  0.5726E+01 -0.1934E+02
 I,J,Ktt,Ktr,Krt,Krr=    2    2  0.3253E+02 -0.1450E+02 -0.1456E+02  0.8340E+05
 I,J,Ktt,Ktr,Krt,Krr=    2    3  0.4292E-01 -0.3186E+01  0.2558E+01  0.5239E+02
 I,J,Ktt,Ktr,Krt,Krr=    3    1 -0.1292E+00 -0.1246E+02 -0.1352E+02  0.9582E+03
 I,J,Ktt,Ktr,Krt,Krr=    3    2  0.4297E-01  0.2228E+01 -0.3334E+01  0.4886E+02
 I,J,Ktt,Ktr,Krt,Krr=    3    3  0.3201E+02  0.1753E+01  0.1829E+01  0.8200E+05
  
  Friction Tensors in Center of Resistance
  
  Ktt Tensor (A)
    0.32101E+02    0.20580E-01   -0.12901E+00
    0.20606E-01    0.32529E+02    0.42919E-01
   -0.12921E+00    0.42972E-01    0.32011E+02
  
  Symmetric Krt Tensor (A^2)
    0.12839E+02   -0.26174E+01   -0.12441E+02
    0.56977E+01   -0.14532E+02    0.23930E+01
   -0.13438E+02   -0.32602E+01    0.17914E+01
  
  Krr Tensor (A^3)
    0.81542E+05   -0.11680E+02    0.93629E+03
   -0.19336E+02    0.83404E+05    0.52386E+02
    0.95823E+03    0.48863E+02    0.81995E+05
  
 Raw Dtt tensor (no rot/trans coupling correction)
    0.31152E-01   -0.19875E-04    0.12557E-03
   -0.19900E-04    0.30742E-01   -0.41297E-04
    0.12577E-03   -0.41349E-04    0.31240E-01
  
 Raw Drr tensor (no rot/trans coupling correction)
    0.12265E-04    0.17998E-08   -0.14006E-06
    0.29336E-08    0.11990E-04   -0.76936E-08
   -0.14334E-06   -0.71661E-08    0.12198E-04
  
 Raw Dtt tensor, before CD transformation
    0.31152E-01   -0.19873E-04    0.12352E-03
   -0.19901E-04    0.30742E-01   -0.41388E-04
    0.12578E-03   -0.41352E-04    0.31242E-01
  
 Program finished at:                
 Elapsed time CPU_TIME:   262.97999999999996     
