 BEST ver.3.90 SFSU/ARAGON
  
 control gtensor value=   1.0000000000000000     
 true area (A^2)=    13157.130999999999     
 total area (A^2) =    12140.439815486079     
 centroid coords =    25.578527642276406       -2.9639403455284565        12.605356199187000     
  
 first few rows of gr matrix
   5.1563942166367278      -0.15960034202722143      -0.56021096298862338        2.5471007067316780      -0.39906955508286418     
 -0.15960034202722143        7.5463644237762129       0.11639291412015512      -0.39906955508286418        3.3047962584134769     
 -0.56021096298862338       0.11639291412015512        7.3597820845893072      -0.48298809179049551       0.78129147588126413     
   1.7158307589701836      -0.28436000658054161      -0.34380010952785178        6.9862094487385118      -0.63112885796619278     
 -0.28436000658054161        2.2015762864800585       0.53354223023307978      -0.63112885796619300        9.5886688148257306     
 -0.34380010952785178       0.53354223023307978        2.2557781648765225       -1.1904250987992069       0.21092178319812444     
  0.52223636813851881       0.18131317234918670       -1.7899630745422588E-002  0.69732296056054588       0.20361929435427481     
  0.18131317234918670       0.66785804221784462       -2.4461913321016458E-002  0.20361929435427481        1.1115462910103266     
  -1.7899630745422588E-002  -2.4461913321016458E-002  0.40359789170309740        2.8405586911166049E-002   7.8999592162789761E-002
 first few columns of gr matrix
   5.1563942166367278      -0.15960034202722143      -0.56021096298862338        1.7158307589701836      -0.28436000658054161     
 -0.15960034202722143        7.5463644237762129       0.11639291412015512      -0.28436000658054161        2.2015762864800585     
 -0.56021096298862338       0.11639291412015512        7.3597820845893072      -0.34380010952785178       0.53354223023307978     
   2.5471007067316780      -0.39906955508286418      -0.48298809179049551        6.9862094487385118      -0.63112885796619300     
 -0.39906955508286418        3.3047962584134769       0.78129147588126413      -0.63112885796619278        9.5886688148257306     
 -0.48298809179049551       0.78129147588126413        3.4404355736879961       -1.1904250987992064       0.21092178319812488     
  0.64347146993238802       0.22094491203296612       -1.7152076086861083E-002  0.51447272972255909       0.15822240741844887     
  0.22094491203296612       0.85573878976731022       -2.6450315386704521E-002  0.15822240741844887       0.80824661566875988     
  -1.7152076086861083E-002  -2.6450315386704521E-002  0.50660125815168167        1.4901627478635366E-002   3.5993961402793137E-002
  
 about to enter dgetrf
 Just out of dgetrf:                 
  
  **** TRANSLATION/ROTATION FLOWS ****
     U(X-Z) =     1.000     0.000     0.000 A/SEC
  OMGA(X-Z) =     0.000     0.000     0.000 RAD/S

 FTOTH(X-Z) =   -0.21655E+02   -0.82424E-01   -0.48936E+00
 TTOTH(X-Z) =    0.24482E+01   -0.73635E+01   -0.14152E+02

     U(X-Z) =     0.000     1.000     0.000 A/SEC
  OMGA(X-Z) =     0.000     0.000     0.000 RAD/S

 FTOTH(X-Z) =   -0.82396E-01   -0.20579E+02   -0.44493E+00
 TTOTH(X-Z) =    0.58039E+01    0.54987E+00   -0.67773E+01

     U(X-Z) =     0.000     0.000     1.000 A/SEC
  OMGA(X-Z) =     0.000     0.000     0.000 RAD/S

 FTOTH(X-Z) =   -0.48953E+00   -0.44504E+00   -0.19958E+02
 TTOTH(X-Z) =    0.13015E+02    0.50107E+01   -0.31948E+01

     U(X-Z) =     0.000     0.000     0.000 A/SEC
  OMGA(X-Z) =     1.000     0.000     0.000 RAD/S

 FTOTH(X-Z) =    0.24351E+01    0.57445E+01    0.12911E+02
 TTOTH(X-Z) =   -0.27670E+05   -0.71408E+02   -0.21960E+04

     U(X-Z) =     0.000     0.000     0.000 A/SEC
  OMGA(X-Z) =     0.000     1.000     0.000 RAD/S

 FTOTH(X-Z) =   -0.73659E+01    0.60400E+00    0.50087E+01
 TTOTH(X-Z) =   -0.71927E+02   -0.23564E+05   -0.22494E+04

     U(X-Z) =     0.000     0.000     0.000 A/SEC
  OMGA(X-Z) =     0.000     0.000     1.000 RAD/S

 FTOTH(X-Z) =   -0.14017E+02   -0.68245E+01   -0.31545E+01
 TTOTH(X-Z) =   -0.21928E+04   -0.22547E+04   -0.20092E+05

 I,J,Ktt,Ktr,Krt,Krr=    1    1  0.2166E+02 -0.2448E+01 -0.2435E+01  0.2767E+05
 I,J,Ktt,Ktr,Krt,Krr=    1    2  0.8240E-01 -0.5804E+01  0.7366E+01  0.7193E+02
 I,J,Ktt,Ktr,Krt,Krr=    1    3  0.4895E+00 -0.1302E+02  0.1402E+02  0.2193E+04
 I,J,Ktt,Ktr,Krt,Krr=    2    1  0.8242E-01  0.7363E+01 -0.5745E+01  0.7141E+02
 I,J,Ktt,Ktr,Krt,Krr=    2    2  0.2058E+02 -0.5499E+00 -0.6040E+00  0.2356E+05
 I,J,Ktt,Ktr,Krt,Krr=    2    3  0.4450E+00 -0.5011E+01  0.6824E+01  0.2255E+04
 I,J,Ktt,Ktr,Krt,Krr=    3    1  0.4894E+00  0.1415E+02 -0.1291E+02  0.2196E+04
 I,J,Ktt,Ktr,Krt,Krr=    3    2  0.4449E+00  0.6777E+01 -0.5009E+01  0.2249E+04
 I,J,Ktt,Ktr,Krt,Krr=    3    3  0.1996E+02  0.3195E+01  0.3154E+01  0.2009E+05
  
  Friction Tensors in Center of Resistance
  
  Ktt Tensor (A)
    0.21655E+02    0.82396E-01    0.48953E+00
    0.82424E-01    0.20579E+02    0.44504E+00
    0.48936E+00    0.44493E+00    0.19958E+02
  
  Symmetric Krt Tensor (A^2)
   -0.24417E+01    0.73647E+01    0.14084E+02
   -0.57742E+01   -0.57693E+00    0.68009E+01
   -0.12963E+02   -0.50097E+01    0.31747E+01
  
  Krr Tensor (A^3)
    0.27670E+05    0.71927E+02    0.21928E+04
    0.71408E+02    0.23564E+05    0.22547E+04
    0.21960E+04    0.22494E+04    0.20092E+05
  
 Raw Dtt tensor (no rot/trans coupling correction)
    0.46205E-01   -0.16057E-03   -0.11297E-02
   -0.16064E-03    0.48617E-01   -0.10801E-02
   -0.11293E-02   -0.10799E-02    0.50156E-01
  
 Raw Drr tensor (no rot/trans coupling correction)
    0.36458E-04    0.27146E-06   -0.40095E-05
    0.27372E-06    0.42898E-04   -0.48439E-05
   -0.40154E-05   -0.48325E-05    0.50752E-04
  
 Raw Dtt tensor, before CD transformation
    0.46205E-01   -0.16037E-03   -0.11390E-02
   -0.16080E-03    0.48617E-01   -0.10728E-02
   -0.11298E-02   -0.10804E-02    0.50179E-01
  
 Program finished at:                
 Elapsed time CPU_TIME:   146.28800000000001     
