 BEST ver.3.90 SFSU/ARAGON
  
 control gtensor value=   1.0000000000000000     
 true area (A^2)=    13157.130999999999     
 total area (A^2) =    12332.047395498757     
 centroid coords =    25.488837189374458       -2.9936333904598604        12.423966295344188     
  
 first few rows of gr matrix
   5.2859797287717747       0.21181760183834625      -0.11048990821039836        2.4881454421652878       -7.5099931117840538E-002
  0.21181760183834630        8.0351787919588418       -1.0851035590127487E-002  -7.5099931117840538E-002   3.1131403896253067     
 -0.11048990821039831       -1.0851035590127046E-002   7.7385307391303684      -0.28326225297096835       0.55754999583900733     
   1.7202377348326083       -8.2337705014968940E-002 -0.26977839812267373        6.8817084542609415        6.8987923722736655E-002
  -8.2337705014968940E-002   2.1095722784106621       0.43687793472093178        6.8987923722736766E-002   9.7566081014183492     
 -0.26977839812267373       0.43687793472093178        2.7657931876522461       -1.0567970191076737       0.27922496161645294     
  0.50494205981863749       0.17321768974748417       -4.1439519652798559E-003  0.65886550076870454       0.20648758618388974     
  0.17321768974748417       0.70868427204737527       -7.0605592388000814E-003  0.20648758618388974        1.0014987433961628     
  -4.1439519652798559E-003  -7.0605592388000814E-003  0.40708958704712017        3.8751556025351977E-002   8.6079220100575657E-002
 first few columns of gr matrix
   5.2859797287717747       0.21181760183834630      -0.11048990821039831        1.7202377348326083       -8.2337705014968940E-002
  0.21181760183834625        8.0351787919588418       -1.0851035590127046E-002  -8.2337705014968940E-002   2.1095722784106621     
 -0.11048990821039836       -1.0851035590127487E-002   7.7385307391303684      -0.26977839812267373       0.43687793472093178     
   2.4881454421652878       -7.5099931117840538E-002 -0.28326225297096835        6.8817084542609415        6.8987923722736766E-002
  -7.5099931117840538E-002   3.1131403896253067       0.55754999583900733        6.8987923722736655E-002   9.7566081014183492     
 -0.28326225297096835       0.55754999583900733        4.1269197097637802       -1.0567970191076737       0.27922496161645288     
  0.56098931228171411       0.18846065489029404       -9.0941622923808429E-003  0.46255484584390827       0.13932199322571256     
  0.18846065489029404       0.80054801725729652       -1.5625733198792610E-002  0.13932199322571256       0.72739123035672493     
  -9.0941622923808429E-003  -1.5625733198792610E-002  0.45816605902584523        2.4391664787275828E-002   5.8517081527152244E-002
  
 about to enter dgetrf
 Just out of dgetrf:                 
  
  **** TRANSLATION/ROTATION FLOWS ****
     U(X-Z) =     1.000     0.000     0.000 A/SEC
  OMGA(X-Z) =     0.000     0.000     0.000 RAD/S

 FTOTH(X-Z) =   -0.21751E+02   -0.72347E-01   -0.49515E+00
 TTOTH(X-Z) =    0.21198E+01   -0.11782E+02   -0.13587E+02

     U(X-Z) =     0.000     1.000     0.000 A/SEC
  OMGA(X-Z) =     0.000     0.000     0.000 RAD/S

 FTOTH(X-Z) =   -0.72236E-01   -0.20671E+02   -0.44245E+00
 TTOTH(X-Z) =    0.99812E+01    0.98727E+00   -0.86773E+01

     U(X-Z) =     0.000     0.000     1.000 A/SEC
  OMGA(X-Z) =     0.000     0.000     0.000 RAD/S

 FTOTH(X-Z) =   -0.49397E+00   -0.44283E+00   -0.20043E+02
 TTOTH(X-Z) =    0.12262E+02    0.68406E+01   -0.32622E+01

     U(X-Z) =     0.000     0.000     0.000 A/SEC
  OMGA(X-Z) =     1.000     0.000     0.000 RAD/S

 FTOTH(X-Z) =    0.21300E+01    0.99540E+01    0.12256E+02
 TTOTH(X-Z) =   -0.28030E+05   -0.85116E+02   -0.22756E+04

     U(X-Z) =     0.000     0.000     0.000 A/SEC
  OMGA(X-Z) =     0.000     1.000     0.000 RAD/S

 FTOTH(X-Z) =   -0.11810E+02    0.10215E+01    0.68431E+01
 TTOTH(X-Z) =   -0.87494E+02   -0.23920E+05   -0.23023E+04

     U(X-Z) =     0.000     0.000     0.000 A/SEC
  OMGA(X-Z) =     0.000     0.000     1.000 RAD/S

 FTOTH(X-Z) =   -0.13618E+02   -0.86309E+01   -0.32645E+01
 TTOTH(X-Z) =   -0.22718E+04   -0.23053E+04   -0.20346E+05

 I,J,Ktt,Ktr,Krt,Krr=    1    1  0.2175E+02 -0.2120E+01 -0.2130E+01  0.2803E+05
 I,J,Ktt,Ktr,Krt,Krr=    1    2  0.7224E-01 -0.9981E+01  0.1181E+02  0.8749E+02
 I,J,Ktt,Ktr,Krt,Krr=    1    3  0.4940E+00 -0.1226E+02  0.1362E+02  0.2272E+04
 I,J,Ktt,Ktr,Krt,Krr=    2    1  0.7235E-01  0.1178E+02 -0.9954E+01  0.8512E+02
 I,J,Ktt,Ktr,Krt,Krr=    2    2  0.2067E+02 -0.9873E+00 -0.1022E+01  0.2392E+05
 I,J,Ktt,Ktr,Krt,Krr=    2    3  0.4428E+00 -0.6841E+01  0.8631E+01  0.2305E+04
 I,J,Ktt,Ktr,Krt,Krr=    3    1  0.4951E+00  0.1359E+02 -0.1226E+02  0.2276E+04
 I,J,Ktt,Ktr,Krt,Krr=    3    2  0.4425E+00  0.8677E+01 -0.6843E+01  0.2302E+04
 I,J,Ktt,Ktr,Krt,Krr=    3    3  0.2004E+02  0.3262E+01  0.3264E+01  0.2035E+05
  
  Friction Tensors in Center of Resistance
  
  Ktt Tensor (A)
    0.21751E+02    0.72236E-01    0.49397E+00
    0.72347E-01    0.20671E+02    0.44283E+00
    0.49515E+00    0.44245E+00    0.20043E+02
  
  Symmetric Krt Tensor (A^2)
   -0.21249E+01    0.11796E+02    0.13603E+02
   -0.99676E+01   -0.10044E+01    0.86541E+01
   -0.12259E+02   -0.68419E+01    0.32633E+01
  
  Krr Tensor (A^3)
    0.28030E+05    0.87494E+02    0.22718E+04
    0.85116E+02    0.23920E+05    0.23053E+04
    0.22756E+04    0.23023E+04    0.20346E+05
  
 Raw Dtt tensor (no rot/trans coupling correction)
    0.46001E-01   -0.13655E-03   -0.11307E-02
   -0.13672E-03    0.48401E-01   -0.10660E-02
   -0.11334E-02   -0.10651E-02    0.49943E-01
  
 Raw Drr tensor (no rot/trans coupling correction)
    0.36005E-04    0.25807E-06   -0.40494E-05
    0.26284E-06    0.42268E-04   -0.48185E-05
   -0.40566E-05   -0.48119E-05    0.50148E-04
  
 Raw Dtt tensor, before CD transformation
    0.46001E-01   -0.13628E-03   -0.11436E-02
   -0.13697E-03    0.48401E-01   -0.10548E-02
   -0.11339E-02   -0.10656E-02    0.49968E-01
  
 Program finished at:                
 Elapsed time CPU_TIME:   378.13200000000001     
