 BEST ver.3.90 SFSU/ARAGON
  
 control gtensor value=   1.0000000000000000     
 true area (A^2)=    13157.130999999999     
 total area (A^2) =    12006.945424920674     
 centroid coords =    25.716462712712673       -2.9515812062062063        12.371238363363375     
  
 first few rows of gr matrix
   10.238579419301491      -0.43171105763132067       -1.7351925013259657       0.55509783438421600       0.15710308943608522     
 -0.43171105763132045        14.089422683020322       0.15309639569389888       0.15710308943608522       0.90475133083033032     
  -1.7351925013259661       0.15309639569389888        13.567561608303125        2.4100826095344960E-002   6.6141292703479224E-002
   1.5411664722340548       0.43561424700438151        6.7247601765771020E-002   8.4350102312248385       0.40131234244026359     
  0.43561424700438151        2.4730200561408835       0.19852247257775432       0.40131234244026348        5.8649377508940734     
   6.7247601765771020E-002  0.19852247257775432        1.4145017599581751       -8.1303802530615671E-002 -0.70064047632617088     
   1.3865861053529038       0.20219315822467984       0.31136451922177533       0.59675190464097538       -2.2383290199803115E-003
  0.20219315822467984        1.5774728775228151       0.49049956105583359       -2.2383290199803115E-003  0.70621413478905282     
  0.31136451922177533       0.49049956105583359        2.0146788074894930        5.9852024098980897E-003 -0.23298485940188951     
 first few columns of gr matrix
   10.238579419301491      -0.43171105763132045       -1.7351925013259661        1.5411664722340548       0.43561424700438151     
 -0.43171105763132067        14.089422683020322       0.15309639569389888       0.43561424700438151        2.4730200561408835     
  -1.7351925013259657       0.15309639569389888        13.567561608303125        6.7247601765771020E-002  0.19852247257775432     
  0.55509783438421600       0.15710308943608522        2.4100826095344960E-002   8.4350102312248385       0.40131234244026348     
  0.15710308943608522       0.90475133083033032        6.6141292703479224E-002  0.40131234244026359        5.8649377508940734     
   2.4100826095344960E-002   6.6141292703479224E-002  0.50544530061058446       -8.1303802530615643E-002 -0.70064047632617110     
  0.39178794138375356        5.4263703251915707E-002   9.3104466203627084E-002  0.46399753753075212        2.9438824500152738E-003
   5.4263703251915707E-002  0.42917258522373497       0.13245122065460052        2.9438824500152738E-003  0.55436303065006853     
   9.3104466203627084E-002  0.13245122065460052       0.58855156255770413        4.8450247750797728E-003 -0.17980663024419619     
  
 about to enter dgetrf
 Just out of dgetrf:                 
  
  **** TRANSLATION/ROTATION FLOWS ****
     U(X-Z) =     1.000     0.000     0.000 A/SEC
  OMGA(X-Z) =     0.000     0.000     0.000 RAD/S

 FTOTH(X-Z) =   -0.21586E+02   -0.77904E-01   -0.49165E+00
 TTOTH(X-Z) =    0.20054E+01   -0.12336E+02   -0.13982E+02

     U(X-Z) =     0.000     1.000     0.000 A/SEC
  OMGA(X-Z) =     0.000     0.000     0.000 RAD/S

 FTOTH(X-Z) =   -0.77949E-01   -0.20514E+02   -0.43840E+00
 TTOTH(X-Z) =    0.10475E+02    0.11452E+01   -0.39961E+01

     U(X-Z) =     0.000     0.000     1.000 A/SEC
  OMGA(X-Z) =     0.000     0.000     0.000 RAD/S

 FTOTH(X-Z) =   -0.49155E+00   -0.43796E+00   -0.19905E+02
 TTOTH(X-Z) =    0.13165E+02    0.24518E+01   -0.32390E+01

     U(X-Z) =     0.000     0.000     0.000 A/SEC
  OMGA(X-Z) =     1.000     0.000     0.000 RAD/S

 FTOTH(X-Z) =    0.20184E+01    0.10472E+02    0.13104E+02
 TTOTH(X-Z) =   -0.27407E+05   -0.10139E+03   -0.22081E+04

     U(X-Z) =     0.000     0.000     0.000 A/SEC
  OMGA(X-Z) =     0.000     1.000     0.000 RAD/S

 FTOTH(X-Z) =   -0.12441E+02    0.11612E+01    0.24586E+01
 TTOTH(X-Z) =   -0.10278E+03   -0.23361E+05   -0.22546E+04

     U(X-Z) =     0.000     0.000     0.000 A/SEC
  OMGA(X-Z) =     0.000     0.000     1.000 RAD/S

 FTOTH(X-Z) =   -0.13797E+02   -0.40041E+01   -0.32659E+01
 TTOTH(X-Z) =   -0.22058E+04   -0.22523E+04   -0.19921E+05

 I,J,Ktt,Ktr,Krt,Krr=    1    1  0.2159E+02 -0.2005E+01 -0.2018E+01  0.2741E+05
 I,J,Ktt,Ktr,Krt,Krr=    1    2  0.7795E-01 -0.1048E+02  0.1244E+02  0.1028E+03
 I,J,Ktt,Ktr,Krt,Krr=    1    3  0.4915E+00 -0.1316E+02  0.1380E+02  0.2206E+04
 I,J,Ktt,Ktr,Krt,Krr=    2    1  0.7790E-01  0.1234E+02 -0.1047E+02  0.1014E+03
 I,J,Ktt,Ktr,Krt,Krr=    2    2  0.2051E+02 -0.1145E+01 -0.1161E+01  0.2336E+05
 I,J,Ktt,Ktr,Krt,Krr=    2    3  0.4380E+00 -0.2452E+01  0.4004E+01  0.2252E+04
 I,J,Ktt,Ktr,Krt,Krr=    3    1  0.4916E+00  0.1398E+02 -0.1310E+02  0.2208E+04
 I,J,Ktt,Ktr,Krt,Krr=    3    2  0.4384E+00  0.3996E+01 -0.2459E+01  0.2255E+04
 I,J,Ktt,Ktr,Krt,Krr=    3    3  0.1991E+02  0.3239E+01  0.3266E+01  0.1992E+05
  
  Friction Tensors in Center of Resistance
  
  Ktt Tensor (A)
    0.21586E+02    0.77949E-01    0.49155E+00
    0.77904E-01    0.20514E+02    0.43796E+00
    0.49165E+00    0.43840E+00    0.19905E+02
  
  Symmetric Krt Tensor (A^2)
   -0.20119E+01    0.12388E+02    0.13889E+02
   -0.10474E+02   -0.11532E+01    0.40001E+01
   -0.13135E+02   -0.24552E+01    0.32524E+01
  
  Krr Tensor (A^3)
    0.27407E+05    0.10278E+03    0.22058E+04
    0.10139E+03    0.23361E+05    0.22523E+04
    0.22081E+04    0.22546E+04    0.19921E+05
  
 Raw Dtt tensor (no rot/trans coupling correction)
    0.46352E-01   -0.15174E-03   -0.11413E-02
   -0.15165E-03    0.48770E-01   -0.10693E-02
   -0.11415E-02   -0.10704E-02    0.50290E-01
  
 Raw Drr tensor (no rot/trans coupling correction)
    0.36816E-04    0.23401E-06   -0.41030E-05
    0.23624E-06    0.43281E-04   -0.49196E-05
   -0.41076E-05   -0.49243E-05    0.51210E-04
  
 Raw Dtt tensor, before CD transformation
    0.46352E-01   -0.15154E-03   -0.11508E-02
   -0.15197E-03    0.48770E-01   -0.10555E-02
   -0.11420E-02   -0.10708E-02    0.50310E-01
  
 Program finished at:                
 Elapsed time CPU_TIME:   93.911999999999992     
