 BEST ver.3.90 SFSU/ARAGON
  
 control gtensor value=   1.0000000000000000     
 true area (A^2)=    13157.130999999999     
 total area (A^2) =    11734.356637427396     
 centroid coords =    25.831006283068749       -2.9216051587301544        12.139797619047645     
  
 first few rows of gr matrix
   11.889069655368253       0.50769530082924463       -2.3347169404908614        2.0948472567392775       -3.3790097066372850E-002
  0.50769530082924463        15.166304918455218       0.64861486045055861       -3.3790097066372850E-002   2.2813273485876469     
  -2.3347169404908605       0.64861486045055805        14.136414958270144      -0.12030391081711428       0.56455308506958701     
   1.7975554447897537        3.3448782039606224E-002   8.7316661087572370E-002   13.311228975196361        1.5052405895084160     
   3.3448782039606224E-002   1.9390973880703186       0.48967866032971491        1.5052405895084160        16.747878868600335     
   8.7316661087572370E-002  0.48967866032971491        3.3003238014073037        2.1906953384438541      -0.78635502296533177     
   1.8944501869027357        1.1891706759109631E-002 -0.20376998325447199        5.6632924869186843        1.2046327692580481     
   1.1891706759109631E-002   1.9268553404067514      -0.22218992266021750        1.2046327692580481        8.3939061163180124     
 -0.20376998325447199      -0.22218992266021750        3.5794490217748347       0.44097705254017427       -9.3215094888158143E-002
 first few columns of gr matrix
   11.889069655368253       0.50769530082924463       -2.3347169404908605        1.7975554447897537        3.3448782039606224E-002
  0.50769530082924463        15.166304918455218       0.64861486045055805        3.3448782039606224E-002   1.9390973880703186     
  -2.3347169404908614       0.64861486045055861        14.136414958270144        8.7316661087572370E-002  0.48967866032971491     
   2.0948472567392775       -3.3790097066372850E-002 -0.12030391081711428        13.311228975196361        1.5052405895084160     
  -3.3790097066372850E-002   2.2813273485876469       0.56455308506958701        1.5052405895084160        16.747878868600335     
 -0.12030391081711428       0.56455308506958701        3.8407401992752952        2.1906953384438541      -0.78635502296533177     
   1.2063850068860518        5.7337265274775423E-004 -0.22084024745057435        2.9874349466074039       0.69502725554950018     
   5.7337265274775423E-004   1.1592386071410294       -2.6312393899247367E-002  0.69502725554950018        4.4624853707144716     
 -0.22084024745057435       -2.6312393899247367E-002   2.2161508216404209       0.21747150625199335        2.3374157753889693E-002
  
 about to enter dgetrf
 Just out of dgetrf:                 
  
  **** TRANSLATION/ROTATION FLOWS ****
     U(X-Z) =     1.000     0.000     0.000 A/SEC
  OMGA(X-Z) =     0.000     0.000     0.000 RAD/S

 FTOTH(X-Z) =   -0.21501E+02   -0.75424E-01   -0.48992E+00
 TTOTH(X-Z) =    0.20535E+01   -0.16313E+02   -0.13397E+02

     U(X-Z) =     0.000     1.000     0.000 A/SEC
  OMGA(X-Z) =     0.000     0.000     0.000 RAD/S

 FTOTH(X-Z) =   -0.75018E-01   -0.20419E+02   -0.43642E+00
 TTOTH(X-Z) =    0.14618E+02    0.13307E+01   -0.18981E+01

     U(X-Z) =     0.000     0.000     1.000 A/SEC
  OMGA(X-Z) =     0.000     0.000     0.000 RAD/S

 FTOTH(X-Z) =   -0.48935E+00   -0.43646E+00   -0.19828E+02
 TTOTH(X-Z) =    0.11677E+02    0.63047E+00   -0.34770E+01

     U(X-Z) =     0.000     0.000     0.000 A/SEC
  OMGA(X-Z) =     1.000     0.000     0.000 RAD/S

 FTOTH(X-Z) =    0.19935E+01    0.14616E+02    0.11798E+02
 TTOTH(X-Z) =   -0.27099E+05   -0.12550E+03   -0.21910E+04

     U(X-Z) =     0.000     0.000     0.000 A/SEC
  OMGA(X-Z) =     0.000     1.000     0.000 RAD/S

 FTOTH(X-Z) =   -0.16420E+02    0.14291E+01    0.61858E+00
 TTOTH(X-Z) =   -0.12393E+03   -0.23077E+05   -0.22357E+04

     U(X-Z) =     0.000     0.000     0.000 A/SEC
  OMGA(X-Z) =     0.000     0.000     1.000 RAD/S

 FTOTH(X-Z) =   -0.13406E+02   -0.19713E+01   -0.35298E+01
 TTOTH(X-Z) =   -0.21831E+04   -0.22382E+04   -0.19710E+05

 I,J,Ktt,Ktr,Krt,Krr=    1    1  0.2150E+02 -0.2054E+01 -0.1993E+01  0.2710E+05
 I,J,Ktt,Ktr,Krt,Krr=    1    2  0.7502E-01 -0.1462E+02  0.1642E+02  0.1239E+03
 I,J,Ktt,Ktr,Krt,Krr=    1    3  0.4893E+00 -0.1168E+02  0.1341E+02  0.2183E+04
 I,J,Ktt,Ktr,Krt,Krr=    2    1  0.7542E-01  0.1631E+02 -0.1462E+02  0.1255E+03
 I,J,Ktt,Ktr,Krt,Krr=    2    2  0.2042E+02 -0.1331E+01 -0.1429E+01  0.2308E+05
 I,J,Ktt,Ktr,Krt,Krr=    2    3  0.4365E+00 -0.6305E+00  0.1971E+01  0.2238E+04
 I,J,Ktt,Ktr,Krt,Krr=    3    1  0.4899E+00  0.1340E+02 -0.1180E+02  0.2191E+04
 I,J,Ktt,Ktr,Krt,Krr=    3    2  0.4364E+00  0.1898E+01 -0.6186E+00  0.2236E+04
 I,J,Ktt,Ktr,Krt,Krr=    3    3  0.1983E+02  0.3477E+01  0.3530E+01  0.1971E+05
  
  Friction Tensors in Center of Resistance
  
  Ktt Tensor (A)
    0.21501E+02    0.75018E-01    0.48935E+00
    0.75424E-01    0.20419E+02    0.43646E+00
    0.48992E+00    0.43642E+00    0.19828E+02
  
  Symmetric Krt Tensor (A^2)
   -0.20235E+01    0.16367E+02    0.13401E+02
   -0.14617E+02   -0.13799E+01    0.19347E+01
   -0.11737E+02   -0.62452E+00    0.35034E+01
  
  Krr Tensor (A^3)
    0.27099E+05    0.12393E+03    0.21831E+04
    0.12550E+03    0.23077E+05    0.22382E+04
    0.21910E+04    0.22357E+04    0.19710E+05
  
 Raw Dtt tensor (no rot/trans coupling correction)
    0.46537E-01   -0.14649E-03   -0.11453E-02
   -0.14739E-03    0.48996E-01   -0.10749E-02
   -0.11467E-02   -0.10748E-02    0.50487E-01
  
 Raw Drr tensor (no rot/trans coupling correction)
    0.37236E-04    0.20180E-06   -0.41471E-05
    0.20116E-06    0.43816E-04   -0.49978E-05
   -0.41620E-05   -0.49924E-05    0.51763E-04
  
 Raw Dtt tensor, before CD transformation
    0.46537E-01   -0.14631E-03   -0.11537E-02
   -0.14781E-03    0.48996E-01   -0.10560E-02
   -0.11471E-02   -0.10752E-02    0.50505E-01
  
 Program finished at:                
 Elapsed time CPU_TIME:   47.247999999999998     
