 BEST ver.3.90 SFSU/ARAGON
  
 control gtensor value=   1.0000000000000000     
 true area (A^2)=    13157.130999999999     
 total area (A^2) =    12263.212452272875     
 centroid coords =    25.471751126690016       -3.1127413620430611        12.447428726422945     
  
 first few rows of gr matrix
   5.1305177763529874      -0.15879941631320063      -0.55739964466790570        2.1659364275752262      -0.20804867244208830     
 -0.15879941631320071        7.5084943463214744       0.11580881713975683      -0.20804867244208830        2.8018689008365594     
 -0.55739964466790570       0.11580881713975681        7.3228483371658131      -0.34004008134171027       0.69471865506189323     
   1.6462088508896537      -0.16026633918523803      -0.26135637707919673        6.0016494861917851      -0.21780411533491711     
 -0.16026633918523803        2.1228776676967831       0.53460240693767735      -0.21780411533491700        8.7792558830224312     
 -0.26135637707919673       0.53460240693767735        2.5258030077127320      -0.67762533454844109       0.20137306842437580     
  0.51700802065682439       0.17949796313381000       -1.7720429343450778E-002  0.59060398877776243       0.18857353154090303     
  0.17949796313381000       0.66117180945775300       -2.4217013902453864E-002  0.18857353154090303       0.88467008332294716     
  -1.7720429343450778E-002  -2.4217013902453864E-002  0.39955728834905568        3.0879914913880421E-002   6.7107630680741048E-002
 first few columns of gr matrix
   5.1305177763529874      -0.15879941631320071      -0.55739964466790570        1.6462088508896537      -0.16026633918523803     
 -0.15879941631320063        7.5084943463214744       0.11580881713975681      -0.16026633918523803        2.1228776676967831     
 -0.55739964466790570       0.11580881713975683        7.3228483371658131      -0.26135637707919673       0.53460240693767735     
   2.1659364275752262      -0.20804867244208830      -0.34004008134171027        6.0016494861917851      -0.21780411533491700     
 -0.20804867244208830        2.8018689008365594       0.69471865506189323      -0.21780411533491711        8.7792558830224312     
 -0.34004008134171027       0.69471865506189323        3.3214490220777888      -0.67762533454844109       0.20137306842437580     
  0.63702938231724371       0.21873293131906396       -1.6980358796979067E-002  0.52677727830724863       0.16762601770097516     
  0.21873293131906396       0.84717159678836151       -2.6185509164313267E-002  0.16762601770097516       0.79762017844171207     
  -1.6980358796979067E-002  -2.6185509164313267E-002  0.50152944091742513        2.0374403560135489E-002   4.4439401857666455E-002
  
 about to enter dgetrf
 Just out of dgetrf:                 
  
  **** TRANSLATION/ROTATION FLOWS ****
     U(X-Z) =     1.000     0.000     0.000 A/SEC
  OMGA(X-Z) =     0.000     0.000     0.000 RAD/S

 FTOTH(X-Z) =   -0.21704E+02   -0.79605E-01   -0.49261E+00
 TTOTH(X-Z) =    0.20939E+01   -0.10977E+02   -0.11017E+02

     U(X-Z) =     0.000     1.000     0.000 A/SEC
  OMGA(X-Z) =     0.000     0.000     0.000 RAD/S

 FTOTH(X-Z) =   -0.79389E-01   -0.20628E+02   -0.44517E+00
 TTOTH(X-Z) =    0.91177E+01    0.80465E+00   -0.88262E+01

     U(X-Z) =     0.000     0.000     1.000 A/SEC
  OMGA(X-Z) =     0.000     0.000     0.000 RAD/S

 FTOTH(X-Z) =   -0.49266E+00   -0.44537E+00   -0.20006E+02
 TTOTH(X-Z) =    0.10316E+02    0.72738E+01   -0.29041E+01

     U(X-Z) =     0.000     0.000     0.000 A/SEC
  OMGA(X-Z) =     1.000     0.000     0.000 RAD/S

 FTOTH(X-Z) =    0.22148E+01    0.89087E+01    0.10274E+02
 TTOTH(X-Z) =   -0.27854E+05   -0.66307E+02   -0.22580E+04

     U(X-Z) =     0.000     0.000     0.000 A/SEC
  OMGA(X-Z) =     0.000     1.000     0.000 RAD/S

 FTOTH(X-Z) =   -0.10817E+02    0.83496E+00    0.73441E+01
 TTOTH(X-Z) =   -0.70440E+02   -0.23741E+05   -0.22564E+04

     U(X-Z) =     0.000     0.000     0.000 A/SEC
  OMGA(X-Z) =     0.000     0.000     1.000 RAD/S

 FTOTH(X-Z) =   -0.11188E+02   -0.88379E+01   -0.30989E+01
 TTOTH(X-Z) =   -0.22272E+04   -0.22628E+04   -0.20240E+05

 I,J,Ktt,Ktr,Krt,Krr=    1    1  0.2170E+02 -0.2094E+01 -0.2215E+01  0.2785E+05
 I,J,Ktt,Ktr,Krt,Krr=    1    2  0.7939E-01 -0.9118E+01  0.1082E+02  0.7044E+02
 I,J,Ktt,Ktr,Krt,Krr=    1    3  0.4927E+00 -0.1032E+02  0.1119E+02  0.2227E+04
 I,J,Ktt,Ktr,Krt,Krr=    2    1  0.7960E-01  0.1098E+02 -0.8909E+01  0.6631E+02
 I,J,Ktt,Ktr,Krt,Krr=    2    2  0.2063E+02 -0.8046E+00 -0.8350E+00  0.2374E+05
 I,J,Ktt,Ktr,Krt,Krr=    2    3  0.4454E+00 -0.7274E+01  0.8838E+01  0.2263E+04
 I,J,Ktt,Ktr,Krt,Krr=    3    1  0.4926E+00  0.1102E+02 -0.1027E+02  0.2258E+04
 I,J,Ktt,Ktr,Krt,Krr=    3    2  0.4452E+00  0.8826E+01 -0.7344E+01  0.2256E+04
 I,J,Ktt,Ktr,Krt,Krr=    3    3  0.2001E+02  0.2904E+01  0.3099E+01  0.2024E+05
  
  Friction Tensors in Center of Resistance
  
  Ktt Tensor (A)
    0.21704E+02    0.79389E-01    0.49266E+00
    0.79605E-01    0.20628E+02    0.44537E+00
    0.49261E+00    0.44517E+00    0.20006E+02
  
  Symmetric Krt Tensor (A^2)
   -0.21544E+01    0.10897E+02    0.11102E+02
   -0.90132E+01   -0.81980E+00    0.88320E+01
   -0.10295E+02   -0.73089E+01    0.30015E+01
  
  Krr Tensor (A^3)
    0.27854E+05    0.70440E+02    0.22272E+04
    0.66307E+02    0.23741E+05    0.22628E+04
    0.22580E+04    0.22564E+04    0.20240E+05
  
 Raw Dtt tensor (no rot/trans coupling correction)
    0.46102E-01   -0.15300E-03   -0.11319E-02
   -0.15347E-03    0.48501E-01   -0.10759E-02
   -0.11317E-02   -0.10755E-02    0.50036E-01
  
 Raw Drr tensor (no rot/trans coupling correction)
    0.36227E-04    0.27429E-06   -0.40170E-05
    0.28707E-06    0.42576E-04   -0.47915E-05
   -0.40734E-05   -0.47769E-05    0.50388E-04
  
 Raw Dtt tensor, before CD transformation
    0.46102E-01   -0.15275E-03   -0.11434E-02
   -0.15366E-03    0.48501E-01   -0.10678E-02
   -0.11322E-02   -0.10759E-02    0.50055E-01
  
 Program finished at:                
 Elapsed time CPU_TIME:   248.65199999999999     
