 BEST ver.3.90 SFSU/ARAGON
  
 control gtensor value=   1.0000000000000000     
 true area (A^2)=    6249.4949999999999     
 total area (A^2) =    5824.7510539076466     
 centroid coords =    10.085602162565245        21.298406972408671        14.220179716629380     
  
 first few rows of gr matrix
   7.4812166735162400       0.93536208931404707      -0.84940559962511863        1.7611208829551828        9.1285192810122914E-002
  0.93536208931404774        10.097683517861256       0.31191719898559711        9.1285192810122914E-002   2.0370284117821025     
 -0.84940559962511908       0.31191719898559700        10.123503523601219       -4.7596152936917963E-002   8.5774712746688755E-002
   2.6712972428107187       0.11995905331456404       -2.0294873406027144E-002   6.1074098700536519       0.94263638294038277     
  0.11995905331456404        2.9018833415283471      -0.34609006763102523       0.94263638294038321        7.1353957961523902     
  -2.0294873406027144E-002 -0.34609006763102523        4.6922248200638723       0.49451420704534965      -0.95235431747642307     
   2.2762520392870815       -8.5813225694838680E-002 -0.19428586959186950        1.7494908434506535      -0.14992880084184873     
  -8.5813225694838680E-002   3.5058978894495842       0.81710975185816370      -0.14992880084184873        2.9503147212411447     
 -0.19428586959186950       0.81710975185816370        3.0033565122933763       -9.6459789298349391E-002  -7.9100868459491283E-002
 first few columns of gr matrix
   7.4812166735162400       0.93536208931404774      -0.84940559962511908        2.6712972428107187       0.11995905331456404     
  0.93536208931404707        10.097683517861256       0.31191719898559700       0.11995905331456404        2.9018833415283471     
 -0.84940559962511863       0.31191719898559711        10.123503523601219       -2.0294873406027144E-002 -0.34609006763102523     
   1.7611208829551828        9.1285192810122914E-002  -4.7596152936917963E-002   6.1074098700536519       0.94263638294038321     
   9.1285192810122914E-002   2.0370284117821025        8.5774712746688755E-002  0.94263638294038277        7.1353957961523902     
  -4.7596152936917963E-002   8.5774712746688755E-002   3.0587626279576599       0.49451420704534965      -0.95235431747642307     
   2.2170131544746314       -5.4049908829323368E-003  -1.9673655061754527E-002   3.3142937289471295       0.28049232903990151     
  -5.4049908829323368E-003   3.1532168534975460       0.68204727618761396       0.28049232903990151        5.2713432866711916     
  -1.9673655061754527E-002  0.68204727618761396        3.3498534176982133       0.11690367573386161        8.7811929816342619E-003
  
 about to enter dgetrf
 Just out of dgetrf:                 
  
  **** TRANSLATION/ROTATION FLOWS ****
     U(X-Z) =     1.000     0.000     0.000 A/SEC
  OMGA(X-Z) =     0.000     0.000     0.000 RAD/S

 FTOTH(X-Z) =   -0.15376E+02    0.19993E+00    0.35441E+00
 TTOTH(X-Z) =    0.29587E+00    0.70956E+01    0.18181E+00

     U(X-Z) =     0.000     1.000     0.000 A/SEC
  OMGA(X-Z) =     0.000     0.000     0.000 RAD/S

 FTOTH(X-Z) =    0.19970E+00   -0.14965E+02    0.41159E+00
 TTOTH(X-Z) =   -0.26045E+00   -0.61825E+00   -0.29462E+01

     U(X-Z) =     0.000     0.000     1.000 A/SEC
  OMGA(X-Z) =     0.000     0.000     0.000 RAD/S

 FTOTH(X-Z) =    0.35435E+00    0.41169E+00   -0.14530E+02
 TTOTH(X-Z) =   -0.14058E+01    0.27592E+01    0.33708E+00

     U(X-Z) =     0.000     0.000     0.000 A/SEC
  OMGA(X-Z) =     1.000     0.000     0.000 RAD/S

 FTOTH(X-Z) =    0.32156E+00   -0.27531E+00   -0.13942E+01
 TTOTH(X-Z) =   -0.90245E+04    0.39489E+03    0.75983E+03

     U(X-Z) =     0.000     0.000     0.000 A/SEC
  OMGA(X-Z) =     0.000     1.000     0.000 RAD/S

 FTOTH(X-Z) =    0.70740E+01   -0.59182E+00    0.27619E+01
 TTOTH(X-Z) =    0.39428E+03   -0.86152E+04    0.94292E+03

     U(X-Z) =     0.000     0.000     0.000 A/SEC
  OMGA(X-Z) =     0.000     0.000     1.000 RAD/S

 FTOTH(X-Z) =    0.18826E+00   -0.29263E+01    0.30891E+00
 TTOTH(X-Z) =    0.75870E+03    0.93969E+03   -0.75835E+04

 I,J,Ktt,Ktr,Krt,Krr=    1    1  0.1538E+02 -0.2959E+00 -0.3216E+00  0.9025E+04
 I,J,Ktt,Ktr,Krt,Krr=    1    2 -0.1997E+00  0.2604E+00 -0.7074E+01 -0.3943E+03
 I,J,Ktt,Ktr,Krt,Krr=    1    3 -0.3544E+00  0.1406E+01 -0.1883E+00 -0.7587E+03
 I,J,Ktt,Ktr,Krt,Krr=    2    1 -0.1999E+00 -0.7096E+01  0.2753E+00 -0.3949E+03
 I,J,Ktt,Ktr,Krt,Krr=    2    2  0.1496E+02  0.6182E+00  0.5918E+00  0.8615E+04
 I,J,Ktt,Ktr,Krt,Krr=    2    3 -0.4117E+00 -0.2759E+01  0.2926E+01 -0.9397E+03
 I,J,Ktt,Ktr,Krt,Krr=    3    1 -0.3544E+00 -0.1818E+00  0.1394E+01 -0.7598E+03
 I,J,Ktt,Ktr,Krt,Krr=    3    2 -0.4116E+00  0.2946E+01 -0.2762E+01 -0.9429E+03
 I,J,Ktt,Ktr,Krt,Krr=    3    3  0.1453E+02 -0.3371E+00 -0.3089E+00  0.7584E+04
  
  Friction Tensors in Center of Resistance
  
  Ktt Tensor (A)
    0.15376E+02   -0.19970E+00   -0.35435E+00
   -0.19993E+00    0.14965E+02   -0.41169E+00
   -0.35441E+00   -0.41159E+00    0.14530E+02
  
  Symmetric Krt Tensor (A^2)
   -0.30871E+00   -0.70848E+01   -0.18504E+00
    0.26788E+00    0.60503E+00    0.29363E+01
    0.14000E+01   -0.27605E+01   -0.32299E+00
  
  Krr Tensor (A^3)
    0.90245E+04   -0.39428E+03   -0.75870E+03
   -0.39489E+03    0.86152E+04   -0.93969E+03
   -0.75983E+03   -0.94292E+03    0.75835E+04
  
 Raw Dtt tensor (no rot/trans coupling correction)
    0.65085E-01    0.91289E-03    0.16131E-02
    0.91391E-03    0.66889E-01    0.19175E-02
    0.16134E-02    0.19169E-02    0.68915E-01
  
 Raw Drr tensor (no rot/trans coupling correction)
    0.11210E-03    0.64454E-05    0.12014E-04
    0.64511E-05    0.11804E-03    0.15272E-04
    0.12034E-04    0.15323E-04    0.13497E-03
  
 Raw Dtt tensor, before CD transformation
    0.65085E-01    0.91291E-03    0.16136E-02
    0.91394E-03    0.66889E-01    0.19187E-02
    0.16135E-02    0.19171E-02    0.68919E-01
  
 Program finished at:                
 Elapsed time CPU_TIME:   27.591999999999999     
