 BEST ver.3.90 SFSU/ARAGON
  
 control gtensor value=   1.0000000000000000     
 true area (A^2)=    6249.4949999999999     
 total area (A^2) =    5916.6744438007354     
 centroid coords =    10.101763237518897        21.673534921835593        13.953862581946561     
  
 first few rows of gr matrix
   5.6653571327460002       0.62014989754854177       0.84993606040325731       0.96430062645672199       -1.1127262264369863E-002
  0.62014989754854222        6.0814063211488669      -0.69436927628079848       -1.1127262264369863E-002   1.0015915490124478     
  0.84993606040325731      -0.69436927628079781        5.8991610037119635       0.10281212786629138      -0.14089003421045110     
  0.63830785865851258        1.4017889970021214E-003   6.8871210594279808E-002   6.3597507812623597        1.1645394327129366     
   1.4017889970021214E-003  0.63962519756204328       -1.1473506723080277E-004   1.1645394327129353        6.6754249630402951     
   6.8871210594279808E-002  -1.1473506723080277E-004   1.2282849478911646      -0.38967655722980532       0.53287019825539439     
  0.50264494041067398        4.3317830239617466E-002   8.1756024066659064E-002   1.3421113347806888       0.20506832323314308     
   4.3317830239617466E-002  0.58939138422913928       0.18487006108735116       0.20506832323314308        2.3760836767300297     
   8.1756024066659064E-002  0.18487006108735116       0.83626590873947437        3.5252659214142744E-002  0.24683270884309766     
 first few columns of gr matrix
   5.6653571327460002       0.62014989754854222       0.84993606040325731       0.63830785865851258        1.4017889970021214E-003
  0.62014989754854177        6.0814063211488669      -0.69436927628079781        1.4017889970021214E-003  0.63962519756204328     
  0.84993606040325731      -0.69436927628079848        5.8991610037119635        6.8871210594279808E-002  -1.1473506723080277E-004
  0.96430062645672199       -1.1127262264369863E-002  0.10281212786629138        6.3597507812623597        1.1645394327129353     
  -1.1127262264369863E-002   1.0015915490124478      -0.14089003421045110        1.1645394327129366        6.6754249630402951     
  0.10281212786629138      -0.14089003421045110        1.8126925517665584      -0.38967655722980521       0.53287019825539450     
  0.34599015567641400        2.7241423231315651E-002   5.7107894753275115E-002  0.72508616957587169       0.14713004572498106     
   2.7241423231315651E-002  0.39275885338382738       0.12172300951927838       0.14713004572498106        1.2530818133741999     
   5.7107894753275115E-002  0.12172300951927838       0.58844578936165659        2.6215039239339304E-002  0.12938187691347999     
  
 about to enter dgetrf
 Just out of dgetrf:                 
  
  **** TRANSLATION/ROTATION FLOWS ****
     U(X-Z) =     1.000     0.000     0.000 A/SEC
  OMGA(X-Z) =     0.000     0.000     0.000 RAD/S

 FTOTH(X-Z) =   -0.15433E+02    0.19518E+00    0.35553E+00
 TTOTH(X-Z) =    0.63493E-01    0.25705E+01   -0.48176E+01

     U(X-Z) =     0.000     1.000     0.000 A/SEC
  OMGA(X-Z) =     0.000     0.000     0.000 RAD/S

 FTOTH(X-Z) =    0.19505E+00   -0.15026E+02    0.41305E+00
 TTOTH(X-Z) =    0.38977E+01   -0.55342E+00   -0.31920E+01

     U(X-Z) =     0.000     0.000     1.000 A/SEC
  OMGA(X-Z) =     0.000     0.000     0.000 RAD/S

 FTOTH(X-Z) =    0.35545E+00    0.41297E+00   -0.14599E+02
 TTOTH(X-Z) =    0.33580E+01    0.32458E+01    0.50010E+00

     U(X-Z) =     0.000     0.000     0.000 A/SEC
  OMGA(X-Z) =     1.000     0.000     0.000 RAD/S

 FTOTH(X-Z) =    0.10604E+00    0.39101E+01    0.33682E+01
 TTOTH(X-Z) =   -0.91342E+04    0.39336E+03    0.77205E+03

     U(X-Z) =     0.000     0.000     0.000 A/SEC
  OMGA(X-Z) =     0.000     1.000     0.000 RAD/S

 FTOTH(X-Z) =    0.25937E+01   -0.56113E+00    0.32858E+01
 TTOTH(X-Z) =    0.39451E+03   -0.87069E+04    0.95084E+03

     U(X-Z) =     0.000     0.000     0.000 A/SEC
  OMGA(X-Z) =     0.000     0.000     1.000 RAD/S

 FTOTH(X-Z) =   -0.48306E+01   -0.32394E+01    0.49371E+00
 TTOTH(X-Z) =    0.77265E+03    0.94912E+03   -0.76807E+04

 I,J,Ktt,Ktr,Krt,Krr=    1    1  0.1543E+02 -0.6349E-01 -0.1060E+00  0.9134E+04
 I,J,Ktt,Ktr,Krt,Krr=    1    2 -0.1950E+00 -0.3898E+01 -0.2594E+01 -0.3945E+03
 I,J,Ktt,Ktr,Krt,Krr=    1    3 -0.3554E+00 -0.3358E+01  0.4831E+01 -0.7726E+03
 I,J,Ktt,Ktr,Krt,Krr=    2    1 -0.1952E+00 -0.2571E+01 -0.3910E+01 -0.3934E+03
 I,J,Ktt,Ktr,Krt,Krr=    2    2  0.1503E+02  0.5534E+00  0.5611E+00  0.8707E+04
 I,J,Ktt,Ktr,Krt,Krr=    2    3 -0.4130E+00 -0.3246E+01  0.3239E+01 -0.9491E+03
 I,J,Ktt,Ktr,Krt,Krr=    3    1 -0.3555E+00  0.4818E+01 -0.3368E+01 -0.7721E+03
 I,J,Ktt,Ktr,Krt,Krr=    3    2 -0.4130E+00  0.3192E+01 -0.3286E+01 -0.9508E+03
 I,J,Ktt,Ktr,Krt,Krr=    3    3  0.1460E+02 -0.5001E+00 -0.4937E+00  0.7681E+04
  
  Friction Tensors in Center of Resistance
  
  Ktt Tensor (A)
    0.15433E+02   -0.19505E+00   -0.35545E+00
   -0.19518E+00    0.15026E+02   -0.41297E+00
   -0.35553E+00   -0.41305E+00    0.14599E+02
  
  Symmetric Krt Tensor (A^2)
   -0.84768E-01   -0.25821E+01    0.48241E+01
   -0.39039E+01    0.55728E+00    0.32157E+01
   -0.33631E+01   -0.32658E+01   -0.49691E+00
  
  Krr Tensor (A^3)
    0.91342E+04   -0.39451E+03   -0.77265E+03
   -0.39336E+03    0.87069E+04   -0.94912E+03
   -0.77205E+03   -0.95084E+03    0.76807E+04
  
 Raw Dtt tensor (no rot/trans coupling correction)
    0.64846E-01    0.88584E-03    0.16039E-02
    0.88639E-03    0.66616E-01    0.19060E-02
    0.16043E-02    0.19064E-02    0.68593E-01
  
 Raw Drr tensor (no rot/trans coupling correction)
    0.11076E-03    0.63206E-05    0.11923E-04
    0.63025E-05    0.11678E-03    0.15065E-04
    0.11914E-04    0.15093E-04    0.13326E-03
  
 Raw Dtt tensor, before CD transformation
    0.64846E-01    0.88563E-03    0.15966E-02
    0.88626E-03    0.66615E-01    0.19004E-02
    0.16047E-02    0.19069E-02    0.68611E-01
  
 Program finished at:                
 Elapsed time CPU_TIME:   67.531999999999996     
