 BEST ver.3.90 SFSU/ARAGON
  
 control gtensor value=   1.0000000000000000     
 true area (A^2)=    6249.4949999999999     
 total area (A^2) =    5917.7346002244794     
 centroid coords =    10.108854952237293        21.628643790849654        13.934469708396188     
  
 first few rows of gr matrix
   5.6648496383932949       0.62009434543356345       0.84985992438204838       0.96412787293318281       -1.1125268826109130E-002
  0.62009434543356279        6.0808615577222787      -0.69430707570312067       -1.1125268826109130E-002   1.0014121148562403     
  0.84985992438204816      -0.69430707570312111        5.8986325655526493       0.10279370917313203      -0.14086479389723977     
  0.63819350642367811        1.4015378678605723E-003   6.8858872383585984E-002   6.3591810841487462        1.1644351149847227     
   1.4015378678605723E-003  0.63951060932721993       -1.1471451255479994E-004   1.1644351149847223        6.6748269882981450     
   6.8858872383585984E-002  -1.1471451255479994E-004   1.2280649018320431      -0.38964165057740363       0.53282246452740556     
  0.50255489205628945        4.3310069892272603E-002   8.1741377554108083E-002   1.3418708968345712       0.20503158544159425     
   4.3310069892272603E-002  0.58928579533333780       0.18483694179490923       0.20503158544159425        2.3756580036400021     
   8.1741377554108083E-002  0.18483694179490923       0.83611609251164520        3.5246343734378183E-002  0.24678848900230338     
 first few columns of gr matrix
   5.6648496383932949       0.62009434543356279       0.84985992438204816       0.63819350642367811        1.4015378678605723E-003
  0.62009434543356345        6.0808615577222787      -0.69430707570312111        1.4015378678605723E-003  0.63951060932721993     
  0.84985992438204838      -0.69430707570312067        5.8986325655526493        6.8858872383585984E-002  -1.1471451255479994E-004
  0.96412787293318281       -1.1125268826109130E-002  0.10279370917313203        6.3591810841487462        1.1644351149847223     
  -1.1125268826109130E-002   1.0014121148562403      -0.14086479389723977        1.1644351149847227        6.6748269882981450     
  0.10279370917313203      -0.14086479389723977        1.8123678096510625      -0.38964165057740363       0.53282246452740556     
  0.34592817187503150        2.7236542956720379E-002   5.7097663929224995E-002  0.72495627109065874       0.14710368751974873     
   2.7236542956720379E-002  0.39268849101553477       0.12170120295998199       0.14710368751974873        1.2528573249806301     
   5.7097663929224995E-002  0.12170120295998199       0.58834036986825833        2.6210342840442581E-002  0.12935869827550539     
  
 about to enter dgetrf
 Just out of dgetrf:                 
  
  **** TRANSLATION/ROTATION FLOWS ****
     U(X-Z) =     1.000     0.000     0.000 A/SEC
  OMGA(X-Z) =     0.000     0.000     0.000 RAD/S

 FTOTH(X-Z) =   -0.15434E+02    0.19609E+00    0.35577E+00
 TTOTH(X-Z) =    0.64275E-01    0.22809E+01   -0.41120E+01

     U(X-Z) =     0.000     1.000     0.000 A/SEC
  OMGA(X-Z) =     0.000     0.000     0.000 RAD/S

 FTOTH(X-Z) =    0.19598E+00   -0.15025E+02    0.41266E+00
 TTOTH(X-Z) =    0.42197E+01   -0.52962E+00   -0.31279E+01

     U(X-Z) =     0.000     0.000     1.000 A/SEC
  OMGA(X-Z) =     0.000     0.000     0.000 RAD/S

 FTOTH(X-Z) =    0.35568E+00    0.41261E+00   -0.14599E+02
 TTOTH(X-Z) =    0.26428E+01    0.31928E+01    0.48599E+00

     U(X-Z) =     0.000     0.000     0.000 A/SEC
  OMGA(X-Z) =     1.000     0.000     0.000 RAD/S

 FTOTH(X-Z) =    0.99227E-01    0.42126E+01    0.26589E+01
 TTOTH(X-Z) =   -0.91338E+04    0.39258E+03    0.77260E+03

     U(X-Z) =     0.000     0.000     0.000 A/SEC
  OMGA(X-Z) =     0.000     1.000     0.000 RAD/S

 FTOTH(X-Z) =    0.23158E+01   -0.54385E+00    0.32317E+01
 TTOTH(X-Z) =    0.39443E+03   -0.87063E+04    0.95290E+03

     U(X-Z) =     0.000     0.000     0.000 A/SEC
  OMGA(X-Z) =     0.000     0.000     1.000 RAD/S

 FTOTH(X-Z) =   -0.41388E+01   -0.31763E+01    0.48299E+00
 TTOTH(X-Z) =    0.77320E+03    0.95009E+03   -0.76828E+04

 I,J,Ktt,Ktr,Krt,Krr=    1    1  0.1543E+02 -0.6428E-01 -0.9923E-01  0.9134E+04
 I,J,Ktt,Ktr,Krt,Krr=    1    2 -0.1960E+00 -0.4220E+01 -0.2316E+01 -0.3944E+03
 I,J,Ktt,Ktr,Krt,Krr=    1    3 -0.3557E+00 -0.2643E+01  0.4139E+01 -0.7732E+03
 I,J,Ktt,Ktr,Krt,Krr=    2    1 -0.1961E+00 -0.2281E+01 -0.4213E+01 -0.3926E+03
 I,J,Ktt,Ktr,Krt,Krr=    2    2  0.1502E+02  0.5296E+00  0.5438E+00  0.8706E+04
 I,J,Ktt,Ktr,Krt,Krr=    2    3 -0.4126E+00 -0.3193E+01  0.3176E+01 -0.9501E+03
 I,J,Ktt,Ktr,Krt,Krr=    3    1 -0.3558E+00  0.4112E+01 -0.2659E+01 -0.7726E+03
 I,J,Ktt,Ktr,Krt,Krr=    3    2 -0.4127E+00  0.3128E+01 -0.3232E+01 -0.9529E+03
 I,J,Ktt,Ktr,Krt,Krr=    3    3  0.1460E+02 -0.4860E+00 -0.4830E+00  0.7683E+04
  
  Friction Tensors in Center of Resistance
  
  Ktt Tensor (A)
    0.15434E+02   -0.19598E+00   -0.35568E+00
   -0.19609E+00    0.15025E+02   -0.41261E+00
   -0.35577E+00   -0.41266E+00    0.14599E+02
  
  Symmetric Krt Tensor (A^2)
   -0.81751E-01   -0.22984E+01    0.41254E+01
   -0.42161E+01    0.53673E+00    0.31521E+01
   -0.26508E+01   -0.32122E+01   -0.48449E+00
  
  Krr Tensor (A^3)
    0.91338E+04   -0.39443E+03   -0.77320E+03
   -0.39258E+03    0.87063E+04   -0.95009E+03
   -0.77260E+03   -0.95290E+03    0.76828E+04
  
 Raw Dtt tensor (no rot/trans coupling correction)
    0.64842E-01    0.88986E-03    0.16049E-02
    0.89034E-03    0.66620E-01    0.19046E-02
    0.16053E-02    0.19048E-02    0.68591E-01
  
 Raw Drr tensor (no rot/trans coupling correction)
    0.11076E-03    0.63238E-05    0.11929E-04
    0.62953E-05    0.11680E-03    0.15077E-04
    0.11920E-04    0.15122E-04    0.13323E-03
  
 Raw Dtt tensor, before CD transformation
    0.64841E-01    0.88965E-03    0.15974E-02
    0.89025E-03    0.66620E-01    0.19004E-02
    0.16057E-02    0.19052E-02    0.68606E-01
  
 Program finished at:                
 Elapsed time CPU_TIME:   71.667999999999992     
