 BEST ver.3.90 SFSU/ARAGON
  
 control gtensor value=   1.0000000000000000     
 true area (A^2)=    6249.4949999999999     
 total area (A^2) =    5970.1422901961550     
 centroid coords =    10.234666064619706        21.526884908689507        14.165846779048753     
  
 first few rows of gr matrix
   4.9728420532993756       0.93671685056899845      -0.35683806090702841       0.71804854399859275       0.16714390589395392     
  0.93671685056899912        5.2209102459679890       0.36595382948381538       0.16714390589395392        1.2248268607401083     
 -0.35683806090702852       0.36595382948381561        5.8489464379153997        1.1434951300034184E-002   6.7062498701506171E-002
  0.85014709385136922       0.15240881324678113        8.2835668031005418E-003   4.1813789561282695      -0.33654742797004888     
  0.15240881324678113        1.5305992256874297        6.7908035112365553E-002 -0.33654742797004900        5.4506889042133349     
   8.2835668031005418E-003   6.7908035112365553E-002  0.82776895505715120      -0.75444701819626414      -0.13767694088436361     
   1.4938576269516310        7.3613506039739873E-002  0.10838809313035160       0.62922295795781102       0.10403719963843147     
   7.3613506039739873E-002   1.4607482186666079       -6.6875312323095001E-002  0.10403719963843147        1.0493327340206118     
  0.10838809313035160       -6.6875312323095001E-002   2.5140274775023421       -5.9445004160143283E-002 -0.20144783063148514     
 first few columns of gr matrix
   4.9728420532993756       0.93671685056899912      -0.35683806090702852       0.85014709385136922       0.15240881324678113     
  0.93671685056899845        5.2209102459679890       0.36595382948381561       0.15240881324678113        1.5305992256874297     
 -0.35683806090702841       0.36595382948381538        5.8489464379153997        8.2835668031005418E-003   6.7908035112365553E-002
  0.71804854399859275       0.16714390589395392        1.1434951300034184E-002   4.1813789561282695      -0.33654742797004900     
  0.16714390589395392        1.2248268607401083        6.7062498701506171E-002 -0.33654742797004888        5.4506889042133349     
   1.1434951300034184E-002   6.7062498701506171E-002  0.67744909428573419      -0.75444701819626370      -0.13767694088436361     
   1.7036812496131504       0.14684284501758640       0.14863802491471909       0.88782164398846397        9.7992712332817533E-002
  0.14684284501758640        1.7218933116817161       0.11314580544721307        9.7992712332817533E-002   1.5343739576398012     
  0.14863802491471909       0.11314580544721307        2.7456167922183363       -4.8522888772788625E-002 -0.28256000441957552     
  
 about to enter dgetrf
 Just out of dgetrf:                 
  
  **** TRANSLATION/ROTATION FLOWS ****
     U(X-Z) =     1.000     0.000     0.000 A/SEC
  OMGA(X-Z) =     0.000     0.000     0.000 RAD/S

 FTOTH(X-Z) =   -0.15467E+02    0.19735E+00    0.35772E+00
 TTOTH(X-Z) =    0.18285E+00    0.57770E+01   -0.24074E+01

     U(X-Z) =     0.000     1.000     0.000 A/SEC
  OMGA(X-Z) =     0.000     0.000     0.000 RAD/S

 FTOTH(X-Z) =    0.19737E+00   -0.15061E+02    0.41240E+00
 TTOTH(X-Z) =    0.93784E+00   -0.55917E+00   -0.12969E+01

     U(X-Z) =     0.000     0.000     1.000 A/SEC
  OMGA(X-Z) =     0.000     0.000     0.000 RAD/S

 FTOTH(X-Z) =    0.35767E+00    0.41233E+00   -0.14629E+02
 TTOTH(X-Z) =    0.10192E+01    0.12876E+01    0.37218E+00

     U(X-Z) =     0.000     0.000     0.000 A/SEC
  OMGA(X-Z) =     1.000     0.000     0.000 RAD/S

 FTOTH(X-Z) =    0.21707E+00    0.97157E+00    0.10777E+01
 TTOTH(X-Z) =   -0.91942E+04    0.39722E+03    0.77868E+03

     U(X-Z) =     0.000     0.000     0.000 A/SEC
  OMGA(X-Z) =     0.000     1.000     0.000 RAD/S

 FTOTH(X-Z) =    0.57342E+01   -0.55719E+00    0.13837E+01
 TTOTH(X-Z) =    0.39816E+03   -0.87674E+04    0.96348E+03

     U(X-Z) =     0.000     0.000     0.000 A/SEC
  OMGA(X-Z) =     0.000     0.000     1.000 RAD/S

 FTOTH(X-Z) =   -0.24523E+01   -0.13863E+01    0.38624E+00
 TTOTH(X-Z) =    0.78005E+03    0.95920E+03   -0.77297E+04

 I,J,Ktt,Ktr,Krt,Krr=    1    1  0.1547E+02 -0.1829E+00 -0.2171E+00  0.9194E+04
 I,J,Ktt,Ktr,Krt,Krr=    1    2 -0.1974E+00 -0.9378E+00 -0.5734E+01 -0.3982E+03
 I,J,Ktt,Ktr,Krt,Krr=    1    3 -0.3577E+00 -0.1019E+01  0.2452E+01 -0.7800E+03
 I,J,Ktt,Ktr,Krt,Krr=    2    1 -0.1973E+00 -0.5777E+01 -0.9716E+00 -0.3972E+03
 I,J,Ktt,Ktr,Krt,Krr=    2    2  0.1506E+02  0.5592E+00  0.5572E+00  0.8767E+04
 I,J,Ktt,Ktr,Krt,Krr=    2    3 -0.4123E+00 -0.1288E+01  0.1386E+01 -0.9592E+03
 I,J,Ktt,Ktr,Krt,Krr=    3    1 -0.3577E+00  0.2407E+01 -0.1078E+01 -0.7787E+03
 I,J,Ktt,Ktr,Krt,Krr=    3    2 -0.4124E+00  0.1297E+01 -0.1384E+01 -0.9635E+03
 I,J,Ktt,Ktr,Krt,Krr=    3    3  0.1463E+02 -0.3722E+00 -0.3862E+00  0.7730E+04
  
  Friction Tensors in Center of Resistance
  
  Ktt Tensor (A)
    0.15467E+02   -0.19737E+00   -0.35767E+00
   -0.19735E+00    0.15061E+02   -0.41233E+00
   -0.35772E+00   -0.41240E+00    0.14629E+02
  
  Symmetric Krt Tensor (A^2)
   -0.19996E+00   -0.57556E+01    0.24299E+01
   -0.95470E+00    0.55818E+00    0.13416E+01
   -0.10485E+01   -0.13357E+01   -0.37921E+00
  
  Krr Tensor (A^3)
    0.91942E+04   -0.39816E+03   -0.78005E+03
   -0.39722E+03    0.87674E+04   -0.95920E+03
   -0.77868E+03   -0.96348E+03    0.77297E+04
  
 Raw Dtt tensor (no rot/trans coupling correction)
    0.64700E-01    0.89189E-03    0.16070E-02
    0.89177E-03    0.66459E-01    0.18949E-02
    0.16072E-02    0.18953E-02    0.68448E-01
  
 Raw Drr tensor (no rot/trans coupling correction)
    0.11004E-03    0.63038E-05    0.11887E-04
    0.62843E-05    0.11600E-03    0.15028E-04
    0.11869E-04    0.15094E-04    0.13244E-03
  
 Raw Dtt tensor, before CD transformation
    0.64700E-01    0.89186E-03    0.16060E-02
    0.89161E-03    0.66459E-01    0.18884E-02
    0.16073E-02    0.18954E-02    0.68452E-01
  
 Program finished at:                
 Elapsed time CPU_TIME:   126.15599999999999     
