 BEST ver.3.90 SFSU/ARAGON
  
 control gtensor value=   1.0000000000000000     
 true area (A^2)=    6249.4949999999999     
 total area (A^2) =    5949.9654544171271     
 centroid coords =    10.037630037853486        21.497844132709869        13.745276553106219     
  
 first few rows of gr matrix
   4.9812665811395291       0.93830374938890460      -0.35744258285771935       0.72048350730461885       0.16771070500674259     
  0.93830374938890482        5.2297550279350569       0.36657379452425987       0.16771070500674259        1.2289803521538341     
 -0.35744258285771935       0.36657379452425964        5.8588551805566595        1.1473728186436296E-002   6.7289913303086535E-002
  0.85303001450562643       0.15292564441491402        8.3116570783014990E-003   4.1884626605871231      -0.33711757541211063     
  0.15292564441491402        1.5357896170362189        6.8138316999384135E-002 -0.33711757541211063        5.4599229558742133     
   8.3116570783014990E-003   6.8138316999384135E-002  0.83057598955123646      -0.75572513236932348      -0.13791018038986086     
   1.4989234244335095        7.3863135660930293E-002  0.10875564631570150       0.63135670619355655       0.10438999857618939     
   7.3863135660930293E-002   1.4657017393464062       -6.7102092159843890E-002  0.10438999857618939        1.0528911100169254     
  0.10875564631570150       -6.7102092159843890E-002   2.5225527571776833       -5.9646587193861983E-002 -0.20213095725261124     
 first few columns of gr matrix
   4.9812665811395291       0.93830374938890482      -0.35744258285771935       0.85303001450562643       0.15292564441491402     
  0.93830374938890460        5.2297550279350569       0.36657379452425964       0.15292564441491402        1.5357896170362189     
 -0.35744258285771935       0.36657379452425987        5.8588551805566595        8.3116570783014990E-003   6.8138316999384135E-002
  0.72048350730461885       0.16771070500674259        1.1473728186436296E-002   4.1884626605871231      -0.33711757541211063     
  0.16771070500674259        1.2289803521538341        6.7289913303086535E-002 -0.33711757541211063        5.4599229558742133     
   1.1473728186436296E-002   6.7289913303086535E-002  0.67974638142610000      -0.75572513236932393      -0.13791018038986086     
   1.7094585767348951       0.14734080151698825       0.14914206902089011       0.89083232222669184        9.8325013903209482E-002
  0.14734080151698825        1.7277323974453169       0.11352949243717693        9.8325013903209482E-002   1.5395771494237018     
  0.14914206902089011       0.11352949243717693        2.7549274108350530       -4.8687433990032822E-002 -0.28351818927805444     
  
 about to enter dgetrf
 Just out of dgetrf:                 
  
  **** TRANSLATION/ROTATION FLOWS ****
     U(X-Z) =     1.000     0.000     0.000 A/SEC
  OMGA(X-Z) =     0.000     0.000     0.000 RAD/S

 FTOTH(X-Z) =   -0.15454E+02    0.19845E+00    0.35708E+00
 TTOTH(X-Z) =    0.48978E-01   -0.60666E+00   -0.20221E+01

     U(X-Z) =     0.000     1.000     0.000 A/SEC
  OMGA(X-Z) =     0.000     0.000     0.000 RAD/S

 FTOTH(X-Z) =    0.19845E+00   -0.15047E+02    0.41095E+00
 TTOTH(X-Z) =    0.70012E+01   -0.52992E+00   -0.43162E+01

     U(X-Z) =     0.000     0.000     1.000 A/SEC
  OMGA(X-Z) =     0.000     0.000     0.000 RAD/S

 FTOTH(X-Z) =    0.35702E+00    0.41098E+00   -0.14618E+02
 TTOTH(X-Z) =    0.54934E+00    0.43796E+01    0.49096E+00

     U(X-Z) =     0.000     0.000     0.000 A/SEC
  OMGA(X-Z) =     1.000     0.000     0.000 RAD/S

 FTOTH(X-Z) =    0.91517E-01    0.69940E+01    0.56444E+00
 TTOTH(X-Z) =   -0.91727E+04    0.39798E+03    0.78068E+03

     U(X-Z) =     0.000     0.000     0.000 A/SEC
  OMGA(X-Z) =     0.000     1.000     0.000 RAD/S

 FTOTH(X-Z) =   -0.57932E+00   -0.53221E+00    0.44124E+01
 TTOTH(X-Z) =    0.39797E+03   -0.87449E+04    0.95643E+03

     U(X-Z) =     0.000     0.000     0.000 A/SEC
  OMGA(X-Z) =     0.000     0.000     1.000 RAD/S

 FTOTH(X-Z) =   -0.20419E+01   -0.43608E+01    0.48447E+00
 TTOTH(X-Z) =    0.78302E+03    0.95469E+03   -0.77120E+04

 I,J,Ktt,Ktr,Krt,Krr=    1    1  0.1545E+02 -0.4898E-01 -0.9152E-01  0.9173E+04
 I,J,Ktt,Ktr,Krt,Krr=    1    2 -0.1985E+00 -0.7001E+01  0.5793E+00 -0.3980E+03
 I,J,Ktt,Ktr,Krt,Krr=    1    3 -0.3570E+00 -0.5493E+00  0.2042E+01 -0.7830E+03
 I,J,Ktt,Ktr,Krt,Krr=    2    1 -0.1984E+00  0.6067E+00 -0.6994E+01 -0.3980E+03
 I,J,Ktt,Ktr,Krt,Krr=    2    2  0.1505E+02  0.5299E+00  0.5322E+00  0.8745E+04
 I,J,Ktt,Ktr,Krt,Krr=    2    3 -0.4110E+00 -0.4380E+01  0.4361E+01 -0.9547E+03
 I,J,Ktt,Ktr,Krt,Krr=    3    1 -0.3571E+00  0.2022E+01 -0.5644E+00 -0.7807E+03
 I,J,Ktt,Ktr,Krt,Krr=    3    2 -0.4109E+00  0.4316E+01 -0.4412E+01 -0.9564E+03
 I,J,Ktt,Ktr,Krt,Krr=    3    3  0.1462E+02 -0.4910E+00 -0.4845E+00  0.7712E+04
  
  Friction Tensors in Center of Resistance
  
  Ktt Tensor (A)
    0.15454E+02   -0.19845E+00   -0.35702E+00
   -0.19845E+00    0.15047E+02   -0.41098E+00
   -0.35708E+00   -0.41095E+00    0.14618E+02
  
  Symmetric Krt Tensor (A^2)
   -0.70247E-01    0.59299E+00    0.20320E+01
   -0.69976E+01    0.53106E+00    0.43385E+01
   -0.55689E+00   -0.43960E+01   -0.48772E+00
  
  Krr Tensor (A^3)
    0.91727E+04   -0.39797E+03   -0.78302E+03
   -0.39798E+03    0.87449E+04   -0.95469E+03
   -0.78068E+03   -0.95643E+03    0.77120E+04
  
 Raw Dtt tensor (no rot/trans coupling correction)
    0.64757E-01    0.89793E-03    0.16069E-02
    0.89792E-03    0.66521E-01    0.18922E-02
    0.16071E-02    0.18920E-02    0.68503E-01
  
 Raw Drr tensor (no rot/trans coupling correction)
    0.11031E-03    0.63310E-05    0.11984E-04
    0.63252E-05    0.11629E-03    0.15037E-04
    0.11952E-04    0.15062E-04    0.13275E-03
  
 Raw Dtt tensor, before CD transformation
    0.64756E-01    0.89750E-03    0.15912E-02
    0.89796E-03    0.66521E-01    0.18937E-02
    0.16074E-02    0.18924E-02    0.68515E-01
  
 Program finished at:                
 Elapsed time CPU_TIME:   91.171999999999997     
