 BEST ver.3.90 SFSU/ARAGON
  
 control gtensor value=   1.0000000000000000     
 true area (A^2)=    6249.4949999999999     
 total area (A^2) =    5951.5696741735337     
 centroid coords =    10.099803393213573        21.594865380350431        13.849711355067623     
  
 first few rows of gr matrix
   4.9805951965082933       0.93817728301604375      -0.35739440606316908       0.72028930410447856       0.16766549931462080     
  0.93817728301604419        5.2290501515559900       0.36652438700754741       0.16766549931462080        1.2286490858377042     
 -0.35739440606316897       0.36652438700754730        5.8580655128565322        1.1470635492837051E-002   6.7271775599213587E-002
  0.85280008397015516       0.15288442397165916        8.3094167072358047E-003   4.1878981315837036      -0.33707213806091407     
  0.15288442397165916        1.5353756516152939        6.8119950611979993E-002 -0.33707213806091407        5.4591870570218655     
   8.3094167072358047E-003   6.8119950611979993E-002  0.83035211140066778      -0.75562327429145437      -0.13789159259213979     
   1.4985193961346810        7.3843226173520349E-002  0.10872633170359212       0.63118652673555375       0.10436186070546698     
   7.3843226173520349E-002   1.4653066658085023       -6.7084005082344633E-002  0.10436186070546698        1.0526073077912093     
  0.10872633170359212       -6.7084005082344633E-002   2.5218728140381108       -5.9630509715345031E-002 -0.20207647373099283     
 first few columns of gr matrix
   4.9805951965082933       0.93817728301604419      -0.35739440606316897       0.85280008397015516       0.15288442397165916     
  0.93817728301604375        5.2290501515559900       0.36652438700754730       0.15288442397165916        1.5353756516152939     
 -0.35739440606316908       0.36652438700754741        5.8580655128565322        8.3094167072358047E-003   6.8119950611979993E-002
  0.72028930410447856       0.16766549931462080        1.1470635492837051E-002   4.1878981315837036      -0.33707213806091407     
  0.16766549931462080        1.2286490858377042        6.7271775599213587E-002 -0.33707213806091407        5.4591870570218655     
   1.1470635492837051E-002   6.7271775599213587E-002  0.67956315874130802      -0.75562327429145482      -0.13789159259213962     
   1.7089977996001751       0.14730108644388032       0.14910186842395015       0.89059220224335989        9.8298510822763849E-002
  0.14730108644388032        1.7272666946815924       0.11349889105557959        9.8298510822763849E-002   1.5391621630898720     
  0.14910186842395015       0.11349889105557959        2.7541848321168549       -4.8674310503663429E-002 -0.28344176818153022     
  
 about to enter dgetrf
 Just out of dgetrf:                 
  
  **** TRANSLATION/ROTATION FLOWS ****
     U(X-Z) =     1.000     0.000     0.000 A/SEC
  OMGA(X-Z) =     0.000     0.000     0.000 RAD/S

 FTOTH(X-Z) =   -0.15458E+02    0.19647E+00    0.35821E+00
 TTOTH(X-Z) =    0.75544E-01    0.83785E+00   -0.33384E+01

     U(X-Z) =     0.000     1.000     0.000 A/SEC
  OMGA(X-Z) =     0.000     0.000     0.000 RAD/S

 FTOTH(X-Z) =    0.19645E+00   -0.15049E+02    0.41170E+00
 TTOTH(X-Z) =    0.55671E+01   -0.53200E+00   -0.35785E+01

     U(X-Z) =     0.000     0.000     1.000 A/SEC
  OMGA(X-Z) =     0.000     0.000     0.000 RAD/S

 FTOTH(X-Z) =    0.35808E+00    0.41165E+00   -0.14619E+02
 TTOTH(X-Z) =    0.18114E+01    0.36031E+01    0.46324E+00

     U(X-Z) =     0.000     0.000     0.000 A/SEC
  OMGA(X-Z) =     1.000     0.000     0.000 RAD/S

 FTOTH(X-Z) =    0.10971E+00    0.55834E+01    0.18671E+01
 TTOTH(X-Z) =   -0.91804E+04    0.39604E+03    0.78077E+03

     U(X-Z) =     0.000     0.000     0.000 A/SEC
  OMGA(X-Z) =     0.000     1.000     0.000 RAD/S

 FTOTH(X-Z) =    0.85191E+00   -0.53641E+00    0.36344E+01
 TTOTH(X-Z) =    0.39745E+03   -0.87489E+04    0.95935E+03

     U(X-Z) =     0.000     0.000     0.000 A/SEC
  OMGA(X-Z) =     0.000     0.000     1.000 RAD/S

 FTOTH(X-Z) =   -0.33837E+01   -0.36190E+01    0.46635E+00
 TTOTH(X-Z) =    0.78183E+03    0.95854E+03   -0.77144E+04

 I,J,Ktt,Ktr,Krt,Krr=    1    1  0.1546E+02 -0.7554E-01 -0.1097E+00  0.9180E+04
 I,J,Ktt,Ktr,Krt,Krr=    1    2 -0.1964E+00 -0.5567E+01 -0.8519E+00 -0.3974E+03
 I,J,Ktt,Ktr,Krt,Krr=    1    3 -0.3581E+00 -0.1811E+01  0.3384E+01 -0.7818E+03
 I,J,Ktt,Ktr,Krt,Krr=    2    1 -0.1965E+00 -0.8378E+00 -0.5583E+01 -0.3960E+03
 I,J,Ktt,Ktr,Krt,Krr=    2    2  0.1505E+02  0.5320E+00  0.5364E+00  0.8749E+04
 I,J,Ktt,Ktr,Krt,Krr=    2    3 -0.4116E+00 -0.3603E+01  0.3619E+01 -0.9585E+03
 I,J,Ktt,Ktr,Krt,Krr=    3    1 -0.3582E+00  0.3338E+01 -0.1867E+01 -0.7808E+03
 I,J,Ktt,Ktr,Krt,Krr=    3    2 -0.4117E+00  0.3579E+01 -0.3634E+01 -0.9593E+03
 I,J,Ktt,Ktr,Krt,Krr=    3    3  0.1462E+02 -0.4632E+00 -0.4664E+00  0.7714E+04
  
  Friction Tensors in Center of Resistance
  
  Ktt Tensor (A)
    0.15458E+02   -0.19645E+00   -0.35808E+00
   -0.19647E+00    0.15049E+02   -0.41165E+00
   -0.35821E+00   -0.41170E+00    0.14619E+02
  
  Symmetric Krt Tensor (A^2)
   -0.92627E-01   -0.84488E+00    0.33610E+01
   -0.55752E+01    0.53421E+00    0.35988E+01
   -0.18393E+01   -0.36187E+01   -0.46480E+00
  
  Krr Tensor (A^3)
    0.91804E+04   -0.39745E+03   -0.78183E+03
   -0.39604E+03    0.87489E+04   -0.95854E+03
   -0.78077E+03   -0.95935E+03    0.77144E+04
  
 Raw Dtt tensor (no rot/trans coupling correction)
    0.64739E-01    0.88914E-03    0.16108E-02
    0.88925E-03    0.66512E-01    0.18947E-02
    0.16114E-02    0.18949E-02    0.68499E-01
  
 Raw Drr tensor (no rot/trans coupling correction)
    0.11022E-03    0.63179E-05    0.11955E-04
    0.62972E-05    0.11624E-03    0.15081E-04
    0.11938E-04    0.15095E-04    0.13271E-03
  
 Raw Dtt tensor, before CD transformation
    0.64738E-01    0.88884E-03    0.16000E-02
    0.88923E-03    0.66512E-01    0.18939E-02
    0.16117E-02    0.18953E-02    0.68512E-01
  
 Program finished at:                
 Elapsed time CPU_TIME:   101.19600000000000     
