 BEST ver.3.90 SFSU/ARAGON
  
 control gtensor value=   1.0000000000000000     
 true area (A^2)=    6249.4949999999999     
 total area (A^2) =    5882.8419627090198     
 centroid coords =    10.014043055555558        21.475278086419788        13.916916820987652     
  
 first few rows of gr matrix
   7.4441878986371517       0.93073245301995811      -0.84520141064060961        1.7437304595427487        9.0383784979679221E-002
  0.93073245301995766        10.047704367931431       0.31037334425632068        9.0383784979679221E-002   2.0169135026200435     
 -0.84520141064060961       0.31037334425632068        10.073396575851653       -4.7126158366762705E-002   8.4927718887731277E-002
   2.6449191613498861       0.11877450161826211       -2.0094468967562690E-002   6.0771808424713996       0.93797074205067288     
  0.11877450161826211        2.8732283068336177      -0.34267255502686611       0.93797074205067288        7.1000786844926980     
  -2.0094468967562690E-002 -0.34267255502686611        4.6458908192823083       0.49206657639296991      -0.94764057702939164     
   2.2537748844592747       -8.4965851534629419E-002 -0.19236736781952654        1.7322152624168670      -0.14844830887017704     
  -8.4965851534629419E-002   3.4712784324160437       0.80904109246244782      -0.14844830887017704        2.9211814444179032     
 -0.19236736781952654       0.80904109246244782        2.9736994672189465       -9.5507284223650596E-002  -7.8319776367450314E-002
 first few columns of gr matrix
   7.4441878986371517       0.93073245301995766      -0.84520141064060961        2.6449191613498861       0.11877450161826211     
  0.93073245301995811        10.047704367931431       0.31037334425632068       0.11877450161826211        2.8732283068336177     
 -0.84520141064060961       0.31037334425632068        10.073396575851653       -2.0094468967562690E-002 -0.34267255502686611     
   1.7437304595427487        9.0383784979679221E-002  -4.7126158366762705E-002   6.0771808424713996       0.93797074205067288     
   9.0383784979679221E-002   2.0169135026200435        8.4927718887731277E-002  0.93797074205067288        7.1000786844926980     
  -4.7126158366762705E-002   8.4927718887731277E-002   3.0285584677928821       0.49206657639296991      -0.94764057702939208     
   2.1951209619281724       -5.3516185784510673E-003  -1.9479384926805718E-002   3.2815662927913301       0.27772257006812451     
  -5.3516185784510673E-003   3.1220799924653133       0.67531230924979890       0.27772257006812451        5.2192907032314393     
  -1.9479384926805718E-002  0.67531230924979890        3.3167748426457155       0.11574929477162674        8.6944819185409260E-003
  
 about to enter dgetrf
 Just out of dgetrf:                 
  
  **** TRANSLATION/ROTATION FLOWS ****
     U(X-Z) =     1.000     0.000     0.000 A/SEC
  OMGA(X-Z) =     0.000     0.000     0.000 RAD/S

 FTOTH(X-Z) =   -0.15405E+02    0.20019E+00    0.35676E+00
 TTOTH(X-Z) =    0.11503E+00    0.20264E+01   -0.16741E+01

     U(X-Z) =     0.000     1.000     0.000 A/SEC
  OMGA(X-Z) =     0.000     0.000     0.000 RAD/S

 FTOTH(X-Z) =    0.20017E+00   -0.15004E+02    0.40997E+00
 TTOTH(X-Z) =    0.45764E+01   -0.49639E+00   -0.46180E+01

     U(X-Z) =     0.000     0.000     1.000 A/SEC
  OMGA(X-Z) =     0.000     0.000     0.000 RAD/S

 FTOTH(X-Z) =    0.35660E+00    0.40988E+00   -0.14565E+02
 TTOTH(X-Z) =    0.31964E+00    0.44718E+01    0.39815E+00

     U(X-Z) =     0.000     0.000     0.000 A/SEC
  OMGA(X-Z) =     1.000     0.000     0.000 RAD/S

 FTOTH(X-Z) =    0.16260E+00    0.45808E+01    0.31934E+00
 TTOTH(X-Z) =   -0.90807E+04    0.39791E+03    0.77374E+03

     U(X-Z) =     0.000     0.000     0.000 A/SEC
  OMGA(X-Z) =     0.000     1.000     0.000 RAD/S

 FTOTH(X-Z) =    0.20371E+01   -0.52220E+00    0.45157E+01
 TTOTH(X-Z) =    0.40102E+03   -0.86686E+04    0.94869E+03

     U(X-Z) =     0.000     0.000     0.000 A/SEC
  OMGA(X-Z) =     0.000     0.000     1.000 RAD/S

 FTOTH(X-Z) =   -0.16506E+01   -0.46200E+01    0.39746E+00
 TTOTH(X-Z) =    0.77474E+03    0.94614E+03   -0.76388E+04

 I,J,Ktt,Ktr,Krt,Krr=    1    1  0.1540E+02 -0.1150E+00 -0.1626E+00  0.9081E+04
 I,J,Ktt,Ktr,Krt,Krr=    1    2 -0.2002E+00 -0.4576E+01 -0.2037E+01 -0.4010E+03
 I,J,Ktt,Ktr,Krt,Krr=    1    3 -0.3566E+00 -0.3196E+00  0.1651E+01 -0.7747E+03
 I,J,Ktt,Ktr,Krt,Krr=    2    1 -0.2002E+00 -0.2026E+01 -0.4581E+01 -0.3979E+03
 I,J,Ktt,Ktr,Krt,Krr=    2    2  0.1500E+02  0.4964E+00  0.5222E+00  0.8669E+04
 I,J,Ktt,Ktr,Krt,Krr=    2    3 -0.4099E+00 -0.4472E+01  0.4620E+01 -0.9461E+03
 I,J,Ktt,Ktr,Krt,Krr=    3    1 -0.3568E+00  0.1674E+01 -0.3193E+00 -0.7737E+03
 I,J,Ktt,Ktr,Krt,Krr=    3    2 -0.4100E+00  0.4618E+01 -0.4516E+01 -0.9487E+03
 I,J,Ktt,Ktr,Krt,Krr=    3    3  0.1456E+02 -0.3982E+00 -0.3975E+00  0.7639E+04
  
  Friction Tensors in Center of Resistance
  
  Ktt Tensor (A)
    0.15405E+02   -0.20017E+00   -0.35660E+00
   -0.20019E+00    0.15004E+02   -0.40988E+00
   -0.35676E+00   -0.40997E+00    0.14565E+02
  
  Symmetric Krt Tensor (A^2)
   -0.13881E+00   -0.20318E+01    0.16624E+01
   -0.45786E+01    0.50930E+00    0.46190E+01
   -0.31949E+00   -0.44938E+01   -0.39780E+00
  
  Krr Tensor (A^3)
    0.90807E+04   -0.40102E+03   -0.77474E+03
   -0.39791E+03    0.86686E+04   -0.94614E+03
   -0.77374E+03   -0.94869E+03    0.76388E+04
  
 Raw Dtt tensor (no rot/trans coupling correction)
    0.64964E-01    0.91086E-03    0.16162E-02
    0.91098E-03    0.66715E-01    0.18998E-02
    0.16169E-02    0.19002E-02    0.68753E-01
  
 Raw Drr tensor (no rot/trans coupling correction)
    0.11144E-03    0.64799E-05    0.12105E-04
    0.64345E-05    0.11732E-03    0.15184E-04
    0.12087E-04    0.15226E-04    0.13402E-03
  
 Raw Dtt tensor, before CD transformation
    0.64964E-01    0.91056E-03    0.16052E-02
    0.91095E-03    0.66715E-01    0.18986E-02
    0.16173E-02    0.19006E-02    0.68766E-01
  
 Program finished at:                
 Elapsed time CPU_TIME:   41.820000000000000     
