 BEST ver.3.90 SFSU/ARAGON
  
 control gtensor value=   1.0000000000000000     
 true area (A^2)=    6249.4949999999999     
 total area (A^2) =    5965.3169115370620     
 centroid coords =    10.237151066827694        21.583108796296258        14.186243558776162     
  
 first few rows of gr matrix
   4.9748529267904651       0.93709563176962507      -0.35698235589761629       0.71862937753548506       0.16727910954674638     
  0.93709563176962485        5.2230214310610279       0.36610181062755121       0.16727910954674638        1.2258176301296566     
 -0.35698235589761618       0.36610181062755143        5.8513115826790472        1.1444201096950263E-002   6.7116745936793065E-002
  0.85083478265392465       0.15253209759961708        8.2902674272359780E-003   4.1830697848352676      -0.33668351801556951     
  0.15253209759961708        1.5318373360759940        6.7962966306847380E-002 -0.33668351801556939        5.4528930051496172     
   8.2902674272359780E-003   6.7962966306847380E-002  0.82843854205640444      -0.75475209474867810      -0.13773261345706761     
   1.4950660168527432        7.3673052421991514E-002  0.10847576887318695       0.62973193997472776       0.10412135591886713     
   7.3673052421991514E-002   1.4619298261797062       -6.6929408142257021E-002  0.10412135591886713        1.0501815452164258     
  0.10847576887318695       -6.6929408142257021E-002   2.5160610885775485       -5.9493089560922675E-002 -0.20161078292342061     
 first few columns of gr matrix
   4.9748529267904651       0.93709563176962485      -0.35698235589761618       0.85083478265392465       0.15253209759961708     
  0.93709563176962507        5.2230214310610279       0.36610181062755143       0.15253209759961708        1.5318373360759940     
 -0.35698235589761629       0.36610181062755121        5.8513115826790472        8.2902674272359780E-003   6.7962966306847380E-002
  0.71862937753548506       0.16727910954674638        1.1444201096950263E-002   4.1830697848352676      -0.33668351801556939     
  0.16727910954674638        1.2258176301296566        6.7116745936793065E-002 -0.33668351801556951        5.4528930051496172     
   1.1444201096950263E-002   6.7116745936793065E-002  0.67799708669764958      -0.75475209474867810      -0.13773261345706783     
   1.7050593670318352       0.14696162702717563       0.14875825905550308       0.88853980794815068        9.8071979193212352E-002
  0.14696162702717563        1.7232861609406260       0.11323732973051009        9.8071979193212352E-002   1.5356151214304334     
  0.14875825905550308       0.11323732973051009        2.7478377372027589       -4.8562139212527916E-002 -0.28278856880860215     
  
 about to enter dgetrf
 Just out of dgetrf:                 
  
  **** TRANSLATION/ROTATION FLOWS ****
     U(X-Z) =     1.000     0.000     0.000 A/SEC
  OMGA(X-Z) =     0.000     0.000     0.000 RAD/S

 FTOTH(X-Z) =   -0.15466E+02    0.19650E+00    0.35779E+00
 TTOTH(X-Z) =    0.17822E+00    0.60049E+01   -0.31383E+01

     U(X-Z) =     0.000     1.000     0.000 A/SEC
  OMGA(X-Z) =     0.000     0.000     0.000 RAD/S

 FTOTH(X-Z) =    0.19652E+00   -0.15060E+02    0.41319E+00
 TTOTH(X-Z) =    0.68063E+00   -0.55399E+00   -0.12642E+01

     U(X-Z) =     0.000     0.000     1.000 A/SEC
  OMGA(X-Z) =     0.000     0.000     0.000 RAD/S

 FTOTH(X-Z) =    0.35770E+00    0.41311E+00   -0.14629E+02
 TTOTH(X-Z) =    0.16748E+01    0.12593E+01    0.37587E+00

     U(X-Z) =     0.000     0.000     0.000 A/SEC
  OMGA(X-Z) =     1.000     0.000     0.000 RAD/S

 FTOTH(X-Z) =    0.20612E+00    0.69312E+00    0.17423E+01
 TTOTH(X-Z) =   -0.91934E+04    0.39791E+03    0.77673E+03

     U(X-Z) =     0.000     0.000     0.000 A/SEC
  OMGA(X-Z) =     0.000     1.000     0.000 RAD/S

 FTOTH(X-Z) =    0.59953E+01   -0.55374E+00    0.13620E+01
 TTOTH(X-Z) =    0.39797E+03   -0.87650E+04    0.96327E+03

     U(X-Z) =     0.000     0.000     0.000 A/SEC
  OMGA(X-Z) =     0.000     0.000     1.000 RAD/S

 FTOTH(X-Z) =   -0.31997E+01   -0.13608E+01    0.38813E+00
 TTOTH(X-Z) =    0.77805E+03    0.95940E+03   -0.77256E+04

 I,J,Ktt,Ktr,Krt,Krr=    1    1  0.1547E+02 -0.1782E+00 -0.2061E+00  0.9193E+04
 I,J,Ktt,Ktr,Krt,Krr=    1    2 -0.1965E+00 -0.6806E+00 -0.5995E+01 -0.3980E+03
 I,J,Ktt,Ktr,Krt,Krr=    1    3 -0.3577E+00 -0.1675E+01  0.3200E+01 -0.7781E+03
 I,J,Ktt,Ktr,Krt,Krr=    2    1 -0.1965E+00 -0.6005E+01 -0.6931E+00 -0.3979E+03
 I,J,Ktt,Ktr,Krt,Krr=    2    2  0.1506E+02  0.5540E+00  0.5537E+00  0.8765E+04
 I,J,Ktt,Ktr,Krt,Krr=    2    3 -0.4131E+00 -0.1259E+01  0.1361E+01 -0.9594E+03
 I,J,Ktt,Ktr,Krt,Krr=    3    1 -0.3578E+00  0.3138E+01 -0.1742E+01 -0.7767E+03
 I,J,Ktt,Ktr,Krt,Krr=    3    2 -0.4132E+00  0.1264E+01 -0.1362E+01 -0.9633E+03
 I,J,Ktt,Ktr,Krt,Krr=    3    3  0.1463E+02 -0.3759E+00 -0.3881E+00  0.7726E+04
  
  Friction Tensors in Center of Resistance
  
  Ktt Tensor (A)
    0.15466E+02   -0.19652E+00   -0.35770E+00
   -0.19650E+00    0.15060E+02   -0.41311E+00
   -0.35779E+00   -0.41319E+00    0.14629E+02
  
  Symmetric Krt Tensor (A^2)
   -0.19217E+00   -0.60001E+01    0.31690E+01
   -0.68688E+00    0.55387E+00    0.13125E+01
   -0.17086E+01   -0.13106E+01   -0.38200E+00
  
  Krr Tensor (A^3)
    0.91934E+04   -0.39797E+03   -0.77805E+03
   -0.39791E+03    0.87650E+04   -0.95940E+03
   -0.77673E+03   -0.96327E+03    0.77256E+04
  
 Raw Dtt tensor (no rot/trans coupling correction)
    0.64705E-01    0.88845E-03    0.16073E-02
    0.88839E-03    0.66466E-01    0.18987E-02
    0.16077E-02    0.18991E-02    0.68453E-01
  
 Raw Drr tensor (no rot/trans coupling correction)
    0.11005E-03    0.63007E-05    0.11866E-04
    0.62930E-05    0.11603E-03    0.15043E-04
    0.11849E-04    0.15100E-04    0.13251E-03
  
 Raw Dtt tensor, before CD transformation
    0.64705E-01    0.88843E-03    0.16064E-02
    0.88817E-03    0.66466E-01    0.18896E-02
    0.16078E-02    0.18993E-02    0.68459E-01
  
 Program finished at:                
 Elapsed time CPU_TIME:   119.40800000000000     
