 BEST ver.3.90 SFSU/ARAGON
  
 control gtensor value=   1.0000000000000000     
 true area (A^2)=    2008.0909999999999     
 total area (A^2) =    1956.9625657142756     
 centroid coords =  -0.42923549690917862      -0.19625368521160244        9.5543271516881287E-002
  
 first few rows of gr matrix
   3.1043540604773359       0.67565486848527145       0.17249541265911708        1.8240323694197387       0.24851873266315661     
  0.67565486848527145        3.3526530815308599        7.9177985098702289E-002  0.24851873266315661        1.8807617662412683     
  0.17249541265911683        7.9177985098702192E-002   3.6853907568946562      -0.19311523596651570      -0.19893414012080135     
  0.88519278614141927       0.10775124007032483      -0.12696374558019330        4.6553400797552449       0.93331963366096948     
  0.10775124007032483       0.88933872142547798       -9.9662511236970772E-002  0.93331963366097015        4.7528050055151709     
 -0.12696374558019330       -9.9662511236970772E-002   1.3376402868806689      -0.10737806517596465       0.14278765268754764     
  0.65088925178087120       0.20045148405780938       -6.4278741715950202E-002   1.5002555212000102       0.39529577584789666     
  0.20045148405780938       0.86398986647722187      -0.12064419766862722       0.39529577584789666        2.1553364553760046     
  -6.4278741715950202E-002 -0.12064419766862722       0.59878032703779749       0.10643703767389173       0.22104024897566610     
 first few columns of gr matrix
   3.1043540604773359       0.67565486848527145       0.17249541265911683       0.88519278614141927       0.10775124007032483     
  0.67565486848527145        3.3526530815308599        7.9177985098702192E-002  0.10775124007032483       0.88933872142547798     
  0.17249541265911708        7.9177985098702289E-002   3.6853907568946562      -0.12696374558019330       -9.9662511236970772E-002
   1.8240323694197387       0.24851873266315661      -0.19311523596651570        4.6553400797552449       0.93331963366097015     
  0.24851873266315661        1.8807617662412683      -0.19893414012080135       0.93331963366096948        4.7528050055151709     
 -0.19311523596651570      -0.19893414012080135        2.6966917520006559      -0.10737806517596460       0.14278765268754742     
  0.88102311338784822       0.25227776604230040      -0.12485168539878981        1.2400922824329617       0.36075579042088757     
  0.25227776604230040        1.0905827639649379      -0.16855194607558657       0.36075579042088757        1.5936503166515759     
 -0.12485168539878981      -0.16855194607558657       0.86143437650653509        3.4691605828011091E-002   9.5693394043789848E-002
  
 about to enter dgetrf
 Just out of dgetrf:                 
  
  **** TRANSLATION/ROTATION FLOWS ****
     U(X-Z) =     1.000     0.000     0.000 A/SEC
  OMGA(X-Z) =     0.000     0.000     0.000 RAD/S

 FTOTH(X-Z) =   -0.86569E+01   -0.77246E-01   -0.75079E-01
 TTOTH(X-Z) =    0.10450E+00   -0.97497E+00    0.13629E+01

     U(X-Z) =     0.000     1.000     0.000 A/SEC
  OMGA(X-Z) =     0.000     0.000     0.000 RAD/S

 FTOTH(X-Z) =   -0.77218E-01   -0.90217E+01   -0.12038E+00
 TTOTH(X-Z) =    0.65322E+00   -0.95169E+00   -0.95100E+00

     U(X-Z) =     0.000     0.000     1.000 A/SEC
  OMGA(X-Z) =     0.000     0.000     0.000 RAD/S

 FTOTH(X-Z) =   -0.75083E-01   -0.12039E+00   -0.93369E+01
 TTOTH(X-Z) =   -0.44318E+00    0.22362E+01    0.83020E+00

     U(X-Z) =     0.000     0.000     0.000 A/SEC
  OMGA(X-Z) =     1.000     0.000     0.000 RAD/S

 FTOTH(X-Z) =    0.98455E-01    0.66020E+00   -0.45114E+00
 TTOTH(X-Z) =   -0.15581E+04   -0.27136E+02   -0.27521E+02

     U(X-Z) =     0.000     0.000     0.000 A/SEC
  OMGA(X-Z) =     0.000     1.000     0.000 RAD/S

 FTOTH(X-Z) =   -0.98223E+00   -0.95091E+00    0.22260E+01
 TTOTH(X-Z) =   -0.27216E+02   -0.19128E+04   -0.30450E+01

     U(X-Z) =     0.000     0.000     0.000 A/SEC
  OMGA(X-Z) =     0.000     0.000     1.000 RAD/S

 FTOTH(X-Z) =    0.13678E+01   -0.93924E+00    0.83600E+00
 TTOTH(X-Z) =   -0.27718E+02   -0.28609E+01   -0.20364E+04

 I,J,Ktt,Ktr,Krt,Krr=    1    1  0.8657E+01 -0.1045E+00 -0.9846E-01  0.1558E+04
 I,J,Ktt,Ktr,Krt,Krr=    1    2  0.7722E-01 -0.6532E+00  0.9822E+00  0.2722E+02
 I,J,Ktt,Ktr,Krt,Krr=    1    3  0.7508E-01  0.4432E+00 -0.1368E+01  0.2772E+02
 I,J,Ktt,Ktr,Krt,Krr=    2    1  0.7725E-01  0.9750E+00 -0.6602E+00  0.2714E+02
 I,J,Ktt,Ktr,Krt,Krr=    2    2  0.9022E+01  0.9517E+00  0.9509E+00  0.1913E+04
 I,J,Ktt,Ktr,Krt,Krr=    2    3  0.1204E+00 -0.2236E+01  0.9392E+00  0.2861E+01
 I,J,Ktt,Ktr,Krt,Krr=    3    1  0.7508E-01 -0.1363E+01  0.4511E+00  0.2752E+02
 I,J,Ktt,Ktr,Krt,Krr=    3    2  0.1204E+00  0.9510E+00 -0.2226E+01  0.3045E+01
 I,J,Ktt,Ktr,Krt,Krr=    3    3  0.9337E+01 -0.8302E+00 -0.8360E+00  0.2036E+04
  
  Friction Tensors in Center of Resistance
  
  Ktt Tensor (A)
    0.86569E+01    0.77218E-01    0.75083E-01
    0.77246E-01    0.90217E+01    0.12039E+00
    0.75079E-01    0.12038E+00    0.93369E+01
  
  Symmetric Krt Tensor (A^2)
   -0.10148E+00    0.97860E+00   -0.13653E+01
   -0.65671E+00    0.95130E+00    0.94512E+00
    0.44716E+00   -0.22311E+01   -0.83310E+00
  
  Krr Tensor (A^3)
    0.15581E+04    0.27216E+02    0.27718E+02
    0.27136E+02    0.19128E+04    0.28609E+01
    0.27521E+02    0.30450E+01    0.20364E+04
  
 Raw Dtt tensor (no rot/trans coupling correction)
    0.11553E+00   -0.97662E-03   -0.91646E-03
   -0.97698E-03    0.11087E+00   -0.14217E-02
   -0.91641E-03   -0.14216E-02    0.10713E+00
  
 Raw Drr tensor (no rot/trans coupling correction)
    0.64212E-03   -0.91227E-05   -0.87273E-05
   -0.90967E-05    0.52293E-03   -0.61084E-06
   -0.86646E-05   -0.65865E-06    0.49119E-03
  
 Raw Dtt tensor, before CD transformation
    0.11553E+00   -0.97655E-03   -0.92194E-03
   -0.97703E-03    0.11087E+00   -0.14159E-02
   -0.91660E-03   -0.14219E-02    0.10715E+00
  
 Program finished at:                
 Elapsed time CPU_TIME:   105.94800000000001     
