 BEST ver.3.90 SFSU/ARAGON
  
 control gtensor value=   1.0000000000000000     
 true area (A^2)=    2008.0909999999999     
 total area (A^2) =    1956.6640920052828     
 centroid coords =  -0.40875659096842026      -0.30802962672931339       0.14264943878882774     
  
 first few rows of gr matrix
   3.1045908238394713       0.67570639943669875       0.17250856856629090        1.8243106112032121       0.24855664224006760     
  0.67570639943669897        3.3529087822016566        7.9184023857681918E-002  0.24855664224006760        1.8810486616477868     
  0.17250856856629096        7.9184023857681973E-002   3.6856718348546385      -0.19314469417601626      -0.19896448595833871     
  0.88532781533482918       0.10776767667404250      -0.12698311290042599        4.6556951339622374       0.93339081622910047     
  0.10776767667404250       0.88947438304868920       -9.9677713968755452E-002  0.93339081622910025        4.7531674931923993     
 -0.12698311290042599       -9.9677713968755452E-002   1.3378443333797114      -0.10738625470307289       0.14279854283862628     
  0.65098853981394322       0.20048206135421337       -6.4288546932146418E-002   1.5004843733732975       0.39535607510766779     
  0.20048206135421337       0.86412166133203550      -0.12066260099155236       0.39535607510766779        2.1556652349905403     
  -6.4288546932146418E-002 -0.12066260099155236       0.59887166626448318       0.10645327380636986       0.22107396692613987     
 first few columns of gr matrix
   3.1045908238394713       0.67570639943669897       0.17250856856629096       0.88532781533482918       0.10776767667404250     
  0.67570639943669875        3.3529087822016566        7.9184023857681973E-002  0.10776767667404250       0.88947438304868920     
  0.17250856856629090        7.9184023857681918E-002   3.6856718348546385      -0.12698311290042599       -9.9677713968755452E-002
   1.8243106112032121       0.24855664224006760      -0.19314469417601626        4.6556951339622374       0.93339081622910025     
  0.24855664224006760        1.8810486616477868      -0.19896448595833871       0.93339081622910047        4.7531674931923993     
 -0.19314469417601626      -0.19896448595833871        2.6971031111054269      -0.10738625470307289       0.14279854283862606     
  0.88115750653045999       0.25231624903017458      -0.12487073054085931        1.2402814487515672       0.36081082087769750     
  0.25231624903017458        1.0907491237830858      -0.16857765734851685       0.36081082087769750        1.5938934154659259     
 -0.12487073054085931      -0.16857765734851685       0.86156578154149177        3.4696897759469783E-002   9.5707991317979205E-002
  
 about to enter dgetrf
 Just out of dgetrf:                 
  
  **** TRANSLATION/ROTATION FLOWS ****
     U(X-Z) =     1.000     0.000     0.000 A/SEC
  OMGA(X-Z) =     0.000     0.000     0.000 RAD/S

 FTOTH(X-Z) =   -0.86546E+01   -0.77635E-01   -0.75096E-01
 TTOTH(X-Z) =    0.92711E-01   -0.58224E+00    0.23275E+01

     U(X-Z) =     0.000     1.000     0.000 A/SEC
  OMGA(X-Z) =     0.000     0.000     0.000 RAD/S

 FTOTH(X-Z) =   -0.77616E-01   -0.90202E+01   -0.12107E+00
 TTOTH(X-Z) =    0.21508E+00   -0.94459E+00   -0.74265E+00

     U(X-Z) =     0.000     0.000     1.000 A/SEC
  OMGA(X-Z) =     0.000     0.000     0.000 RAD/S

 FTOTH(X-Z) =   -0.75106E-01   -0.12107E+00   -0.93349E+01
 TTOTH(X-Z) =   -0.14947E+01    0.20265E+01    0.83308E+00

     U(X-Z) =     0.000     0.000     0.000 A/SEC
  OMGA(X-Z) =     1.000     0.000     0.000 RAD/S

 FTOTH(X-Z) =    0.90155E-01    0.23370E+00   -0.15011E+01
 TTOTH(X-Z) =   -0.15570E+04   -0.27148E+02   -0.27631E+02

     U(X-Z) =     0.000     0.000     0.000 A/SEC
  OMGA(X-Z) =     0.000     1.000     0.000 RAD/S

 FTOTH(X-Z) =   -0.59670E+00   -0.94207E+00    0.20203E+01
 TTOTH(X-Z) =   -0.27331E+02   -0.19119E+04   -0.30486E+01

     U(X-Z) =     0.000     0.000     0.000 A/SEC
  OMGA(X-Z) =     0.000     0.000     1.000 RAD/S

 FTOTH(X-Z) =    0.23343E+01   -0.73140E+00    0.83639E+00
 TTOTH(X-Z) =   -0.27616E+02   -0.30667E+01   -0.20361E+04

 I,J,Ktt,Ktr,Krt,Krr=    1    1  0.8655E+01 -0.9271E-01 -0.9015E-01  0.1557E+04
 I,J,Ktt,Ktr,Krt,Krr=    1    2  0.7762E-01 -0.2151E+00  0.5967E+00  0.2733E+02
 I,J,Ktt,Ktr,Krt,Krr=    1    3  0.7511E-01  0.1495E+01 -0.2334E+01  0.2762E+02
 I,J,Ktt,Ktr,Krt,Krr=    2    1  0.7763E-01  0.5822E+00 -0.2337E+00  0.2715E+02
 I,J,Ktt,Ktr,Krt,Krr=    2    2  0.9020E+01  0.9446E+00  0.9421E+00  0.1912E+04
 I,J,Ktt,Ktr,Krt,Krr=    2    3  0.1211E+00 -0.2026E+01  0.7314E+00  0.3067E+01
 I,J,Ktt,Ktr,Krt,Krr=    3    1  0.7510E-01 -0.2327E+01  0.1501E+01  0.2763E+02
 I,J,Ktt,Ktr,Krt,Krr=    3    2  0.1211E+00  0.7427E+00 -0.2020E+01  0.3049E+01
 I,J,Ktt,Ktr,Krt,Krr=    3    3  0.9335E+01 -0.8331E+00 -0.8364E+00  0.2036E+04
  
  Friction Tensors in Center of Resistance
  
  Ktt Tensor (A)
    0.86546E+01    0.77616E-01    0.75106E-01
    0.77635E-01    0.90202E+01    0.12107E+00
    0.75096E-01    0.12107E+00    0.93349E+01
  
  Symmetric Krt Tensor (A^2)
   -0.91433E-01    0.58947E+00   -0.23309E+01
   -0.22439E+00    0.94333E+00    0.73702E+00
    0.14979E+01   -0.20234E+01   -0.83474E+00
  
  Krr Tensor (A^3)
    0.15570E+04    0.27331E+02    0.27616E+02
    0.27148E+02    0.19119E+04    0.30667E+01
    0.27631E+02    0.30486E+01    0.20361E+04
  
 Raw Dtt tensor (no rot/trans coupling correction)
    0.11556E+00   -0.98207E-03   -0.91704E-03
   -0.98231E-03    0.11089E+00   -0.14303E-02
   -0.91692E-03   -0.14302E-02    0.10715E+00
  
 Raw Drr tensor (no rot/trans coupling correction)
    0.64257E-03   -0.91716E-05   -0.87016E-05
   -0.91101E-05    0.52316E-03   -0.66439E-06
   -0.87062E-05   -0.65885E-06    0.49125E-03
  
 Raw Dtt tensor, before CD transformation
    0.11556E+00   -0.98197E-03   -0.92416E-03
   -0.98233E-03    0.11089E+00   -0.14275E-02
   -0.91732E-03   -0.14309E-02    0.10720E+00
  
 Program finished at:                
 Elapsed time CPU_TIME:   85.819999999999993     
