 BEST ver.3.90 SFSU/ARAGON
  
 control gtensor value=   1.0000000000000000     
 true area (A^2)=    2008.0909999999999     
 total area (A^2) =    1949.7107795608349     
 centroid coords =  -0.20069408655434684      -0.22438371324743950       0.12822926990419520     
  
 first few rows of gr matrix
   6.3508108160882957        1.2022013358304151       -1.7141099773346657E-002   1.7433155283919046       0.45237283058806843     
   1.2022013358304156        6.0902473847001897        8.4240661593974572E-002  0.45237283058806843        2.1047319729289873     
  -1.7141099773346227E-002   8.4240661593974558E-002   7.5955940604152072      -0.14718817967780828      -0.25168849662957693     
   2.1894835894692899       0.45435528030798017      -0.17774376904780051        4.1874741802269844       0.21221588859583812     
  0.45435528030798017        3.0270768730879016      -0.43425129739195778       0.21221588859583818        5.9983628411564398     
 -0.17774376904780051      -0.43425129739195778        2.6131774806771708       0.25419318430813309        3.3484325237289198E-002
  0.66032613052605715      -0.10471982888608963        2.3461375257525809E-002  0.64787118074838423      -0.19011719741344599     
 -0.10471982888608963        1.2036199552351727      -0.11965140925125421      -0.19011719741344599        1.0337318361801817     
   2.3461375257525809E-002 -0.11965140925125421       0.67601441469329415        2.2058340741600676E-002  -5.0159304583797838E-002
 first few columns of gr matrix
   6.3508108160882957        1.2022013358304156       -1.7141099773346227E-002   2.1894835894692899       0.45435528030798017     
   1.2022013358304151        6.0902473847001897        8.4240661593974558E-002  0.45435528030798017        3.0270768730879016     
  -1.7141099773346657E-002   8.4240661593974572E-002   7.5955940604152072      -0.17774376904780051      -0.43425129739195778     
   1.7433155283919046       0.45237283058806843      -0.14718817967780828        4.1874741802269844       0.21221588859583818     
  0.45237283058806843        2.1047319729289873      -0.25168849662957693       0.21221588859583812        5.9983628411564398     
 -0.14718817967780828      -0.25168849662957693        1.8260157985766423       0.25419318430813309        3.3484325237289198E-002
  0.42671751945407466       -6.1705855097500151E-002   1.6330547580861877E-002  0.61363724482194870      -0.18039445431045173     
  -6.1705855097500151E-002  0.78586526230832088       -9.4069570364292296E-002 -0.18039445431045173       0.98674308632398744     
   1.6330547580861877E-002  -9.4069570364292296E-002  0.44067487019905910        1.5695348979757148E-002  -3.3573654022010298E-002
  
 about to enter dgetrf
 Just out of dgetrf:                 
  
  **** TRANSLATION/ROTATION FLOWS ****
     U(X-Z) =     1.000     0.000     0.000 A/SEC
  OMGA(X-Z) =     0.000     0.000     0.000 RAD/S

 FTOTH(X-Z) =   -0.86453E+01   -0.77021E-01   -0.74615E-01
 TTOTH(X-Z) =    0.10360E+00   -0.74319E+00    0.16045E+01

     U(X-Z) =     0.000     1.000     0.000 A/SEC
  OMGA(X-Z) =     0.000     0.000     0.000 RAD/S

 FTOTH(X-Z) =   -0.77042E-01   -0.90121E+01   -0.12132E+00
 TTOTH(X-Z) =    0.37591E+00   -0.96871E+00    0.11253E+01

     U(X-Z) =     0.000     0.000     1.000 A/SEC
  OMGA(X-Z) =     0.000     0.000     0.000 RAD/S

 FTOTH(X-Z) =   -0.74576E-01   -0.12129E+00   -0.93261E+01
 TTOTH(X-Z) =   -0.68980E+00    0.10124E+00    0.84220E+00

     U(X-Z) =     0.000     0.000     0.000 A/SEC
  OMGA(X-Z) =     1.000     0.000     0.000 RAD/S

 FTOTH(X-Z) =    0.92564E-01    0.38611E+00   -0.69424E+00
 TTOTH(X-Z) =   -0.15538E+04   -0.26901E+02   -0.27405E+02

     U(X-Z) =     0.000     0.000     0.000 A/SEC
  OMGA(X-Z) =     0.000     1.000     0.000 RAD/S

 FTOTH(X-Z) =   -0.75728E+00   -0.96755E+00    0.88119E-01
 TTOTH(X-Z) =   -0.27005E+02   -0.19062E+04   -0.28967E+01

     U(X-Z) =     0.000     0.000     0.000 A/SEC
  OMGA(X-Z) =     0.000     0.000     1.000 RAD/S

 FTOTH(X-Z) =    0.16108E+01    0.11473E+01    0.85777E+00
 TTOTH(X-Z) =   -0.27372E+02   -0.31990E+01   -0.20308E+04

 I,J,Ktt,Ktr,Krt,Krr=    1    1  0.8645E+01 -0.1036E+00 -0.9256E-01  0.1554E+04
 I,J,Ktt,Ktr,Krt,Krr=    1    2  0.7704E-01 -0.3759E+00  0.7573E+00  0.2700E+02
 I,J,Ktt,Ktr,Krt,Krr=    1    3  0.7458E-01  0.6898E+00 -0.1611E+01  0.2737E+02
 I,J,Ktt,Ktr,Krt,Krr=    2    1  0.7702E-01  0.7432E+00 -0.3861E+00  0.2690E+02
 I,J,Ktt,Ktr,Krt,Krr=    2    2  0.9012E+01  0.9687E+00  0.9676E+00  0.1906E+04
 I,J,Ktt,Ktr,Krt,Krr=    2    3  0.1213E+00 -0.1012E+00 -0.1147E+01  0.3199E+01
 I,J,Ktt,Ktr,Krt,Krr=    3    1  0.7462E-01 -0.1605E+01  0.6942E+00  0.2741E+02
 I,J,Ktt,Ktr,Krt,Krr=    3    2  0.1213E+00 -0.1125E+01 -0.8812E-01  0.2897E+01
 I,J,Ktt,Ktr,Krt,Krr=    3    3  0.9326E+01 -0.8422E+00 -0.8578E+00  0.2031E+04
  
  Friction Tensors in Center of Resistance
  
  Ktt Tensor (A)
    0.86453E+01    0.77042E-01    0.74576E-01
    0.77021E-01    0.90121E+01    0.12129E+00
    0.74615E-01    0.12132E+00    0.93261E+01
  
  Symmetric Krt Tensor (A^2)
   -0.98079E-01    0.75024E+00   -0.16077E+01
   -0.38101E+00    0.96813E+00   -0.11363E+01
    0.69202E+00   -0.94678E-01   -0.84998E+00
  
  Krr Tensor (A^3)
    0.15538E+04    0.27005E+02    0.27372E+02
    0.26901E+02    0.19062E+04    0.31990E+01
    0.27405E+02    0.28967E+01    0.20308E+04
  
 Raw Dtt tensor (no rot/trans coupling correction)
    0.11569E+00   -0.97669E-03   -0.91239E-03
   -0.97642E-03    0.11099E+00   -0.14357E-02
   -0.91287E-03   -0.14360E-02    0.10725E+00
  
 Raw Drr tensor (no rot/trans coupling correction)
    0.64391E-03   -0.91090E-05   -0.86647E-05
   -0.90725E-05    0.52473E-03   -0.70429E-06
   -0.86765E-05   -0.62555E-06    0.49254E-03
  
 Raw Dtt tensor, before CD transformation
    0.11569E+00   -0.97670E-03   -0.91199E-03
   -0.97628E-03    0.11099E+00   -0.14514E-02
   -0.91313E-03   -0.14364E-02    0.10728E+00
  
 Program finished at:                
 Elapsed time CPU_TIME:   42.747999999999998     
