 BEST ver.3.90 SFSU/ARAGON
  
 control gtensor value=   1.0000000000000000     
 true area (A^2)=    2008.0909999999999     
 total area (A^2) =    1953.9880620290107     
 centroid coords =  -0.39174777873316291      -0.22203740326741175        3.7934795070221093E-002
  
 first few rows of gr matrix
   3.1067159994549502       0.67616893857463678       0.17262665530434515        1.8268090450352577       0.24889704607279001     
  0.67616893857463678        3.3552039381140419        7.9238227443978973E-002  0.24889704607279001        1.8836247994979496     
  0.17262665530434496        7.9238227443979084E-002   3.6881947759939191      -0.19340921011725465      -0.19923697223346168     
  0.88654029140807111       0.10791526689675399      -0.12715701908911001        4.6588820820443555       0.93402974725573662     
  0.10791526689675399       0.89069253793835657       -9.9814224808165597E-002  0.93402974725573706        4.7564211637164675     
 -0.12715701908911001       -9.9814224808165597E-002   1.3396765408579596      -0.10745976347214559       0.14289629226790365     
  0.65188008305342471       0.20075662598247612       -6.4376591522623969E-002   1.5025393199925239       0.39589752401866379     
  0.20075662598247612       0.86530509510718367      -0.12082785109903248       0.39589752401866379        2.1586174663269366     
  -6.4376591522623969E-002 -0.12082785109903248       0.59969183429006534       0.10659906392520764       0.22137673262566632     
 first few columns of gr matrix
   3.1067159994549502       0.67616893857463678       0.17262665530434496       0.88654029140807111       0.10791526689675399     
  0.67616893857463678        3.3552039381140419        7.9238227443979084E-002  0.10791526689675399       0.89069253793835657     
  0.17262665530434515        7.9238227443978973E-002   3.6881947759939191      -0.12715701908911001       -9.9814224808165597E-002
   1.8268090450352577       0.24889704607279001      -0.19340921011725465        4.6588820820443555       0.93402974725573706     
  0.24889704607279001        1.8836247994979496      -0.19923697223346168       0.93402974725573662        4.7564211637164675     
 -0.19340921011725465      -0.19923697223346168        2.7007968536183191      -0.10745976347214536       0.14289629226790365     
  0.88236427127335426       0.25266180172777097      -0.12504174377506491        1.2419800416961040       0.36130495929706441     
  0.25266180172777097        1.0922429288930329      -0.16880852818808870       0.36130495929706441        1.5960762878394381     
 -0.12504174377506491      -0.16880852818808870       0.86274571498261077        3.4744415930277335E-002   9.5839065534199991E-002
  
 about to enter dgetrf
 Just out of dgetrf:                 
  
  **** TRANSLATION/ROTATION FLOWS ****
     U(X-Z) =     1.000     0.000     0.000 A/SEC
  OMGA(X-Z) =     0.000     0.000     0.000 RAD/S

 FTOTH(X-Z) =   -0.86519E+01   -0.77399E-01   -0.74881E-01
 TTOTH(X-Z) =    0.10915E+00   -0.14968E+01    0.15891E+01

     U(X-Z) =     0.000     1.000     0.000 A/SEC
  OMGA(X-Z) =     0.000     0.000     0.000 RAD/S

 FTOTH(X-Z) =   -0.77379E-01   -0.90167E+01   -0.12121E+00
 TTOTH(X-Z) =    0.11786E+01   -0.95815E+00   -0.58154E+00

     U(X-Z) =     0.000     0.000     1.000 A/SEC
  OMGA(X-Z) =     0.000     0.000     0.000 RAD/S

 FTOTH(X-Z) =   -0.74866E-01   -0.12121E+00   -0.93322E+01
 TTOTH(X-Z) =   -0.68676E+00    0.18435E+01    0.83155E+00

     U(X-Z) =     0.000     0.000     0.000 A/SEC
  OMGA(X-Z) =     1.000     0.000     0.000 RAD/S

 FTOTH(X-Z) =    0.10590E+00    0.11844E+01   -0.68432E+00
 TTOTH(X-Z) =   -0.15560E+04   -0.27025E+02   -0.27524E+02

     U(X-Z) =     0.000     0.000     0.000 A/SEC
  OMGA(X-Z) =     0.000     1.000     0.000 RAD/S

 FTOTH(X-Z) =   -0.15070E+01   -0.95661E+00    0.18435E+01
 TTOTH(X-Z) =   -0.27264E+02   -0.19104E+04   -0.29518E+01

     U(X-Z) =     0.000     0.000     0.000 A/SEC
  OMGA(X-Z) =     0.000     0.000     1.000 RAD/S

 FTOTH(X-Z) =    0.15907E+01   -0.57656E+00    0.83497E+00
 TTOTH(X-Z) =   -0.27405E+02   -0.29889E+01   -0.20336E+04

 I,J,Ktt,Ktr,Krt,Krr=    1    1  0.8652E+01 -0.1092E+00 -0.1059E+00  0.1556E+04
 I,J,Ktt,Ktr,Krt,Krr=    1    2  0.7738E-01 -0.1179E+01  0.1507E+01  0.2726E+02
 I,J,Ktt,Ktr,Krt,Krr=    1    3  0.7487E-01  0.6868E+00 -0.1591E+01  0.2740E+02
 I,J,Ktt,Ktr,Krt,Krr=    2    1  0.7740E-01  0.1497E+01 -0.1184E+01  0.2703E+02
 I,J,Ktt,Ktr,Krt,Krr=    2    2  0.9017E+01  0.9582E+00  0.9566E+00  0.1910E+04
 I,J,Ktt,Ktr,Krt,Krr=    2    3  0.1212E+00 -0.1843E+01  0.5766E+00  0.2989E+01
 I,J,Ktt,Ktr,Krt,Krr=    3    1  0.7488E-01 -0.1589E+01  0.6843E+00  0.2752E+02
 I,J,Ktt,Ktr,Krt,Krr=    3    2  0.1212E+00  0.5815E+00 -0.1843E+01  0.2952E+01
 I,J,Ktt,Ktr,Krt,Krr=    3    3  0.9332E+01 -0.8315E+00 -0.8350E+00  0.2034E+04
  
  Friction Tensors in Center of Resistance
  
  Ktt Tensor (A)
    0.86519E+01    0.77379E-01    0.74866E-01
    0.77399E-01    0.90167E+01    0.12121E+00
    0.74881E-01    0.12121E+00    0.93322E+01
  
  Symmetric Krt Tensor (A^2)
   -0.10753E+00    0.15019E+01   -0.15899E+01
   -0.11815E+01    0.95738E+00    0.57905E+00
    0.68554E+00   -0.18435E+01   -0.83326E+00
  
  Krr Tensor (A^3)
    0.15560E+04    0.27264E+02    0.27405E+02
    0.27025E+02    0.19104E+04    0.29889E+01
    0.27524E+02    0.29518E+01    0.20336E+04
  
 Raw Dtt tensor (no rot/trans coupling correction)
    0.11560E+00   -0.97974E-03   -0.91465E-03
   -0.97999E-03    0.11093E+00   -0.14329E-02
   -0.91482E-03   -0.14330E-02    0.10718E+00
  
 Raw Drr tensor (no rot/trans coupling correction)
    0.64297E-03   -0.91627E-05   -0.86511E-05
   -0.90821E-05    0.52359E-03   -0.64716E-06
   -0.86890E-05   -0.63599E-06    0.49186E-03
  
 Raw Dtt tensor, before CD transformation
    0.11560E+00   -0.97965E-03   -0.92147E-03
   -0.97994E-03    0.11093E+00   -0.14391E-02
   -0.91503E-03   -0.14333E-02    0.10721E+00
  
 Program finished at:                
 Elapsed time CPU_TIME:   65.408000000000001     
