 BEST ver.3.90 SFSU/ARAGON
  
 control gtensor value=   1.0000000000000000     
 true area (A^2)=    2008.0909999999999     
 total area (A^2) =    1958.0762006258615     
 centroid coords =  -0.38348170594837688      -0.19709169472502802        7.9068237934905292E-002
  
 first few rows of gr matrix
   3.1034711508265271       0.67546270541611797       0.17244635322144022        1.3036572623253346       0.21986956739044700     
  0.67546270541611775        3.3516995531304810        7.9155466079990591E-002  0.21986956739044700        1.3989545294955756     
  0.17244635322144028        7.9155466079990536E-002   3.6843425945385353      -0.12562960609552135      -0.19498527356765502     
   1.0776649599518939       0.20466768032194357      -0.14323258183412052        3.4344278551855876       0.73332479112485638     
  0.20466768032194357        1.1559452181071119      -0.18696518833602621       0.73332479112485638        3.6338775095438449     
 -0.14323258183412052      -0.18696518833602621        1.3987727340836678        3.0489504229816299E-002   3.3690089808923046E-002
  0.69909151921510793       0.21922527261757752       -5.4759805426094883E-002   1.1265483086239605       0.31511546396158319     
  0.21922527261757752       0.93961940852167913      -0.10901948728511214       0.31511546396158319        1.6204000744386258     
  -5.4759805426094883E-002 -0.10901948728511214       0.62706533066016767        7.7476966226153771E-002  0.13123261215334309     
 first few columns of gr matrix
   3.1034711508265271       0.67546270541611775       0.17244635322144028        1.0776649599518939       0.20466768032194357     
  0.67546270541611797        3.3516995531304810        7.9155466079990536E-002  0.20466768032194357        1.1559452181071119     
  0.17244635322144022        7.9155466079990591E-002   3.6843425945385353      -0.14323258183412052      -0.18696518833602621     
   1.3036572623253346       0.21986956739044700      -0.12562960609552135        3.4344278551855876       0.73332479112485638     
  0.21986956739044700        1.3989545294955756      -0.19498527356765502       0.73332479112485638        3.6338775095438449     
 -0.12562960609552135      -0.19498527356765502        1.7976618185955489        3.0489504229816521E-002   3.3690089808923046E-002
  0.55219488157760033       0.17689831255499600       -5.3458309175499492E-002  0.92664803114232963       0.27622369801378344     
  0.17689831255499600       0.71855534810509347       -8.0275849113747161E-002  0.27622369801378344        1.2553557955437442     
  -5.3458309175499492E-002  -8.0275849113747161E-002  0.48090967925354661        5.2688895486428508E-002   9.7630050530919360E-002
  
 about to enter dgetrf
 Just out of dgetrf:                 
  
  **** TRANSLATION/ROTATION FLOWS ****
     U(X-Z) =     1.000     0.000     0.000 A/SEC
  OMGA(X-Z) =     0.000     0.000     0.000 RAD/S

 FTOTH(X-Z) =   -0.86577E+01   -0.77306E-01   -0.74937E-01
 TTOTH(X-Z) =    0.10746E+00   -0.11077E+01    0.13748E+01

     U(X-Z) =     0.000     1.000     0.000 A/SEC
  OMGA(X-Z) =     0.000     0.000     0.000 RAD/S

 FTOTH(X-Z) =   -0.77279E-01   -0.90225E+01   -0.12055E+00
 TTOTH(X-Z) =    0.78934E+00   -0.95715E+00   -0.52968E+00

     U(X-Z) =     0.000     0.000     1.000 A/SEC
  OMGA(X-Z) =     0.000     0.000     0.000 RAD/S

 FTOTH(X-Z) =   -0.74944E-01   -0.12057E+00   -0.93376E+01
 TTOTH(X-Z) =   -0.46328E+00    0.17972E+01    0.83509E+00

     U(X-Z) =     0.000     0.000     0.000 A/SEC
  OMGA(X-Z) =     1.000     0.000     0.000 RAD/S

 FTOTH(X-Z) =    0.99208E-01    0.79697E+00   -0.46827E+00
 TTOTH(X-Z) =   -0.15584E+04   -0.27298E+02   -0.27521E+02

     U(X-Z) =     0.000     0.000     0.000 A/SEC
  OMGA(X-Z) =     0.000     1.000     0.000 RAD/S

 FTOTH(X-Z) =   -0.11158E+01   -0.95575E+00    0.17925E+01
 TTOTH(X-Z) =   -0.27370E+02   -0.19133E+04   -0.30115E+01

     U(X-Z) =     0.000     0.000     0.000 A/SEC
  OMGA(X-Z) =     0.000     0.000     1.000 RAD/S

 FTOTH(X-Z) =    0.13797E+01   -0.52155E+00    0.84026E+00
 TTOTH(X-Z) =   -0.27731E+02   -0.28963E+01   -0.20367E+04

 I,J,Ktt,Ktr,Krt,Krr=    1    1  0.8658E+01 -0.1075E+00 -0.9921E-01  0.1558E+04
 I,J,Ktt,Ktr,Krt,Krr=    1    2  0.7728E-01 -0.7893E+00  0.1116E+01  0.2737E+02
 I,J,Ktt,Ktr,Krt,Krr=    1    3  0.7494E-01  0.4633E+00 -0.1380E+01  0.2773E+02
 I,J,Ktt,Ktr,Krt,Krr=    2    1  0.7731E-01  0.1108E+01 -0.7970E+00  0.2730E+02
 I,J,Ktt,Ktr,Krt,Krr=    2    2  0.9022E+01  0.9572E+00  0.9558E+00  0.1913E+04
 I,J,Ktt,Ktr,Krt,Krr=    2    3  0.1206E+00 -0.1797E+01  0.5216E+00  0.2896E+01
 I,J,Ktt,Ktr,Krt,Krr=    3    1  0.7494E-01 -0.1375E+01  0.4683E+00  0.2752E+02
 I,J,Ktt,Ktr,Krt,Krr=    3    2  0.1206E+00  0.5297E+00 -0.1793E+01  0.3011E+01
 I,J,Ktt,Ktr,Krt,Krr=    3    3  0.9338E+01 -0.8351E+00 -0.8403E+00  0.2037E+04
  
  Friction Tensors in Center of Resistance
  
  Ktt Tensor (A)
    0.86577E+01    0.77279E-01    0.74944E-01
    0.77306E-01    0.90225E+01    0.12057E+00
    0.74937E-01    0.12055E+00    0.93376E+01
  
  Symmetric Krt Tensor (A^2)
   -0.10333E+00    0.11117E+01   -0.13772E+01
   -0.79315E+00    0.95645E+00    0.52562E+00
    0.46578E+00   -0.17949E+01   -0.83768E+00
  
  Krr Tensor (A^3)
    0.15584E+04    0.27370E+02    0.27731E+02
    0.27298E+02    0.19133E+04    0.28963E+01
    0.27521E+02    0.30115E+01    0.20367E+04
  
 Raw Dtt tensor (no rot/trans coupling correction)
    0.11552E+00   -0.97723E-03   -0.91456E-03
   -0.97757E-03    0.11086E+00   -0.14236E-02
   -0.91446E-03   -0.14234E-02    0.10712E+00
  
 Raw Drr tensor (no rot/trans coupling correction)
    0.64198E-03   -0.91701E-05   -0.87282E-05
   -0.91463E-05    0.52279E-03   -0.61890E-06
   -0.86614E-05   -0.64910E-06    0.49111E-03
  
 Raw Dtt tensor, before CD transformation
    0.11552E+00   -0.97717E-03   -0.91873E-03
   -0.97757E-03    0.11086E+00   -0.14236E-02
   -0.91462E-03   -0.14237E-02    0.10714E+00
  
 Program finished at:                
 Elapsed time CPU_TIME:   128.88000000000000     
