 BEST ver.3.90 SFSU/ARAGON
  
 control gtensor value=   1.0000000000000000     
 true area (A^2)=    40927.680000000000     
 total area (A^2) =    35684.200175529186     
 centroid coords =    40.763314732510317        11.284360576131672        4.3901097942386897     
  
 first few rows of gr matrix
   9.8816781961220457       0.30403938355878934       0.61480715236296257        3.2821038136157843       0.85721202794050300     
  0.30403938355878934        14.634756834564548      -0.10506678207725721       0.85721202794050300        5.0650583867174559     
  0.61480715236296235      -0.10506678207725810        14.614251841240748      -0.20246236528548270      -0.38491886573220790     
   1.9524599599570296       0.59639458281672808      -0.17323994243929461        18.866717093590879        1.6967974650263766     
  0.59639458281672808        2.8285565191053466      -0.34748341404168498        1.6967974650263753        13.790526660386480     
 -0.17323994243929461      -0.34748341404168498        1.7793802096893034      -0.62762676906154302        1.2755643606122717     
   2.6517982899978554       0.28705666467015073       -3.8187260899722041E-002   9.1315779650432152        2.0528363085767429     
  0.28705666467015073        4.9836285233381075      -0.44315136225849638        2.0528363085767429        8.8685845192871096     
  -3.8187260899722041E-002 -0.44315136225849638        2.8158364924071027      -0.60578820760997487        6.6960488826726377E-003
 first few columns of gr matrix
   9.8816781961220457       0.30403938355878934       0.61480715236296235        1.9524599599570296       0.59639458281672808     
  0.30403938355878934        14.634756834564548      -0.10506678207725810       0.59639458281672808        2.8285565191053466     
  0.61480715236296257      -0.10506678207725721        14.614251841240748      -0.17323994243929461      -0.34748341404168498     
   3.2821038136157843       0.85721202794050300      -0.20246236528548270        18.866717093590879        1.6967974650263753     
  0.85721202794050300        5.0650583867174559      -0.38491886573220790        1.6967974650263766        13.790526660386480     
 -0.20246236528548270      -0.38491886573220790        3.1233784453001268      -0.62762676906154136        1.2755643606122709     
   1.7241239594316942       0.15928285633433598       -3.7782432537124586E-002   4.1931676403807110       0.82857338448659379     
  0.15928285633433598        3.2261334272614923      -0.20514562737791939       0.82857338448659379        3.2114663840601563     
  -3.7782432537124586E-002 -0.20514562737791939        1.8683931277565393      -0.39666624471187006      -0.10438319751146379     
  
 about to enter dgetrf
 Just out of dgetrf:                 
  
  **** TRANSLATION/ROTATION FLOWS ****
     U(X-Z) =     1.000     0.000     0.000 A/SEC
  OMGA(X-Z) =     0.000     0.000     0.000 RAD/S

 FTOTH(X-Z) =   -0.34627E+02   -0.49639E-01   -0.67203E-01
 TTOTH(X-Z) =    0.51050E+01    0.92104E+01    0.15678E+02

     U(X-Z) =     0.000     1.000     0.000 A/SEC
  OMGA(X-Z) =     0.000     0.000     0.000 RAD/S

 FTOTH(X-Z) =   -0.49971E-01   -0.35587E+02    0.12664E+00
 TTOTH(X-Z) =   -0.10978E+02   -0.44617E+01    0.43411E+01

     U(X-Z) =     0.000     0.000     1.000 A/SEC
  OMGA(X-Z) =     0.000     0.000     0.000 RAD/S

 FTOTH(X-Z) =   -0.67506E-01    0.12660E+00   -0.33943E+02
 TTOTH(X-Z) =   -0.20990E+02   -0.11217E+02   -0.64663E+00

     U(X-Z) =     0.000     0.000     0.000 A/SEC
  OMGA(X-Z) =     1.000     0.000     0.000 RAD/S

 FTOTH(X-Z) =    0.51415E+01   -0.11333E+02   -0.20910E+02
 TTOTH(X-Z) =   -0.10407E+06   -0.20983E+04   -0.33830E+03

     U(X-Z) =     0.000     0.000     0.000 A/SEC
  OMGA(X-Z) =     0.000     1.000     0.000 RAD/S

 FTOTH(X-Z) =    0.91438E+01   -0.43072E+01   -0.11143E+02
 TTOTH(X-Z) =   -0.21006E+04   -0.11725E+06    0.14308E+04

     U(X-Z) =     0.000     0.000     0.000 A/SEC
  OMGA(X-Z) =     0.000     0.000     1.000 RAD/S

 FTOTH(X-Z) =    0.15379E+02    0.48541E+01   -0.45754E+00
 TTOTH(X-Z) =   -0.38050E+03    0.14789E+04   -0.98766E+05

 I,J,Ktt,Ktr,Krt,Krr=    1    1  0.3463E+02 -0.5105E+01 -0.5142E+01  0.1041E+06
 I,J,Ktt,Ktr,Krt,Krr=    1    2  0.4997E-01  0.1098E+02 -0.9144E+01  0.2101E+04
 I,J,Ktt,Ktr,Krt,Krr=    1    3  0.6751E-01  0.2099E+02 -0.1538E+02  0.3805E+03
 I,J,Ktt,Ktr,Krt,Krr=    2    1  0.4964E-01 -0.9210E+01  0.1133E+02  0.2098E+04
 I,J,Ktt,Ktr,Krt,Krr=    2    2  0.3559E+02  0.4462E+01  0.4307E+01  0.1173E+06
 I,J,Ktt,Ktr,Krt,Krr=    2    3 -0.1266E+00  0.1122E+02 -0.4854E+01 -0.1479E+04
 I,J,Ktt,Ktr,Krt,Krr=    3    1  0.6720E-01 -0.1568E+02  0.2091E+02  0.3383E+03
 I,J,Ktt,Ktr,Krt,Krr=    3    2 -0.1266E+00 -0.4341E+01  0.1114E+02 -0.1431E+04
 I,J,Ktt,Ktr,Krt,Krr=    3    3  0.3394E+02  0.6466E+00  0.4575E+00  0.9877E+05
  
  Friction Tensors in Center of Resistance
  
  Ktt Tensor (A)
    0.34627E+02    0.49971E-01    0.67506E-01
    0.49639E-01    0.35587E+02   -0.12660E+00
    0.67203E-01   -0.12664E+00    0.33943E+02
  
  Symmetric Krt Tensor (A^2)
   -0.51233E+01   -0.91771E+01   -0.15528E+02
    0.11155E+02    0.43845E+01   -0.45976E+01
    0.20950E+02    0.11180E+02    0.55208E+00
  
  Krr Tensor (A^3)
    0.10407E+06    0.21006E+04    0.38050E+03
    0.20983E+04    0.11725E+06   -0.14789E+04
    0.33830E+03   -0.14308E+04    0.98766E+05
  
 Raw Dtt tensor (no rot/trans coupling correction)
    0.28879E-01   -0.40757E-04   -0.57587E-04
   -0.40487E-04    0.28101E-01    0.10489E-03
   -0.57329E-04    0.10492E-03    0.29462E-01
  
 Raw Drr tensor (no rot/trans coupling correction)
    0.96130E-05   -0.17270E-06   -0.39621E-07
   -0.17247E-06    0.85332E-05    0.12844E-06
   -0.35425E-07    0.12421E-06    0.10127E-04
  
 Raw Dtt tensor, before CD transformation
    0.28879E-01   -0.40755E-04   -0.57192E-04
   -0.40489E-04    0.28101E-01    0.10594E-03
   -0.57333E-04    0.10493E-03    0.29464E-01
  
 Program finished at:                
 Elapsed time CPU_TIME:   200.52000000000001     
