 BEST ver.3.90 SFSU/ARAGON
  
 control gtensor value=   1.0000000000000000     
 true area (A^2)=    40927.680000000000     
 total area (A^2) =    35091.065869099933     
 centroid coords =    40.173713616427428        10.851422049441796        4.4936932814992039     
  
 first few rows of gr matrix
   12.028490917331592        1.3231071512309742       0.41669015153938194        6.4517353717653911       0.56349079333395347     
   1.3231071512309742        16.777909549062390      -0.84074982192398817       0.56349079333395347        10.185198529463083     
  0.41669015153938238      -0.84074982192398673        17.679368420974736       0.23039980504129751        1.4361944593172107     
   4.1692734269546197       0.16106224509556175        2.4389932429479351E-002   14.776801067948156        1.7272571071537617E-002
  0.16106224509556175        6.5574635905085801        1.1257478887393380        1.7272571071537610E-002   21.960905739931295     
   2.4389932429479351E-002   1.1257478887393380        5.8580270056279184      -0.77107631924593467      -0.42790076894201284     
   2.1333074771082776      -0.47565041743550301       0.54086659078827937        2.8960205466041189      -0.86324909868187005     
 -0.47565041743550301        1.9552525876468476      -0.45927591717062383      -0.86324909868187005        3.3293630221633825     
  0.54086659078827937      -0.45927591717062383        2.0788762338903974       0.46910868594204719      -0.61077422563258210     
 first few columns of gr matrix
   12.028490917331592        1.3231071512309742       0.41669015153938238        4.1692734269546197       0.16106224509556175     
   1.3231071512309742        16.777909549062390      -0.84074982192398673       0.16106224509556175        6.5574635905085801     
  0.41669015153938194      -0.84074982192398817        17.679368420974736        2.4389932429479351E-002   1.1257478887393380     
   6.4517353717653911       0.56349079333395347       0.23039980504129751        14.776801067948156        1.7272571071537610E-002
  0.56349079333395347        10.185198529463083        1.4361944593172107        1.7272571071537617E-002   21.960905739931295     
  0.23039980504129751        1.4361944593172107        8.7476901602844936      -0.77107631924593512      -0.42790076894201273     
   2.7068160882875327      -0.63949156869223045       0.66632666684455999        2.2083862843524025      -0.69415354780699956     
 -0.63949156869223045        2.4841215969662342      -0.55080439191465724      -0.69415354780699956        2.7562668907574945     
  0.66632666684455999      -0.55080439191465724        2.5708338377986859       0.29435021461945882      -0.41753493457227697     
  
 about to enter dgetrf
 Just out of dgetrf:                 
  
  **** TRANSLATION/ROTATION FLOWS ****
     U(X-Z) =     1.000     0.000     0.000 A/SEC
  OMGA(X-Z) =     0.000     0.000     0.000 RAD/S

 FTOTH(X-Z) =   -0.34511E+02   -0.46588E-01   -0.74421E-01
 TTOTH(X-Z) =    0.58198E+01    0.97291E+01    0.28567E+02

     U(X-Z) =     0.000     1.000     0.000 A/SEC
  OMGA(X-Z) =     0.000     0.000     0.000 RAD/S

 FTOTH(X-Z) =   -0.46616E-01   -0.35505E+02    0.13225E+00
 TTOTH(X-Z) =   -0.11423E+02   -0.48814E+01   -0.15015E+02

     U(X-Z) =     0.000     0.000     1.000 A/SEC
  OMGA(X-Z) =     0.000     0.000     0.000 RAD/S

 FTOTH(X-Z) =   -0.74136E-01    0.13260E+00   -0.33830E+02
 TTOTH(X-Z) =   -0.34186E+02    0.90147E+01   -0.45069E+00

     U(X-Z) =     0.000     0.000     0.000 A/SEC
  OMGA(X-Z) =     1.000     0.000     0.000 RAD/S

 FTOTH(X-Z) =    0.57868E+01   -0.11955E+02   -0.33655E+02
 TTOTH(X-Z) =   -0.10303E+06   -0.20854E+04   -0.45126E+03

     U(X-Z) =     0.000     0.000     0.000 A/SEC
  OMGA(X-Z) =     0.000     1.000     0.000 RAD/S

 FTOTH(X-Z) =    0.97049E+01   -0.50009E+01    0.88755E+01
 TTOTH(X-Z) =   -0.20693E+04   -0.11644E+06    0.15328E+04

     U(X-Z) =     0.000     0.000     0.000 A/SEC
  OMGA(X-Z) =     0.000     0.000     1.000 RAD/S

 FTOTH(X-Z) =    0.28420E+02   -0.14956E+02   -0.32627E+00
 TTOTH(X-Z) =   -0.47931E+03    0.15276E+04   -0.97915E+05

 I,J,Ktt,Ktr,Krt,Krr=    1    1  0.3451E+02 -0.5820E+01 -0.5787E+01  0.1030E+06
 I,J,Ktt,Ktr,Krt,Krr=    1    2  0.4662E-01  0.1142E+02 -0.9705E+01  0.2069E+04
 I,J,Ktt,Ktr,Krt,Krr=    1    3  0.7414E-01  0.3419E+02 -0.2842E+02  0.4793E+03
 I,J,Ktt,Ktr,Krt,Krr=    2    1  0.4659E-01 -0.9729E+01  0.1196E+02  0.2085E+04
 I,J,Ktt,Ktr,Krt,Krr=    2    2  0.3551E+02  0.4881E+01  0.5001E+01  0.1164E+06
 I,J,Ktt,Ktr,Krt,Krr=    2    3 -0.1326E+00 -0.9015E+01  0.1496E+02 -0.1528E+04
 I,J,Ktt,Ktr,Krt,Krr=    3    1  0.7442E-01 -0.2857E+02  0.3366E+02  0.4513E+03
 I,J,Ktt,Ktr,Krt,Krr=    3    2 -0.1323E+00  0.1501E+02 -0.8875E+01 -0.1533E+04
 I,J,Ktt,Ktr,Krt,Krr=    3    3  0.3383E+02  0.4507E+00  0.3263E+00  0.9792E+05
  
  Friction Tensors in Center of Resistance
  
  Ktt Tensor (A)
    0.34511E+02    0.46616E-01    0.74136E-01
    0.46588E-01    0.35505E+02   -0.13260E+00
    0.74421E-01   -0.13225E+00    0.33830E+02
  
  Symmetric Krt Tensor (A^2)
   -0.58033E+01   -0.97170E+01   -0.28493E+02
    0.11689E+02    0.49411E+01    0.14985E+02
    0.33921E+02   -0.89451E+01    0.38848E+00
  
  Krr Tensor (A^3)
    0.10303E+06    0.20693E+04    0.47931E+03
    0.20854E+04    0.11644E+06   -0.15276E+04
    0.45126E+03   -0.15328E+04    0.97915E+05
  
 Raw Dtt tensor (no rot/trans coupling correction)
    0.28976E-01   -0.38281E-04   -0.63651E-04
   -0.38260E-04    0.28165E-01    0.11048E-03
   -0.63894E-04    0.11019E-03    0.29561E-01
  
 Raw Drr tensor (no rot/trans coupling correction)
    0.97095E-05   -0.17321E-06   -0.50232E-07
   -0.17452E-06    0.85931E-05    0.13491E-06
   -0.47481E-07    0.13532E-06    0.10215E-04
  
 Raw Dtt tensor, before CD transformation
    0.28976E-01   -0.38270E-04   -0.60728E-04
   -0.38266E-04    0.28165E-01    0.11326E-03
   -0.63913E-04    0.11023E-03    0.29569E-01
  
 Program finished at:                
 Elapsed time CPU_TIME:   116.00000000000000     
