 BEST ver.3.90 SFSU/ARAGON
  
 control gtensor value=   1.0000000000000000     
 true area (A^2)=    40927.680000000000     
 total area (A^2) =    36409.362546377954     
 centroid coords =    40.624619465648898        11.501264821882968        4.0803833969465684     
  
 first few rows of gr matrix
   10.165044730735580       -2.3088492900877736E-002  0.24232549046043272        3.3282723290929210       0.13631033508953888     
  -2.3088492900877854E-002   15.680889921542304        2.2549606502100149E-002  0.13631033508953888        5.4870733502774636     
  0.24232549046043261        2.2549606502100149E-002   14.762873858270337       0.11752231796674807        1.0398183010580144     
   3.7466087492465281       0.18569012738917123       0.20339016293994427        9.7827769690264557       0.30099639151608737     
  0.18569012738917123        5.7999574908067544        1.1820765585009589       0.30099639151608737        14.488284203048176     
  0.20339016293994427        1.1820765585009589        5.3279657104805427       0.60865382692683334      -0.10401521639497305     
   2.7666884056473298       0.56341444263106566      -0.68864113263428106        1.9135729706078961       0.58451623946243714     
  0.56341444263106566        2.9405314615862967      -0.70783191707797222       0.58451623946243714        2.7722203844404940     
 -0.68864113263428106      -0.70783191707797222        3.1854746512438639      -0.16978953631847976      -0.34056261458972742     
 first few columns of gr matrix
   10.165044730735580       -2.3088492900877854E-002  0.24232549046043261        3.7466087492465281       0.18569012738917123     
  -2.3088492900877736E-002   15.680889921542304        2.2549606502100149E-002  0.18569012738917123        5.7999574908067544     
  0.24232549046043272        2.2549606502100149E-002   14.762873858270337       0.20339016293994427        1.1820765585009589     
   3.3282723290929210       0.13631033508953888       0.11752231796674807        9.7827769690264557       0.30099639151608737     
  0.13631033508953888        5.4870733502774636        1.0398183010580144       0.30099639151608737        14.488284203048176     
  0.11752231796674807        1.0398183010580144        4.4420084280955168       0.60865382692683334      -0.10401521639497303     
   4.7052242876152848        1.0308238782353152      -0.79944793245745849        3.2167344136483567       0.84013900432715305     
   1.0308238782353152        5.8316707132778589       -1.0885166398137369       0.84013900432715305        4.9641780226759096     
 -0.79944793245745849       -1.0885166398137369        5.1944044916623833      -0.19842993849880036      -0.37725246737373053     
  
 about to enter dgetrf
 Just out of dgetrf:                 
  
  **** TRANSLATION/ROTATION FLOWS ****
     U(X-Z) =     1.000     0.000     0.000 A/SEC
  OMGA(X-Z) =     0.000     0.000     0.000 RAD/S

 FTOTH(X-Z) =   -0.34733E+02   -0.46193E-01   -0.63361E-01
 TTOTH(X-Z) =    0.52315E+01   -0.13650E+01    0.94130E+01

     U(X-Z) =     0.000     1.000     0.000 A/SEC
  OMGA(X-Z) =     0.000     0.000     0.000 RAD/S

 FTOTH(X-Z) =   -0.46035E-01   -0.35691E+02    0.12582E+00
 TTOTH(X-Z) =   -0.15508E+00   -0.48167E+01   -0.96227E+00

     U(X-Z) =     0.000     0.000     1.000 A/SEC
  OMGA(X-Z) =     0.000     0.000     0.000 RAD/S

 FTOTH(X-Z) =   -0.63720E-01    0.12574E+00   -0.34052E+02
 TTOTH(X-Z) =   -0.14711E+02   -0.60958E+01   -0.72216E+00

     U(X-Z) =     0.000     0.000     0.000 A/SEC
  OMGA(X-Z) =     1.000     0.000     0.000 RAD/S

 FTOTH(X-Z) =    0.55369E+01   -0.82070E+00   -0.14947E+02
 TTOTH(X-Z) =   -0.10507E+06   -0.20547E+04   -0.27831E+03

     U(X-Z) =     0.000     0.000     0.000 A/SEC
  OMGA(X-Z) =     0.000     1.000     0.000 RAD/S

 FTOTH(X-Z) =   -0.15126E+01   -0.45972E+01   -0.59551E+01
 TTOTH(X-Z) =   -0.20405E+04   -0.11828E+06    0.15123E+04

     U(X-Z) =     0.000     0.000     0.000 A/SEC
  OMGA(X-Z) =     0.000     0.000     1.000 RAD/S

 FTOTH(X-Z) =    0.91909E+01   -0.58324E+00   -0.52990E+00
 TTOTH(X-Z) =   -0.29507E+03    0.15229E+04   -0.99618E+05

 I,J,Ktt,Ktr,Krt,Krr=    1    1  0.3473E+02 -0.5231E+01 -0.5537E+01  0.1051E+06
 I,J,Ktt,Ktr,Krt,Krr=    1    2  0.4604E-01  0.1551E+00  0.1513E+01  0.2040E+04
 I,J,Ktt,Ktr,Krt,Krr=    1    3  0.6372E-01  0.1471E+02 -0.9191E+01  0.2951E+03
 I,J,Ktt,Ktr,Krt,Krr=    2    1  0.4619E-01  0.1365E+01  0.8207E+00  0.2055E+04
 I,J,Ktt,Ktr,Krt,Krr=    2    2  0.3569E+02  0.4817E+01  0.4597E+01  0.1183E+06
 I,J,Ktt,Ktr,Krt,Krr=    2    3 -0.1257E+00  0.6096E+01  0.5832E+00 -0.1523E+04
 I,J,Ktt,Ktr,Krt,Krr=    3    1  0.6336E-01 -0.9413E+01  0.1495E+02  0.2783E+03
 I,J,Ktt,Ktr,Krt,Krr=    3    2 -0.1258E+00  0.9623E+00  0.5955E+01 -0.1512E+04
 I,J,Ktt,Ktr,Krt,Krr=    3    3  0.3405E+02  0.7222E+00  0.5299E+00  0.9962E+05
  
  Friction Tensors in Center of Resistance
  
  Ktt Tensor (A)
    0.34733E+02    0.46035E-01    0.63720E-01
    0.46193E-01    0.35691E+02   -0.12574E+00
    0.63361E-01   -0.12582E+00    0.34052E+02
  
  Symmetric Krt Tensor (A^2)
   -0.53842E+01    0.14388E+01   -0.93020E+01
    0.48789E+00    0.47070E+01    0.77275E+00
    0.14829E+02    0.60255E+01    0.62603E+00
  
  Krr Tensor (A^3)
    0.10507E+06    0.20405E+04    0.29507E+03
    0.20547E+04    0.11828E+06   -0.15229E+04
    0.27831E+03   -0.15123E+04    0.99618E+05
  
 Raw Dtt tensor (no rot/trans coupling correction)
    0.28791E-01   -0.37326E-04   -0.54014E-04
   -0.37452E-04    0.28018E-01    0.10353E-03
   -0.53711E-04    0.10360E-03    0.29368E-01
  
 Raw Drr tensor (no rot/trans coupling correction)
    0.95212E-05   -0.16465E-06   -0.30719E-07
   -0.16578E-06    0.84593E-05    0.12981E-06
   -0.29116E-07    0.12888E-06    0.10040E-04
  
 Raw Dtt tensor, before CD transformation
    0.28791E-01   -0.37324E-04   -0.53525E-04
   -0.37452E-04    0.28018E-01    0.10349E-03
   -0.53712E-04    0.10360E-03    0.29368E-01
  
 Program finished at:                
 Elapsed time CPU_TIME:   393.13599999999997     
