 BEST ver.3.90 SFSU/ARAGON
  
 control gtensor value=   1.0000000000000000     
 true area (A^2)=    40927.680000000000     
 total area (A^2) =    36070.607490187998     
 centroid coords =    40.565071624153411        11.247210909352932        4.2132000288226097     
  
 first few rows of gr matrix
   9.8286068147954957       0.30240648378783075       0.61150521678301817        3.2469441917160000       0.84802912194426450     
  0.30240648378783075        14.556158164867607      -0.10450250148182620       0.84802912194426450        5.0107988178889089     
  0.61150521678301839      -0.10450250148182619        14.535763297404838      -0.20029348196654523      -0.38079541243828874     
   1.9315441821922343       0.59000569043985363      -0.17138410508008620        18.765389898211549        1.6876845002532797     
  0.59000569043985363        2.7982555343158446      -0.34376098899118168        1.6876845002532801        13.716462085062167     
 -0.17138410508008620      -0.34376098899118168        1.7603185532209391      -0.62425598335788657        1.2687137061743252     
   2.6233908323043935       0.28398156273347591       -3.7778178880727688E-002   9.0337557001692304        2.0308452465840321     
  0.28398156273347591        4.9302412740248229      -0.43840409184104379        2.0308452465840321        8.7735795784955037     
  -3.7778178880727688E-002 -0.43840409184104379        2.7856717712322405      -0.59929868578481105        6.6243172860189700E-003
 first few columns of gr matrix
   9.8286068147954957       0.30240648378783075       0.61150521678301839        1.9315441821922343       0.59000569043985363     
  0.30240648378783075        14.556158164867607      -0.10450250148182619       0.59000569043985363        2.7982555343158446     
  0.61150521678301817      -0.10450250148182620        14.535763297404838      -0.17138410508008620      -0.34376098899118168     
   3.2469441917160000       0.84802912194426450      -0.20029348196654523        18.765389898211549        1.6876845002532801     
  0.84802912194426450        5.0107988178889089      -0.38079541243828874        1.6876845002532797        13.716462085062167     
 -0.20029348196654523      -0.38079541243828874        3.0899191730092506      -0.62425598335788557        1.2687137061743261     
   1.7056542369718179       0.15757653462062224       -3.7377687252423492E-002   4.1482482236984586       0.81969727069826015     
  0.15757653462062224        3.1915733895715719      -0.20294799954448942       0.81969727069826015        3.1770634674494711     
  -3.7377687252423492E-002 -0.20294799954448942        1.8483779181036442      -0.39241694731712462      -0.10326498981127748     
  
 about to enter dgetrf
 Just out of dgetrf:                 
  
  **** TRANSLATION/ROTATION FLOWS ****
     U(X-Z) =     1.000     0.000     0.000 A/SEC
  OMGA(X-Z) =     0.000     0.000     0.000 RAD/S

 FTOTH(X-Z) =   -0.34692E+02   -0.43506E-01   -0.54540E-01
 TTOTH(X-Z) =    0.52526E+01    0.20987E+01    0.16422E+02

     U(X-Z) =     0.000     1.000     0.000 A/SEC
  OMGA(X-Z) =     0.000     0.000     0.000 RAD/S

 FTOTH(X-Z) =   -0.43802E-01   -0.35657E+02    0.12268E+00
 TTOTH(X-Z) =   -0.53408E+01   -0.44941E+01   -0.32429E+01

     U(X-Z) =     0.000     0.000     1.000 A/SEC
  OMGA(X-Z) =     0.000     0.000     0.000 RAD/S

 FTOTH(X-Z) =   -0.54694E-01    0.12234E+00   -0.34007E+02
 TTOTH(X-Z) =   -0.22731E+02   -0.29857E+01    0.10700E+00

     U(X-Z) =     0.000     0.000     0.000 A/SEC
  OMGA(X-Z) =     1.000     0.000     0.000 RAD/S

 FTOTH(X-Z) =    0.52297E+01   -0.53996E+01   -0.22461E+02
 TTOTH(X-Z) =   -0.10473E+06   -0.20749E+04   -0.22473E+03

     U(X-Z) =     0.000     0.000     0.000 A/SEC
  OMGA(X-Z) =     0.000     1.000     0.000 RAD/S

 FTOTH(X-Z) =    0.22176E+01   -0.46976E+01   -0.30782E+01
 TTOTH(X-Z) =   -0.20960E+04   -0.11784E+06    0.15170E+04

     U(X-Z) =     0.000     0.000     0.000 A/SEC
  OMGA(X-Z) =     0.000     0.000     1.000 RAD/S

 FTOTH(X-Z) =    0.16612E+02   -0.32487E+01   -0.13821E+00
 TTOTH(X-Z) =   -0.22139E+03    0.14847E+04   -0.99275E+05

 I,J,Ktt,Ktr,Krt,Krr=    1    1  0.3469E+02 -0.5253E+01 -0.5230E+01  0.1047E+06
 I,J,Ktt,Ktr,Krt,Krr=    1    2  0.4380E-01  0.5341E+01 -0.2218E+01  0.2096E+04
 I,J,Ktt,Ktr,Krt,Krr=    1    3  0.5469E-01  0.2273E+02 -0.1661E+02  0.2214E+03
 I,J,Ktt,Ktr,Krt,Krr=    2    1  0.4351E-01 -0.2099E+01  0.5400E+01  0.2075E+04
 I,J,Ktt,Ktr,Krt,Krr=    2    2  0.3566E+02  0.4494E+01  0.4698E+01  0.1178E+06
 I,J,Ktt,Ktr,Krt,Krr=    2    3 -0.1223E+00  0.2986E+01  0.3249E+01 -0.1485E+04
 I,J,Ktt,Ktr,Krt,Krr=    3    1  0.5454E-01 -0.1642E+02  0.2246E+02  0.2247E+03
 I,J,Ktt,Ktr,Krt,Krr=    3    2 -0.1227E+00  0.3243E+01  0.3078E+01 -0.1517E+04
 I,J,Ktt,Ktr,Krt,Krr=    3    3  0.3401E+02 -0.1070E+00  0.1382E+00  0.9927E+05
  
  Friction Tensors in Center of Resistance
  
  Ktt Tensor (A)
    0.34692E+02    0.43802E-01    0.54694E-01
    0.43506E-01    0.35657E+02   -0.12234E+00
    0.54540E-01   -0.12268E+00    0.34007E+02
  
  Symmetric Krt Tensor (A^2)
   -0.52412E+01   -0.21582E+01   -0.16517E+02
    0.53702E+01    0.45959E+01    0.32458E+01
    0.22596E+02    0.30319E+01    0.15606E-01
  
  Krr Tensor (A^3)
    0.10473E+06    0.20960E+04    0.22139E+03
    0.20749E+04    0.11784E+06   -0.14847E+04
    0.22473E+03   -0.15170E+04    0.99275E+05
  
 Raw Dtt tensor (no rot/trans coupling correction)
    0.28826E-01   -0.35570E-04   -0.46489E-04
   -0.35329E-04    0.28045E-01    0.10095E-03
   -0.46357E-04    0.10123E-03    0.29406E-01
  
 Raw Drr tensor (no rot/trans coupling correction)
    0.95517E-05   -0.17020E-06   -0.23846E-07
   -0.16848E-06    0.84905E-05    0.12736E-06
   -0.24197E-07    0.13013E-06    0.10075E-04
  
 Raw Dtt tensor, before CD transformation
    0.28826E-01   -0.35567E-04   -0.45633E-04
   -0.35330E-04    0.28045E-01    0.10136E-03
   -0.46361E-04    0.10124E-03    0.29409E-01
  
 Program finished at:                
 Elapsed time CPU_TIME:   272.99599999999998     
