 BEST ver.3.90 SFSU/ARAGON
  
 control gtensor value=   1.0000000000000000     
 true area (A^2)=    40927.680000000000     
 total area (A^2) =    36730.213973169230     
 centroid coords =    40.352606820234833        11.453238369467021        4.0212047764227545     
  
 first few rows of gr matrix
   10.120549714870442       -2.2987428627661108E-002  0.24126476944757169        3.2991986916150791       0.13511961603922745     
  -2.2987428627661101E-002   15.612250632260199        2.2450901073286549E-002  0.13511961603922745        5.4391418213560492     
  0.24126476944757158        2.2450901073285658E-002   14.698252961467725       0.11649571889964229        1.0307351199542572     
   3.7138807949879085       0.18406805836564477       0.20161347783754671        9.7399552374972540       0.29967885287551799     
  0.18406805836564477        5.7492928081123322        1.1717507011388306       0.29967885287551810        14.424865255807935     
  0.20161347783754671        1.1717507011388306        5.2814240431397188       0.60598959254293616      -0.10355991503365945     
   3.4451934847765711       0.41087916089477261      -0.74505408732585632        2.4356160922541861       0.58627122395746856     
  0.41087916089477261        3.9090080472103992      -0.90388163970314328       0.58627122395746856        3.9924487569170966     
 -0.74505408732585632      -0.90388163970314328        5.0735662720920178      -0.17004200736817873      -0.52384677692989390     
 first few columns of gr matrix
   10.120549714870442       -2.2987428627661101E-002  0.24126476944757158        3.7138807949879085       0.18406805836564477     
  -2.2987428627661108E-002   15.612250632260199        2.2450901073285658E-002  0.18406805836564477        5.7492928081123322     
  0.24126476944757169        2.2450901073286549E-002   14.698252961467725       0.20161347783754671        1.1717507011388306     
   3.2991986916150791       0.13511961603922745       0.11649571889964229        9.7399552374972540       0.29967885287551810     
  0.13511961603922745        5.4391418213560492        1.0307351199542572       0.29967885287551799        14.424865255807935     
  0.11649571889964229        1.0307351199542572        4.4032059113714244       0.60598959254293594      -0.10355991503366034     
   4.5483575001373797       0.49132763997381484      -0.46256329343691532        3.1682572779881881       0.45593284656116800     
  0.49132763997381484        5.8795749960798220       -1.0928171451599880       0.45593284656116800        5.3026452712632457     
 -0.46256329343691532       -1.0928171451599880        6.4266423532348265      -0.10667449445148414      -0.60411212790573143     
  
 about to enter dgetrf
 Just out of dgetrf:                 
  
  **** TRANSLATION/ROTATION FLOWS ****
     U(X-Z) =     1.000     0.000     0.000 A/SEC
  OMGA(X-Z) =     0.000     0.000     0.000 RAD/S

 FTOTH(X-Z) =   -0.34781E+02   -0.37624E-01   -0.60496E-01
 TTOTH(X-Z) =    0.57099E+01   -0.36526E+01    0.10762E+02

     U(X-Z) =     0.000     1.000     0.000 A/SEC
  OMGA(X-Z) =     0.000     0.000     0.000 RAD/S

 FTOTH(X-Z) =   -0.37669E-01   -0.35737E+02    0.13211E+00
 TTOTH(X-Z) =    0.22077E+01   -0.44476E+01   -0.88713E+01

     U(X-Z) =     0.000     0.000     1.000 A/SEC
  OMGA(X-Z) =     0.000     0.000     0.000 RAD/S

 FTOTH(X-Z) =   -0.60779E-01    0.13227E+00   -0.34104E+02
 TTOTH(X-Z) =   -0.17597E+02    0.33544E+01   -0.36260E+00

     U(X-Z) =     0.000     0.000     0.000 A/SEC
  OMGA(X-Z) =     1.000     0.000     0.000 RAD/S

 FTOTH(X-Z) =    0.55179E+01    0.23831E+01   -0.17520E+02
 TTOTH(X-Z) =   -0.10549E+06   -0.20402E+04   -0.23958E+03

     U(X-Z) =     0.000     0.000     0.000 A/SEC
  OMGA(X-Z) =     0.000     1.000     0.000 RAD/S

 FTOTH(X-Z) =   -0.36864E+01   -0.46639E+01    0.30525E+01
 TTOTH(X-Z) =   -0.20755E+04   -0.11863E+06    0.15290E+04

     U(X-Z) =     0.000     0.000     0.000 A/SEC
  OMGA(X-Z) =     0.000     0.000     1.000 RAD/S

 FTOTH(X-Z) =    0.10943E+02   -0.89253E+01   -0.38833E+00
 TTOTH(X-Z) =   -0.18656E+03    0.15025E+04   -0.10009E+06

 I,J,Ktt,Ktr,Krt,Krr=    1    1  0.3478E+02 -0.5710E+01 -0.5518E+01  0.1055E+06
 I,J,Ktt,Ktr,Krt,Krr=    1    2  0.3767E-01 -0.2208E+01  0.3686E+01  0.2075E+04
 I,J,Ktt,Ktr,Krt,Krr=    1    3  0.6078E-01  0.1760E+02 -0.1094E+02  0.1866E+03
 I,J,Ktt,Ktr,Krt,Krr=    2    1  0.3762E-01  0.3653E+01 -0.2383E+01  0.2040E+04
 I,J,Ktt,Ktr,Krt,Krr=    2    2  0.3574E+02  0.4448E+01  0.4664E+01  0.1186E+06
 I,J,Ktt,Ktr,Krt,Krr=    2    3 -0.1323E+00 -0.3354E+01  0.8925E+01 -0.1502E+04
 I,J,Ktt,Ktr,Krt,Krr=    3    1  0.6050E-01 -0.1076E+02  0.1752E+02  0.2396E+03
 I,J,Ktt,Ktr,Krt,Krr=    3    2 -0.1321E+00  0.8871E+01 -0.3053E+01 -0.1529E+04
 I,J,Ktt,Ktr,Krt,Krr=    3    3  0.3410E+02  0.3626E+00  0.3883E+00  0.1001E+06
  
  Friction Tensors in Center of Resistance
  
  Ktt Tensor (A)
    0.34781E+02    0.37669E-01    0.60779E-01
    0.37624E-01    0.35737E+02   -0.13227E+00
    0.60496E-01   -0.13211E+00    0.34104E+02
  
  Symmetric Krt Tensor (A^2)
   -0.56139E+01    0.36695E+01   -0.10852E+02
   -0.22954E+01    0.45558E+01    0.88983E+01
    0.17559E+02   -0.32035E+01    0.37546E+00
  
  Krr Tensor (A^3)
    0.10549E+06    0.20755E+04    0.18656E+03
    0.20402E+04    0.11863E+06   -0.15025E+04
    0.23958E+03   -0.15290E+04    0.10009E+06
  
 Raw Dtt tensor (no rot/trans coupling correction)
    0.28752E-01   -0.30496E-04   -0.51359E-04
   -0.30459E-04    0.27983E-01    0.10859E-03
   -0.51120E-04    0.10845E-03    0.29323E-01
  
 Raw Drr tensor (no rot/trans coupling correction)
    0.94833E-05   -0.16618E-06   -0.20170E-07
   -0.16342E-06    0.84344E-05    0.12691E-06
   -0.25195E-07    0.12924E-06    0.99927E-05
  
 Raw Dtt tensor, before CD transformation
    0.28752E-01   -0.30494E-04   -0.50941E-04
   -0.30459E-04    0.27983E-01    0.10855E-03
   -0.51123E-04    0.10846E-03    0.29324E-01
  
 Program finished at:                
 Elapsed time CPU_TIME:   533.90800000000002     
