 BEST ver.3.90 SFSU/ARAGON
  
 control gtensor value=   1.0000000000000000     
 true area (A^2)=    16120.596000000000     
 total area (A^2) =    14450.348479833814     
 centroid coords =    60.175966973244101        38.753004319955352        38.745163182831654     
  
 first few rows of gr matrix
   11.323545030057527       0.40789842650019337        2.1307100270029160        2.1990367242774629       -3.9808421606151868E-002
  0.40789842650019303        15.129582264671559       -9.5567718638066734E-002  -3.9808421606151868E-002   2.2465316600913536     
   2.1307100270029178       -9.5567718638066290E-002   13.491338596275213       0.37778294285685377      -0.38877362554167511     
   2.1762658831231456       -2.8626029471558376E-002  0.24739844583163478        11.024934009943383        1.5370536425973129     
  -2.8626029471558376E-002   2.3649527294140373      -0.42572205596347706        1.5370536425973134        12.608614321877644     
  0.24739844583163478      -0.42572205596347706        3.9683990065968002        1.1272097347807923       -1.3773417861909465     
   1.8219891351998616       -6.5543004592616888E-002  0.11659979285800746        3.3863136630650530       0.24360213256933158     
  -6.5543004592616888E-002   2.5534554712188178      -0.80108276899417807       0.24360213256933158        5.7579668775381201     
  0.11659979285800746      -0.80108276899417807        2.8246746644719760       0.16016319436506282       0.54729346989836147     
 first few columns of gr matrix
   11.323545030057527       0.40789842650019303        2.1307100270029178        2.1762658831231456       -2.8626029471558376E-002
  0.40789842650019337        15.129582264671559       -9.5567718638066290E-002  -2.8626029471558376E-002   2.3649527294140373     
   2.1307100270029160       -9.5567718638066734E-002   13.491338596275213       0.24739844583163478      -0.42572205596347706     
   2.1990367242774629       -3.9808421606151868E-002  0.37778294285685377        11.024934009943383        1.5370536425973134     
  -3.9808421606151868E-002   2.2465316600913536      -0.38877362554167511        1.5370536425973129        12.608614321877644     
  0.37778294285685377      -0.38877362554167511        3.9453722842916119        1.1272097347807923       -1.3773417861909460     
   1.4727237572625322       -8.3675736405626894E-002   9.6337966698740257E-002   3.2372247811579657       0.17870532726266009     
  -8.3675736405626894E-002   2.1149102438010585      -0.69132278999817565       0.17870532726266009        5.7452931706683676     
   9.6337966698740257E-002 -0.69132278999817565        2.2350449692456573       0.15324950644047830       -6.7591948703094734E-002
  
 about to enter dgetrf
 Just out of dgetrf:                 
  
  **** TRANSLATION/ROTATION FLOWS ****
     U(X-Z) =     1.000     0.000     0.000 A/SEC
  OMGA(X-Z) =     0.000     0.000     0.000 RAD/S

 FTOTH(X-Z) =   -0.22706E+02   -0.63810E+00    0.98347E+00
 TTOTH(X-Z) =   -0.65911E+01   -0.66719E+01    0.12761E+02

     U(X-Z) =     0.000     1.000     0.000 A/SEC
  OMGA(X-Z) =     0.000     0.000     0.000 RAD/S

 FTOTH(X-Z) =   -0.63770E+00   -0.23549E+02   -0.18625E-01
 TTOTH(X-Z) =    0.26762E+01   -0.38907E+00   -0.86932E+01

     U(X-Z) =     0.000     0.000     1.000 A/SEC
  OMGA(X-Z) =     0.000     0.000     0.000 RAD/S

 FTOTH(X-Z) =    0.98338E+00   -0.19446E-01   -0.23469E+02
 TTOTH(X-Z) =   -0.10078E+02   -0.61462E+01    0.69164E+01

     U(X-Z) =     0.000     0.000     0.000 A/SEC
  OMGA(X-Z) =     1.000     0.000     0.000 RAD/S

 FTOTH(X-Z) =   -0.65513E+01    0.24515E+01   -0.10156E+02
 TTOTH(X-Z) =   -0.28022E+05   -0.37717E+04    0.58413E+04

     U(X-Z) =     0.000     0.000     0.000 A/SEC
  OMGA(X-Z) =     0.000     1.000     0.000 RAD/S

 FTOTH(X-Z) =   -0.65381E+01   -0.43308E+00   -0.61463E+01
 TTOTH(X-Z) =   -0.37831E+04   -0.35405E+05   -0.17808E+04

     U(X-Z) =     0.000     0.000     0.000 A/SEC
  OMGA(X-Z) =     0.000     0.000     1.000 RAD/S

 FTOTH(X-Z) =    0.12825E+02   -0.87672E+01    0.70015E+01
 TTOTH(X-Z) =    0.58407E+04   -0.17692E+04   -0.33900E+05

 I,J,Ktt,Ktr,Krt,Krr=    1    1  0.2271E+02  0.6591E+01  0.6551E+01  0.2802E+05
 I,J,Ktt,Ktr,Krt,Krr=    1    2  0.6377E+00 -0.2676E+01  0.6538E+01  0.3783E+04
 I,J,Ktt,Ktr,Krt,Krr=    1    3 -0.9834E+00  0.1008E+02 -0.1282E+02 -0.5841E+04
 I,J,Ktt,Ktr,Krt,Krr=    2    1  0.6381E+00  0.6672E+01 -0.2452E+01  0.3772E+04
 I,J,Ktt,Ktr,Krt,Krr=    2    2  0.2355E+02  0.3891E+00  0.4331E+00  0.3540E+05
 I,J,Ktt,Ktr,Krt,Krr=    2    3  0.1945E-01  0.6146E+01  0.8767E+01  0.1769E+04
 I,J,Ktt,Ktr,Krt,Krr=    3    1 -0.9835E+00 -0.1276E+02  0.1016E+02 -0.5841E+04
 I,J,Ktt,Ktr,Krt,Krr=    3    2  0.1863E-01  0.8693E+01  0.6146E+01  0.1781E+04
 I,J,Ktt,Ktr,Krt,Krr=    3    3  0.2347E+02 -0.6916E+01 -0.7001E+01  0.3390E+05
  
  Friction Tensors in Center of Resistance
  
  Ktt Tensor (A)
    0.22706E+02    0.63770E+00   -0.98338E+00
    0.63810E+00    0.23549E+02    0.19446E-01
   -0.98347E+00    0.18625E-01    0.23469E+02
  
  Symmetric Krt Tensor (A^2)
    0.65712E+01    0.66050E+01   -0.12793E+02
   -0.25638E+01    0.41107E+00    0.87302E+01
    0.10117E+02    0.61463E+01   -0.69589E+01
  
  Krr Tensor (A^3)
    0.28022E+05    0.37831E+04   -0.58407E+04
    0.37717E+04    0.35405E+05    0.17692E+04
   -0.58413E+04    0.17808E+04    0.33900E+05
  
 Raw Dtt tensor (no rot/trans coupling correction)
    0.44155E-01   -0.11972E-02    0.18511E-02
   -0.11980E-02    0.42497E-01   -0.85408E-04
    0.18512E-02   -0.83892E-04    0.42687E-01
  
 Raw Drr tensor (no rot/trans coupling correction)
    0.37674E-04   -0.43634E-05    0.67186E-05
   -0.43493E-05    0.28823E-04   -0.22536E-05
    0.67200E-05   -0.22660E-05    0.30775E-04
  
 Raw Dtt tensor, before CD transformation
    0.44154E-01   -0.11971E-02    0.18377E-02
   -0.11984E-02    0.42497E-01   -0.95177E-04
    0.18522E-02   -0.83936E-04    0.42709E-01
  
 Program finished at:                
 Elapsed time CPU_TIME:   58.211999999999996     
