 BEST ver.3.90 SFSU/ARAGON
  
 control gtensor value=   1.0000000000000000     
 true area (A^2)=    16120.596000000000     
 total area (A^2) =    14740.101759899084     
 centroid coords =    60.211885726891659        38.734104235605606        38.696477498345367     
  
 first few rows of gr matrix
   11.211696447152859       0.40386940017920747        2.1096638884951906        1.0826617528578475       -6.5334200209329077E-002
  0.40386940017920747        14.980139459282331       -9.4623746244909601E-002  -6.5334200209329077E-002   1.2850725006867685     
   2.1096638884951897       -9.4623746244909657E-002   13.358077581330267       0.13872228240254841      -0.40164753937918357     
   1.9960959459878671       -6.3044344615947073E-002  0.22327866884200995        9.1701051248708563       0.48742266454777394     
  -6.3044344615947073E-002   2.3243453153646620      -0.61208033453687027       0.48742266454777461        11.008133723421995     
  0.22327866884200995      -0.61208033453687027        3.4888806003610546        1.2774421318191798       -1.1262998905889750     
   1.7875059024495943       -5.6651361388752618E-002   9.5152772826132812E-002   3.1219960107211411       0.26660815749683692     
  -5.6651361388752618E-002   2.6068776454329816      -0.80144620227379304       0.26660815749683692        4.4080218159661282     
   9.5152772826132812E-002 -0.80144620227379304        2.6810200604830534       0.45497469707738836       0.60872517467050435     
 first few columns of gr matrix
   11.211696447152859       0.40386940017920747        2.1096638884951897        1.9960959459878671       -6.3044344615947073E-002
  0.40386940017920747        14.980139459282331       -9.4623746244909657E-002  -6.3044344615947073E-002   2.3243453153646620     
   2.1096638884951906       -9.4623746244909601E-002   13.358077581330267       0.22327866884200995      -0.61208033453687027     
   1.0826617528578475       -6.5334200209329077E-002  0.13872228240254841        9.1701051248708563       0.48742266454777461     
  -6.5334200209329077E-002   1.2850725006867685      -0.40164753937918357       0.48742266454777394        11.008133723421995     
  0.13872228240254841      -0.40164753937918357        1.8458002924165891        1.2774421318191793       -1.1262998905889738     
   1.0847979529302940       -4.6654434595353164E-002   4.3586996615317050E-002   3.3223119681523872       0.44307375458273573     
  -4.6654434595353164E-002   1.6409179625378039      -0.52061603113085420       0.44307375458273573        5.2816841545816509     
   4.3586996615317050E-002 -0.52061603113085420        1.5890312737066983       0.29518476610746874       0.42123957944310569     
  
 about to enter dgetrf
 Just out of dgetrf:                 
  
  **** TRANSLATION/ROTATION FLOWS ****
     U(X-Z) =     1.000     0.000     0.000 A/SEC
  OMGA(X-Z) =     0.000     0.000     0.000 RAD/S

 FTOTH(X-Z) =   -0.22778E+02   -0.63803E+00    0.98700E+00
 TTOTH(X-Z) =   -0.63854E+01   -0.73285E+01    0.13197E+02

     U(X-Z) =     0.000     1.000     0.000 A/SEC
  OMGA(X-Z) =     0.000     0.000     0.000 RAD/S

 FTOTH(X-Z) =   -0.63768E+00   -0.23622E+02   -0.19560E-01
 TTOTH(X-Z) =    0.32683E+01   -0.53232E+00   -0.84322E+01

     U(X-Z) =     0.000     0.000     1.000 A/SEC
  OMGA(X-Z) =     0.000     0.000     0.000 RAD/S

 FTOTH(X-Z) =    0.98685E+00   -0.19565E-01   -0.23539E+02
 TTOTH(X-Z) =   -0.10646E+02   -0.58599E+01    0.69057E+01

     U(X-Z) =     0.000     0.000     0.000 A/SEC
  OMGA(X-Z) =     1.000     0.000     0.000 RAD/S

 FTOTH(X-Z) =   -0.63300E+01    0.31172E+01   -0.10664E+02
 TTOTH(X-Z) =   -0.28293E+05   -0.38023E+04    0.58678E+04

     U(X-Z) =     0.000     0.000     0.000 A/SEC
  OMGA(X-Z) =     0.000     1.000     0.000 RAD/S

 FTOTH(X-Z) =   -0.72944E+01   -0.54474E+00   -0.58244E+01
 TTOTH(X-Z) =   -0.38135E+04   -0.35703E+05   -0.18002E+04

     U(X-Z) =     0.000     0.000     0.000 A/SEC
  OMGA(X-Z) =     0.000     0.000     1.000 RAD/S

 FTOTH(X-Z) =    0.13155E+02   -0.83900E+01    0.68909E+01
 TTOTH(X-Z) =    0.58674E+04   -0.17915E+04   -0.34214E+05

 I,J,Ktt,Ktr,Krt,Krr=    1    1  0.2278E+02  0.6385E+01  0.6330E+01  0.2829E+05
 I,J,Ktt,Ktr,Krt,Krr=    1    2  0.6377E+00 -0.3268E+01  0.7294E+01  0.3813E+04
 I,J,Ktt,Ktr,Krt,Krr=    1    3 -0.9868E+00  0.1065E+02 -0.1315E+02 -0.5867E+04
 I,J,Ktt,Ktr,Krt,Krr=    2    1  0.6380E+00  0.7329E+01 -0.3117E+01  0.3802E+04
 I,J,Ktt,Ktr,Krt,Krr=    2    2  0.2362E+02  0.5323E+00  0.5447E+00  0.3570E+05
 I,J,Ktt,Ktr,Krt,Krr=    2    3  0.1957E-01  0.5860E+01  0.8390E+01  0.1792E+04
 I,J,Ktt,Ktr,Krt,Krr=    3    1 -0.9870E+00 -0.1320E+02  0.1066E+02 -0.5868E+04
 I,J,Ktt,Ktr,Krt,Krr=    3    2  0.1956E-01  0.8432E+01  0.5824E+01  0.1800E+04
 I,J,Ktt,Ktr,Krt,Krr=    3    3  0.2354E+02 -0.6906E+01 -0.6891E+01  0.3421E+05
  
  Friction Tensors in Center of Resistance
  
  Ktt Tensor (A)
    0.22778E+02    0.63768E+00   -0.98685E+00
    0.63803E+00    0.23622E+02    0.19565E-01
   -0.98700E+00    0.19560E-01    0.23539E+02
  
  Symmetric Krt Tensor (A^2)
    0.63577E+01    0.73114E+01   -0.13176E+02
   -0.31928E+01    0.53853E+00    0.84111E+01
    0.10655E+02    0.58421E+01   -0.68983E+01
  
  Krr Tensor (A^3)
    0.28293E+05    0.38135E+04   -0.58674E+04
    0.38023E+04    0.35703E+05    0.17915E+04
   -0.58678E+04    0.18002E+04    0.34214E+05
  
 Raw Dtt tensor (no rot/trans coupling correction)
    0.44016E-01   -0.11898E-02    0.18463E-02
   -0.11904E-02    0.42366E-01   -0.85121E-04
    0.18466E-02   -0.85093E-04    0.42560E-01
  
 Raw Drr tensor (no rot/trans coupling correction)
    0.37298E-04   -0.43178E-05    0.66223E-05
   -0.43046E-05    0.28582E-04   -0.22348E-05
    0.66232E-05   -0.22443E-05    0.30481E-04
  
 Raw Dtt tensor, before CD transformation
    0.44015E-01   -0.11897E-02    0.18326E-02
   -0.11909E-02    0.42366E-01   -0.95356E-04
    0.18476E-02   -0.85136E-04    0.42582E-01
  
 Program finished at:                
 Elapsed time CPU_TIME:   118.36799999999999     
