 BEST ver.3.90 SFSU/ARAGON
  
 control gtensor value=   1.0000000000000000     
 true area (A^2)=    16120.596000000000     
 total area (A^2) =    14987.108353232770     
 centroid coords =    59.851234724292091        39.093451482033430        38.582512584865142     
  
 first few rows of gr matrix
   6.4213291090832483       0.78841845876831629        1.0291525085219504        3.3292275878401938       0.60639881384888106     
  0.78841845876831607        7.0266225571044920      -0.63757134374698743       0.60639881384888106        4.2653573296699685     
   1.0291525085219495      -0.63757134374698721        7.2809432904707974       0.61389288498364125       0.63834048127744436     
   1.9655465540367736       0.34554300446171587       0.25333737971228865        7.0731903006225423       -4.4364563419985868E-002
  0.34554300446171587        2.9307546587687976       0.35466483863059234       -4.4364563419985757E-002   10.577531833461677     
  0.25333737971228865       0.35466483863059234        2.2094870610145407       0.74741439215153416      -0.10900807367456852     
  0.57696999621544964       -3.7028935484842908E-002   6.0842985890316045E-002  0.99763827772975500       -4.7464547674769743E-002
  -3.7028935484842908E-002  0.73828719077138172      -0.25274615572323650       -4.7464547674769743E-002   1.0156722486492531     
   6.0842985890316045E-002 -0.25274615572323650       0.94214343845543724       0.21376532088749201      -0.17941581407572460     
 first few columns of gr matrix
   6.4213291090832483       0.78841845876831607        1.0291525085219495        1.9655465540367736       0.34554300446171587     
  0.78841845876831629        7.0266225571044920      -0.63757134374698721       0.34554300446171587        2.9307546587687976     
   1.0291525085219504      -0.63757134374698743        7.2809432904707974       0.25333737971228865       0.35466483863059234     
   3.3292275878401938       0.60639881384888106       0.61389288498364125        7.0731903006225423       -4.4364563419985757E-002
  0.60639881384888106        4.2653573296699685       0.63834048127744436       -4.4364563419985868E-002   10.577531833461677     
  0.61389288498364125       0.63834048127744436        3.8264867066232195       0.74741439215153349      -0.10900807367456852     
  0.92947726562370658       -6.8033835481360147E-002  0.11908503353741880       0.89257242877319987       -5.4559688901911256E-002
  -6.8033835481360147E-002   1.1552762754526948      -0.38679422156020127       -5.4559688901911256E-002  0.91203282780601502     
  0.11908503353741880      -0.38679422156020127        1.5218537731514528       0.19328562417127412      -0.21373474541945373     
  
 about to enter dgetrf
 Just out of dgetrf:                 
  
  **** TRANSLATION/ROTATION FLOWS ****
     U(X-Z) =     1.000     0.000     0.000 A/SEC
  OMGA(X-Z) =     0.000     0.000     0.000 RAD/S

 FTOTH(X-Z) =   -0.22866E+02   -0.63988E+00    0.98453E+00
 TTOTH(X-Z) =   -0.64962E+01   -0.10323E+02    0.45210E+01

     U(X-Z) =     0.000     1.000     0.000 A/SEC
  OMGA(X-Z) =     0.000     0.000     0.000 RAD/S

 FTOTH(X-Z) =   -0.63969E+00   -0.23697E+02   -0.22863E-01
 TTOTH(X-Z) =    0.59955E+01   -0.60895E+00   -0.16746E+02

     U(X-Z) =     0.000     0.000     1.000 A/SEC
  OMGA(X-Z) =     0.000     0.000     0.000 RAD/S

 FTOTH(X-Z) =    0.98477E+00   -0.22741E-01   -0.23620E+02
 TTOTH(X-Z) =   -0.23758E+01    0.23775E+01    0.70480E+01

     U(X-Z) =     0.000     0.000     0.000 A/SEC
  OMGA(X-Z) =     1.000     0.000     0.000 RAD/S

 FTOTH(X-Z) =   -0.64645E+01    0.59504E+01   -0.23439E+01
 TTOTH(X-Z) =   -0.28610E+05   -0.38217E+04    0.58841E+04

     U(X-Z) =     0.000     0.000     0.000 A/SEC
  OMGA(X-Z) =     0.000     1.000     0.000 RAD/S

 FTOTH(X-Z) =   -0.10392E+02   -0.61818E+00    0.23141E+01
 TTOTH(X-Z) =   -0.38315E+04   -0.36008E+05   -0.18152E+04

     U(X-Z) =     0.000     0.000     0.000 A/SEC
  OMGA(X-Z) =     0.000     0.000     1.000 RAD/S

 FTOTH(X-Z) =    0.44697E+01   -0.16727E+02    0.70859E+01
 TTOTH(X-Z) =    0.58842E+04   -0.18113E+04   -0.34525E+05

 I,J,Ktt,Ktr,Krt,Krr=    1    1  0.2287E+02  0.6496E+01  0.6464E+01  0.2861E+05
 I,J,Ktt,Ktr,Krt,Krr=    1    2  0.6397E+00 -0.5996E+01  0.1039E+02  0.3832E+04
 I,J,Ktt,Ktr,Krt,Krr=    1    3 -0.9848E+00  0.2376E+01 -0.4470E+01 -0.5884E+04
 I,J,Ktt,Ktr,Krt,Krr=    2    1  0.6399E+00  0.1032E+02 -0.5950E+01  0.3822E+04
 I,J,Ktt,Ktr,Krt,Krr=    2    2  0.2370E+02  0.6090E+00  0.6182E+00  0.3601E+05
 I,J,Ktt,Ktr,Krt,Krr=    2    3  0.2274E-01 -0.2377E+01  0.1673E+02  0.1811E+04
 I,J,Ktt,Ktr,Krt,Krr=    3    1 -0.9845E+00 -0.4521E+01  0.2344E+01 -0.5884E+04
 I,J,Ktt,Ktr,Krt,Krr=    3    2  0.2286E-01  0.1675E+02 -0.2314E+01  0.1815E+04
 I,J,Ktt,Ktr,Krt,Krr=    3    3  0.2362E+02 -0.7048E+01 -0.7086E+01  0.3453E+05
  
  Friction Tensors in Center of Resistance
  
  Ktt Tensor (A)
    0.22866E+02    0.63969E+00   -0.98477E+00
    0.63988E+00    0.23697E+02    0.22741E-01
   -0.98453E+00    0.22863E-01    0.23620E+02
  
  Symmetric Krt Tensor (A^2)
    0.64803E+01    0.10358E+02   -0.44953E+01
   -0.59730E+01    0.61356E+00    0.16736E+02
    0.23599E+01   -0.23458E+01   -0.70669E+01
  
  Krr Tensor (A^3)
    0.28610E+05    0.38315E+04   -0.58842E+04
    0.38217E+04    0.36008E+05    0.18113E+04
   -0.58841E+04    0.18152E+04    0.34525E+05
  
 Raw Dtt tensor (no rot/trans coupling correction)
    0.43845E-01   -0.11854E-02    0.18291E-02
   -0.11857E-02    0.42232E-01   -0.90095E-04
    0.18287E-02   -0.90286E-04    0.42413E-01
  
 Raw Drr tensor (no rot/trans coupling correction)
    0.36859E-04   -0.42500E-05    0.65048E-05
   -0.42393E-05    0.28334E-04   -0.22090E-05
    0.65047E-05   -0.22140E-05    0.30189E-04
  
 Raw Dtt tensor, before CD transformation
    0.43845E-01   -0.11854E-02    0.18199E-02
   -0.11859E-02    0.42232E-01   -0.93374E-04
    0.18296E-02   -0.90330E-04    0.42434E-01
  
 Program finished at:                
 Elapsed time CPU_TIME:   193.55199999999999     
