 BEST ver.3.90 SFSU/ARAGON
  
 control gtensor value=   1.0000000000000000     
 true area (A^2)=    16120.596000000000     
 total area (A^2) =    14895.907195652257     
 centroid coords =    59.910951369480138        38.896466648034291        38.543135271101164     
  
 first few rows of gr matrix
   11.152907307959524       0.40175168904646497        2.0986017513265196        1.0713375290988174       -6.4650829710339225E-002
  0.40175168904646508        14.901590284502367       -9.4127581492751300E-002  -6.4650829710339225E-002   1.2716311386861807     
   2.0986017513265205       -9.4127581492750911E-002   13.288033776096526       0.13727130090981246      -0.39744646125280880     
   1.9752175533807652       -6.2384925122012005E-002  0.22094326020684665        9.1220211806484404       0.48486683733579539     
  -6.2384925122012005E-002   2.3000335611395188      -0.60567821065237815       0.48486683733579539        10.950411976425409     
  0.22094326020684665      -0.60567821065237815        3.4523882568541948        1.2707437946270397       -1.1203940759467945     
   1.7688092811304299       -5.6058810030097453E-002   9.4157511574933198E-002   3.0893411383135008       0.26381953914626949     
  -5.6058810030097453E-002   2.5796107121628524      -0.79306338455494740       0.26381953914626949        4.3619156103604340     
   9.4157511574933198E-002 -0.79306338455494740        2.6529776261888545       0.45021583747899474       0.60235814446229075     
 first few columns of gr matrix
   11.152907307959524       0.40175168904646508        2.0986017513265205        1.9752175533807652       -6.2384925122012005E-002
  0.40175168904646497        14.901590284502367       -9.4127581492750911E-002  -6.2384925122012005E-002   2.3000335611395188     
   2.0986017513265196       -9.4127581492751300E-002   13.288033776096526       0.22094326020684665      -0.60567821065237815     
   1.0713375290988174       -6.4650829710339225E-002  0.13727130090981246        9.1220211806484404       0.48486683733579539     
  -6.4650829710339225E-002   1.2716311386861807      -0.39744646125280880       0.48486683733579539        10.950411976425409     
  0.13727130090981246      -0.39744646125280880        1.8264939342944575        1.2707437946270397       -1.1203940759467945     
   1.0734513853436092       -4.6166447229664655E-002   4.3131093466108147E-002   3.2875618682016405       0.43843937424612178     
  -4.6166447229664655E-002   1.6237545944508280      -0.51517058853209086       0.43843937424612178        5.2264397783643100     
   4.3131093466108147E-002 -0.51517058853209086        1.5724106203437695       0.29209724746849014       0.41683357614504724     
  
 about to enter dgetrf
 Just out of dgetrf:                 
  
  **** TRANSLATION/ROTATION FLOWS ****
     U(X-Z) =     1.000     0.000     0.000 A/SEC
  OMGA(X-Z) =     0.000     0.000     0.000 RAD/S

 FTOTH(X-Z) =   -0.22838E+02   -0.63742E+00    0.98418E+00
 TTOTH(X-Z) =   -0.63379E+01   -0.10827E+02    0.92809E+01

     U(X-Z) =     0.000     1.000     0.000 A/SEC
  OMGA(X-Z) =     0.000     0.000     0.000 RAD/S

 FTOTH(X-Z) =   -0.63723E+00   -0.23669E+02   -0.22426E-01
 TTOTH(X-Z) =    0.68769E+01   -0.68770E+00   -0.15245E+02

     U(X-Z) =     0.000     0.000     1.000 A/SEC
  OMGA(X-Z) =     0.000     0.000     0.000 RAD/S

 FTOTH(X-Z) =    0.98425E+00   -0.22214E-01   -0.23595E+02
 TTOTH(X-Z) =   -0.71200E+01    0.68608E+00    0.69986E+01

     U(X-Z) =     0.000     0.000     0.000 A/SEC
  OMGA(X-Z) =     1.000     0.000     0.000 RAD/S

 FTOTH(X-Z) =   -0.63044E+01    0.67627E+01   -0.69878E+01
 TTOTH(X-Z) =   -0.28511E+05   -0.38191E+04    0.58799E+04

     U(X-Z) =     0.000     0.000     0.000 A/SEC
  OMGA(X-Z) =     0.000     1.000     0.000 RAD/S

 FTOTH(X-Z) =   -0.10841E+02   -0.68875E+00    0.62629E+00
 TTOTH(X-Z) =   -0.38286E+04   -0.35899E+05   -0.18093E+04

     U(X-Z) =     0.000     0.000     0.000 A/SEC
  OMGA(X-Z) =     0.000     0.000     1.000 RAD/S

 FTOTH(X-Z) =    0.91208E+01   -0.15124E+02    0.69926E+01
 TTOTH(X-Z) =    0.58813E+04   -0.18036E+04   -0.34429E+05

 I,J,Ktt,Ktr,Krt,Krr=    1    1  0.2284E+02  0.6338E+01  0.6304E+01  0.2851E+05
 I,J,Ktt,Ktr,Krt,Krr=    1    2  0.6372E+00 -0.6877E+01  0.1084E+02  0.3829E+04
 I,J,Ktt,Ktr,Krt,Krr=    1    3 -0.9843E+00  0.7120E+01 -0.9121E+01 -0.5881E+04
 I,J,Ktt,Ktr,Krt,Krr=    2    1  0.6374E+00  0.1083E+02 -0.6763E+01  0.3819E+04
 I,J,Ktt,Ktr,Krt,Krr=    2    2  0.2367E+02  0.6877E+00  0.6887E+00  0.3590E+05
 I,J,Ktt,Ktr,Krt,Krr=    2    3  0.2221E-01 -0.6861E+00  0.1512E+02  0.1804E+04
 I,J,Ktt,Ktr,Krt,Krr=    3    1 -0.9842E+00 -0.9281E+01  0.6988E+01 -0.5880E+04
 I,J,Ktt,Ktr,Krt,Krr=    3    2  0.2243E-01  0.1525E+02 -0.6263E+00  0.1809E+04
 I,J,Ktt,Ktr,Krt,Krr=    3    3  0.2359E+02 -0.6999E+01 -0.6993E+01  0.3443E+05
  
  Friction Tensors in Center of Resistance
  
  Ktt Tensor (A)
    0.22838E+02    0.63723E+00   -0.98425E+00
    0.63742E+00    0.23669E+02    0.22214E-01
   -0.98418E+00    0.22426E-01    0.23595E+02
  
  Symmetric Krt Tensor (A^2)
    0.63212E+01    0.10834E+02   -0.92009E+01
   -0.68198E+01    0.68822E+00    0.15185E+02
    0.70539E+01   -0.65618E+00   -0.69956E+01
  
  Krr Tensor (A^3)
    0.28511E+05    0.38286E+04   -0.58813E+04
    0.38191E+04    0.35899E+05    0.18036E+04
   -0.58799E+04    0.18093E+04    0.34429E+05
  
 Raw Dtt tensor (no rot/trans coupling correction)
    0.43899E-01   -0.11836E-02    0.18323E-02
   -0.11839E-02    0.42281E-01   -0.89193E-04
    0.18322E-02   -0.89556E-04    0.42459E-01
  
 Raw Drr tensor (no rot/trans coupling correction)
    0.36996E-04   -0.42753E-05    0.65438E-05
   -0.42645E-05    0.28422E-04   -0.22174E-05
    0.65424E-05   -0.22238E-05    0.30279E-04
  
 Raw Dtt tensor, before CD transformation
    0.43898E-01   -0.11836E-02    0.18181E-02
   -0.11842E-02    0.42281E-01   -0.96643E-04
    0.18332E-02   -0.89606E-04    0.42483E-01
  
 Program finished at:                
 Elapsed time CPU_TIME:   142.72799999999998     
