 BEST ver.3.90 SFSU/ARAGON
  
 control gtensor value=   1.0000000000000000     
 true area (A^2)=    16120.596000000000     
 total area (A^2) =    15035.242286204031     
 centroid coords =    60.172529258777722        39.023436642103810        38.525851394307246     
  
 first few rows of gr matrix
   6.4110422247218235       0.78715542281797113        1.0275038198057056        3.3178023139354207       0.35401437464195001     
  0.78715542281797157        7.0153660006395562      -0.63654996288114640       0.35401437464195001        4.1005224020189610     
   1.0275038198057056      -0.63654996288114640        7.2692793155523923       0.57584634088994913       0.87774950115487382     
   1.7973885391980415        9.1589896192124043E-002  0.19899654527284000        7.6403641973594283      -0.93514421974779682     
   9.1589896192124043E-002   2.5643210833134962       0.53299639911454566      -0.93514421974779660        10.929561272211947     
  0.19899654527284000       0.53299639911454566        2.4744143446728222       0.21415929597905459       0.18577233450988900     
  0.57512288031298464       -3.6910390784019566E-002   6.0648202716964528E-002  0.95639912789700732       -4.7691570932597203E-002
  -3.6910390784019566E-002  0.73592363284011142      -0.25193701235948179       -4.7691570932597203E-002   1.0061654500072443     
   6.0648202716964528E-002 -0.25193701235948179       0.93912725366421934       0.15419114740030351      -0.21903758994751590     
 first few columns of gr matrix
   6.4110422247218235       0.78715542281797157        1.0275038198057056        1.7973885391980415        9.1589896192124043E-002
  0.78715542281797113        7.0153660006395562      -0.63654996288114640        9.1589896192124043E-002   2.5643210833134962     
   1.0275038198057056      -0.63654996288114640        7.2692793155523923       0.19899654527284000       0.53299639911454566     
   3.3178023139354207       0.35401437464195001       0.57584634088994913        7.6403641973594283      -0.93514421974779660     
  0.35401437464195001        4.1005224020189610       0.87774950115487382      -0.93514421974779682        10.929561272211947     
  0.57584634088994913       0.87774950115487382        4.5862371125304602       0.21415929597905492       0.18577233450988878     
  0.92650163040944100       -6.7816031470323862E-002  0.11870379385314514       0.78693131240438852       -4.1195062254673898E-002
  -6.7816031470323862E-002   1.1515777656616719      -0.38555593575277314       -4.1195062254673898E-002  0.82673736080093752     
  0.11870379385314514      -0.38555593575277314        1.5169816995184160       0.13974007819828993      -0.20445089033260158     
  
 about to enter dgetrf
 Just out of dgetrf:                 
  
  **** TRANSLATION/ROTATION FLOWS ****
     U(X-Z) =     1.000     0.000     0.000 A/SEC
  OMGA(X-Z) =     0.000     0.000     0.000 RAD/S

 FTOTH(X-Z) =   -0.22880E+02   -0.63995E+00    0.98345E+00
 TTOTH(X-Z) =   -0.64215E+01   -0.11011E+02    0.64335E+01

     U(X-Z) =     0.000     1.000     0.000 A/SEC
  OMGA(X-Z) =     0.000     0.000     0.000 RAD/S

 FTOTH(X-Z) =   -0.63979E+00   -0.23713E+02   -0.19797E-01
 TTOTH(X-Z) =    0.73270E+01   -0.64230E+00   -0.93515E+01

     U(X-Z) =     0.000     0.000     1.000 A/SEC
  OMGA(X-Z) =     0.000     0.000     0.000 RAD/S

 FTOTH(X-Z) =    0.98365E+00   -0.19477E-01   -0.23632E+02
 TTOTH(X-Z) =   -0.41165E+01   -0.48575E+01    0.70163E+01

     U(X-Z) =     0.000     0.000     0.000 A/SEC
  OMGA(X-Z) =     1.000     0.000     0.000 RAD/S

 FTOTH(X-Z) =   -0.63886E+01    0.72745E+01   -0.40349E+01
 TTOTH(X-Z) =   -0.28665E+05   -0.38238E+04    0.58718E+04

     U(X-Z) =     0.000     0.000     0.000 A/SEC
  OMGA(X-Z) =     0.000     1.000     0.000 RAD/S

 FTOTH(X-Z) =   -0.11076E+02   -0.66775E+00   -0.48692E+01
 TTOTH(X-Z) =   -0.38343E+04   -0.36047E+05   -0.17923E+04

     U(X-Z) =     0.000     0.000     0.000 A/SEC
  OMGA(X-Z) =     0.000     0.000     1.000 RAD/S

 FTOTH(X-Z) =    0.62981E+01   -0.94047E+01    0.70541E+01
 TTOTH(X-Z) =    0.58749E+04   -0.17878E+04   -0.34574E+05

 I,J,Ktt,Ktr,Krt,Krr=    1    1  0.2288E+02  0.6421E+01  0.6389E+01  0.2867E+05
 I,J,Ktt,Ktr,Krt,Krr=    1    2  0.6398E+00 -0.7327E+01  0.1108E+02  0.3834E+04
 I,J,Ktt,Ktr,Krt,Krr=    1    3 -0.9836E+00  0.4117E+01 -0.6298E+01 -0.5875E+04
 I,J,Ktt,Ktr,Krt,Krr=    2    1  0.6399E+00  0.1101E+02 -0.7274E+01  0.3824E+04
 I,J,Ktt,Ktr,Krt,Krr=    2    2  0.2371E+02  0.6423E+00  0.6677E+00  0.3605E+05
 I,J,Ktt,Ktr,Krt,Krr=    2    3  0.1948E-01  0.4858E+01  0.9405E+01  0.1788E+04
 I,J,Ktt,Ktr,Krt,Krr=    3    1 -0.9835E+00 -0.6433E+01  0.4035E+01 -0.5872E+04
 I,J,Ktt,Ktr,Krt,Krr=    3    2  0.1980E-01  0.9351E+01  0.4869E+01  0.1792E+04
 I,J,Ktt,Ktr,Krt,Krr=    3    3  0.2363E+02 -0.7016E+01 -0.7054E+01  0.3457E+05
  
  Friction Tensors in Center of Resistance
  
  Ktt Tensor (A)
    0.22880E+02    0.63979E+00   -0.98365E+00
    0.63995E+00    0.23713E+02    0.19477E-01
   -0.98345E+00    0.19797E-01    0.23632E+02
  
  Symmetric Krt Tensor (A^2)
    0.64050E+01    0.11044E+02   -0.63658E+01
   -0.73008E+01    0.65503E+00    0.93781E+01
    0.40757E+01    0.48633E+01   -0.70352E+01
  
  Krr Tensor (A^3)
    0.28665E+05    0.38343E+04   -0.58749E+04
    0.38238E+04    0.36047E+05    0.17878E+04
   -0.58718E+04    0.17923E+04    0.34574E+05
  
 Raw Dtt tensor (no rot/trans coupling correction)
    0.43817E-01   -0.11837E-02    0.18248E-02
   -0.11840E-02    0.42203E-01   -0.84065E-04
    0.18244E-02   -0.84614E-04    0.42391E-01
  
 Raw Drr tensor (no rot/trans coupling correction)
    0.36775E-04   -0.42334E-05    0.64680E-05
   -0.42217E-05    0.28299E-04   -0.21807E-05
    0.64646E-05   -0.21860E-05    0.30135E-04
  
 Raw Dtt tensor, before CD transformation
    0.43817E-01   -0.11837E-02    0.18155E-02
   -0.11844E-02    0.42203E-01   -0.92150E-04
    0.18249E-02   -0.84638E-04    0.42403E-01
  
 Program finished at:                
 Elapsed time CPU_TIME:   277.15600000000001     
