 BEST ver.3.90 SFSU/ARAGON
  
 control gtensor value=   1.0000000000000000     
 true area (A^2)=    6457.2560000000003     
 total area (A^2) =    6135.8422749320298     
 centroid coords =   0.34755185185185417      -0.61350931537598186       -16.388304938271595     
  
 first few rows of gr matrix
   6.0724854125909076      -0.16651326964580104      -0.38084096297004255        3.2963764907921047        1.2438056225215819E-002
 -0.16651326964580149        6.8815268862498380      -0.53657872912354199        1.2438056225215819E-002   2.4665440287354330     
 -0.38084096297004233      -0.53657872912354176        4.6107899770232139      -0.90600540766951110       -3.0385964600084785E-002
   1.3824892523248593       -6.3612976321540476E-002 -0.39526890732647124        8.9902952975546206      -0.22275168557677594     
  -6.3612976321540476E-002   1.0267969278954023        3.2312106837970089E-002 -0.22275168557677683        10.413142080476673     
 -0.39526890732647124        3.2312106837970089E-002   1.2644525930223456       -1.6800359732937213       -8.0123435381654895E-002
   2.0333012204463783      -0.41018564609776953      -0.35288557835708684        3.3871962492233361       0.48574495862228018     
 -0.41018564609776953        2.2627147344821230       0.18606372998178691       0.48574495862228018        3.8065525325777365     
 -0.35288557835708684       0.18606372998178691        1.8313926652055830      -0.78588872160096857      -0.68022362912489398     
 first few columns of gr matrix
   6.0724854125909076      -0.16651326964580149      -0.38084096297004233        1.3824892523248593       -6.3612976321540476E-002
 -0.16651326964580104        6.8815268862498380      -0.53657872912354176       -6.3612976321540476E-002   1.0267969278954023     
 -0.38084096297004255      -0.53657872912354199        4.6107899770232139      -0.39526890732647124        3.2312106837970089E-002
   3.2963764907921047        1.2438056225215819E-002 -0.90600540766951110        8.9902952975546206      -0.22275168557677683     
   1.2438056225215819E-002   2.4665440287354330       -3.0385964600084785E-002 -0.22275168557677594        10.413142080476673     
 -0.90600540766951110       -3.0385964600084785E-002   2.8884112976721008       -1.6800359732937213       -8.0123435381654895E-002
   3.0948443111766983      -0.37707946654137181      -0.47887424947498786        2.1968669194640023       0.15986868625149903     
 -0.37707946654137181        2.9743857038468104        7.1546529099965631E-002  0.15986868625149903        2.0134369164044479     
 -0.47887424947498786        7.1546529099965631E-002   2.3992237995072183      -0.59098850041233941      -0.21207718598495878     
  
 about to enter dgetrf
 Just out of dgetrf:                 
  
  **** TRANSLATION/ROTATION FLOWS ****
     U(X-Z) =     1.000     0.000     0.000 A/SEC
  OMGA(X-Z) =     0.000     0.000     0.000 RAD/S

 FTOTH(X-Z) =   -0.14975E+02   -0.60241E-01   -0.10646E+01
 TTOTH(X-Z) =    0.35048E+01   -0.12879E+02    0.47191E+01

     U(X-Z) =     0.000     1.000     0.000 A/SEC
  OMGA(X-Z) =     0.000     0.000     0.000 RAD/S

 FTOTH(X-Z) =   -0.60323E-01   -0.16259E+02   -0.95076E-01
 TTOTH(X-Z) =    0.32336E+01   -0.21273E+01   -0.19410E+01

     U(X-Z) =     0.000     0.000     1.000 A/SEC
  OMGA(X-Z) =     0.000     0.000     0.000 RAD/S

 FTOTH(X-Z) =   -0.10646E+01   -0.95200E-01   -0.16392E+02
 TTOTH(X-Z) =   -0.18631E+01   -0.70748E+01   -0.11525E+01

     U(X-Z) =     0.000     0.000     0.000 A/SEC
  OMGA(X-Z) =     1.000     0.000     0.000 RAD/S

 FTOTH(X-Z) =    0.34864E+01    0.33026E+01   -0.18623E+01
 TTOTH(X-Z) =   -0.81343E+04   -0.18365E+02   -0.32572E+04

     U(X-Z) =     0.000     0.000     0.000 A/SEC
  OMGA(X-Z) =     0.000     1.000     0.000 RAD/S

 FTOTH(X-Z) =   -0.12913E+02   -0.21083E+01   -0.71179E+01
 TTOTH(X-Z) =   -0.17147E+02   -0.14426E+05   -0.13072E+03

     U(X-Z) =     0.000     0.000     0.000 A/SEC
  OMGA(X-Z) =     0.000     0.000     1.000 RAD/S

 FTOTH(X-Z) =    0.46802E+01   -0.19297E+01   -0.11447E+01
 TTOTH(X-Z) =   -0.32590E+04   -0.13013E+03   -0.12195E+05

 I,J,Ktt,Ktr,Krt,Krr=    1    1  0.1498E+02 -0.3505E+01 -0.3486E+01  0.8134E+04
 I,J,Ktt,Ktr,Krt,Krr=    1    2  0.6032E-01 -0.3234E+01  0.1291E+02  0.1715E+02
 I,J,Ktt,Ktr,Krt,Krr=    1    3  0.1065E+01  0.1863E+01 -0.4680E+01  0.3259E+04
 I,J,Ktt,Ktr,Krt,Krr=    2    1  0.6024E-01  0.1288E+02 -0.3303E+01  0.1836E+02
 I,J,Ktt,Ktr,Krt,Krr=    2    2  0.1626E+02  0.2127E+01  0.2108E+01  0.1443E+05
 I,J,Ktt,Ktr,Krt,Krr=    2    3  0.9520E-01  0.7075E+01  0.1930E+01  0.1301E+03
 I,J,Ktt,Ktr,Krt,Krr=    3    1  0.1065E+01 -0.4719E+01  0.1862E+01  0.3257E+04
 I,J,Ktt,Ktr,Krt,Krr=    3    2  0.9508E-01  0.1941E+01  0.7118E+01  0.1307E+03
 I,J,Ktt,Ktr,Krt,Krr=    3    3  0.1639E+02  0.1153E+01  0.1145E+01  0.1220E+05
  
  Friction Tensors in Center of Resistance
  
  Ktt Tensor (A)
    0.14975E+02    0.60323E-01    0.10646E+01
    0.60241E-01    0.16259E+02    0.95200E-01
    0.10646E+01    0.95076E-01    0.16392E+02
  
  Symmetric Krt Tensor (A^2)
   -0.34956E+01    0.12896E+02   -0.46997E+01
   -0.32681E+01    0.21178E+01    0.19353E+01
    0.18627E+01    0.70964E+01    0.11486E+01
  
  Krr Tensor (A^3)
    0.81343E+04    0.17147E+02    0.32590E+04
    0.18365E+02    0.14426E+05    0.13013E+03
    0.32572E+04    0.13072E+03    0.12195E+05
  
 Raw Dtt tensor (no rot/trans coupling correction)
    0.67088E-01   -0.22343E-03   -0.43560E-02
   -0.22306E-03    0.61507E-01   -0.34274E-03
   -0.43559E-02   -0.34225E-03    0.61292E-01
  
 Raw Drr tensor (no rot/trans coupling correction)
    0.13767E-03    0.16976E-06   -0.36792E-04
    0.15644E-06    0.69327E-04   -0.78157E-06
   -0.36771E-04   -0.78845E-06    0.91833E-04
  
 Raw Dtt tensor, before CD transformation
    0.67087E-01   -0.22348E-03   -0.43467E-02
   -0.22127E-03    0.61507E-01   -0.36792E-03
   -0.43569E-02   -0.34233E-03    0.61306E-01
  
 Program finished at:                
 Elapsed time CPU_TIME:   141.64399999999998     
