 BEST ver.3.90 SFSU/ARAGON
  
 control gtensor value=   1.0000000000000000     
 true area (A^2)=    6457.2560000000003     
 total area (A^2) =    6149.0310122926066     
 centroid coords =   0.37619666463291235      -0.60226418547895111       -16.441914378686189     
  
 first few rows of gr matrix
   6.0659696375395429      -0.16633460095672847      -0.38043232072943511        3.2893062640048405        1.2411378484227952E-002
 -0.16633460095672892        6.8741430099365664      -0.53600298030592164        1.2411378484227952E-002   2.4612536665111473     
 -0.38043232072943500      -0.53600298030592164        4.6058426007418189      -0.90406216371037629       -3.0320791322272753E-002
   1.3795240229063888       -6.3476536151413757E-002 -0.39442111556950793        8.9806487133598374      -0.22251267308404765     
  -6.3476536151413757E-002   1.0245946044760539        3.2242802277657585E-002 -0.22251267308404676        10.401968782104714     
 -0.39442111556950793        3.2242802277657585E-002   1.2617405343059473       -1.6782332951913643       -8.0037462959190453E-002
   2.0289400982276420      -0.40930586020229315      -0.35212869240188793        3.3799312278516078       0.48470310948041068     
 -0.40930586020229315        2.2578615551282812       0.18566465154777781       0.48470310948041068        3.7983880556868210     
 -0.35212869240188793       0.18566465154777781        1.8274646061638906      -0.78420310968534790      -0.67876465277999631     
 first few columns of gr matrix
   6.0659696375395429      -0.16633460095672892      -0.38043232072943500        1.3795240229063888       -6.3476536151413757E-002
 -0.16633460095672847        6.8741430099365664      -0.53600298030592164       -6.3476536151413757E-002   1.0245946044760539     
 -0.38043232072943511      -0.53600298030592164        4.6058426007418189      -0.39442111556950793        3.2242802277657585E-002
   3.2893062640048405        1.2411378484227952E-002 -0.90406216371037629        8.9806487133598374      -0.22251267308404676     
   1.2411378484227952E-002   2.4612536665111473       -3.0320791322272753E-002 -0.22251267308404765        10.401968782104714     
 -0.90406216371037629       -3.0320791322272753E-002   2.8822160942460200       -1.6782332951913626       -8.0037462959191341E-002
   3.0882063402979711      -0.37627068837155303      -0.47784713696043990        2.1921549736697785       0.15952579220674235     
 -0.37627068837155303        2.9680060983807346        7.1393072664394888E-002  0.15952579220674235        2.0091184001001068     
 -0.47784713696043990        7.1393072664394888E-002   2.3940778289473545      -0.58972091986192787      -0.21162231263978948     
  
 about to enter dgetrf
 Just out of dgetrf:                 
  
  **** TRANSLATION/ROTATION FLOWS ****
     U(X-Z) =     1.000     0.000     0.000 A/SEC
  OMGA(X-Z) =     0.000     0.000     0.000 RAD/S

 FTOTH(X-Z) =   -0.14988E+02   -0.59999E-01   -0.10661E+01
 TTOTH(X-Z) =    0.34929E+01   -0.13766E+02    0.47188E+01

     U(X-Z) =     0.000     1.000     0.000 A/SEC
  OMGA(X-Z) =     0.000     0.000     0.000 RAD/S

 FTOTH(X-Z) =   -0.60034E-01   -0.16272E+02   -0.93447E-01
 TTOTH(X-Z) =    0.41920E+01   -0.20827E+01   -0.13610E+01

     U(X-Z) =     0.000     0.000     1.000 A/SEC
  OMGA(X-Z) =     0.000     0.000     0.000 RAD/S

 FTOTH(X-Z) =   -0.10660E+01   -0.93584E-01   -0.16410E+02
 TTOTH(X-Z) =   -0.18592E+01   -0.76628E+01   -0.11838E+01

     U(X-Z) =     0.000     0.000     0.000 A/SEC
  OMGA(X-Z) =     1.000     0.000     0.000 RAD/S

 FTOTH(X-Z) =    0.34757E+01    0.42305E+01   -0.18752E+01
 TTOTH(X-Z) =   -0.81571E+04   -0.24498E+02   -0.32588E+04

     U(X-Z) =     0.000     0.000     0.000 A/SEC
  OMGA(X-Z) =     0.000     1.000     0.000 RAD/S

 FTOTH(X-Z) =   -0.13803E+02   -0.20674E+01   -0.77000E+01
 TTOTH(X-Z) =   -0.23991E+02   -0.14457E+05   -0.12817E+03

     U(X-Z) =     0.000     0.000     0.000 A/SEC
  OMGA(X-Z) =     0.000     0.000     1.000 RAD/S

 FTOTH(X-Z) =    0.46805E+01   -0.13466E+01   -0.11728E+01
 TTOTH(X-Z) =   -0.32605E+04   -0.12865E+03   -0.12220E+05

 I,J,Ktt,Ktr,Krt,Krr=    1    1  0.1499E+02 -0.3493E+01 -0.3476E+01  0.8157E+04
 I,J,Ktt,Ktr,Krt,Krr=    1    2  0.6003E-01 -0.4192E+01  0.1380E+02  0.2399E+02
 I,J,Ktt,Ktr,Krt,Krr=    1    3  0.1066E+01  0.1859E+01 -0.4681E+01  0.3260E+04
 I,J,Ktt,Ktr,Krt,Krr=    2    1  0.6000E-01  0.1377E+02 -0.4230E+01  0.2450E+02
 I,J,Ktt,Ktr,Krt,Krr=    2    2  0.1627E+02  0.2083E+01  0.2067E+01  0.1446E+05
 I,J,Ktt,Ktr,Krt,Krr=    2    3  0.9358E-01  0.7663E+01  0.1347E+01  0.1287E+03
 I,J,Ktt,Ktr,Krt,Krr=    3    1  0.1066E+01 -0.4719E+01  0.1875E+01  0.3259E+04
 I,J,Ktt,Ktr,Krt,Krr=    3    2  0.9345E-01  0.1361E+01  0.7700E+01  0.1282E+03
 I,J,Ktt,Ktr,Krt,Krr=    3    3  0.1641E+02  0.1184E+01  0.1173E+01  0.1222E+05
  
  Friction Tensors in Center of Resistance
  
  Ktt Tensor (A)
    0.14988E+02    0.60034E-01    0.10660E+01
    0.59999E-01    0.16272E+02    0.93584E-01
    0.10661E+01    0.93447E-01    0.16410E+02
  
  Symmetric Krt Tensor (A^2)
   -0.34843E+01    0.13784E+02   -0.46997E+01
   -0.42113E+01    0.20751E+01    0.13538E+01
    0.18672E+01    0.76814E+01    0.11783E+01
  
  Krr Tensor (A^3)
    0.81571E+04    0.23991E+02    0.32605E+04
    0.24498E+02    0.14457E+05    0.12865E+03
    0.32588E+04    0.12817E+03    0.12220E+05
  
 Raw Dtt tensor (no rot/trans coupling correction)
    0.67029E-01   -0.22229E-03   -0.43529E-02
   -0.22211E-03    0.61456E-01   -0.33606E-03
   -0.43533E-02   -0.33553E-03    0.61224E-01
  
 Raw Drr tensor (no rot/trans coupling correction)
    0.13722E-03    0.96883E-07   -0.36613E-04
    0.93117E-07    0.69176E-04   -0.75312E-06
   -0.36594E-04   -0.75138E-06    0.91603E-04
  
 Raw Dtt tensor, before CD transformation
    0.67028E-01   -0.22234E-03   -0.43434E-02
   -0.22019E-03    0.61457E-01   -0.36311E-03
   -0.43542E-02   -0.33560E-03    0.61238E-01
  
 Program finished at:                
 Elapsed time CPU_TIME:   188.13199999999998     
