 BEST ver.3.90 SFSU/ARAGON
  
 control gtensor value=   1.0000000000000000     
 true area (A^2)=    6457.2560000000003     
 total area (A^2) =    6071.9251591585371     
 centroid coords =    9.8935667520636053E-002 -0.69054682607457951       -16.268760318815822     
  
 first few rows of gr matrix
   6.1043632470853666      -0.16738738989315477      -0.38284020781978712        6.2079764181998627      -0.28097797479936243     
 -0.16738738989315433        6.9176518269033282      -0.53939552764310406      -0.28097797479936243        5.0279576266647910     
 -0.38284020781978712      -0.53939552764310361        4.6349945637434207       -1.2345822499114794       -6.4956636515560939E-002
   1.9073171579029529       -6.3218417627351212E-002 -0.47496379751964335        10.698121609313691      -0.39643001719866344     
  -6.3218417627351212E-002   1.4651201169506693       -2.4177142856539506E-003 -0.39643001719866433        12.363578424966974     
 -0.47496379751964335       -2.4177142856539506E-003   1.5996690372282800       -2.0827490546850731      -0.52395570506328892     
  0.77224396098472647       -6.9249563847786244E-002 -0.25016740639221008        3.8711095312191310      -0.21146476133305242     
  -6.9249563847786244E-002  0.59887514390247754        7.4296916824787146E-002 -0.21146476133305242        4.0021794368488219     
 -0.25016740639221008        7.4296916824787146E-002  0.84307200085966616      -0.82273565008291438       0.79679832625324221     
 first few columns of gr matrix
   6.1043632470853666      -0.16738738989315433      -0.38284020781978712        1.9073171579029529       -6.3218417627351212E-002
 -0.16738738989315477        6.9176518269033282      -0.53939552764310361       -6.3218417627351212E-002   1.4651201169506693     
 -0.38284020781978712      -0.53939552764310406        4.6349945637434207      -0.47496379751964335       -2.4177142856539506E-003
   6.2079764181998627      -0.28097797479936243       -1.2345822499114794        10.698121609313691      -0.39643001719866433     
 -0.28097797479936243        5.0279576266647910       -6.4956636515560939E-002 -0.39643001719866344        12.363578424966974     
  -1.2345822499114794       -6.4956636515560939E-002   4.8025739418270019       -2.0827490546850713      -0.52395570506328804     
   1.7028943427712226      -0.30946948256998008      -0.44406248947271626        2.3685668642011484      -0.26824811581170793     
 -0.30946948256998008        1.5141511303356787       0.25340085581668786      -0.26824811581170793        2.9535735804406267     
 -0.44406248947271626       0.25340085581668786        1.6664035884254969      -0.46865899944712153       0.45058572451559281     
  
 about to enter dgetrf
 Just out of dgetrf:                 
  
  **** TRANSLATION/ROTATION FLOWS ****
     U(X-Z) =     1.000     0.000     0.000 A/SEC
  OMGA(X-Z) =     0.000     0.000     0.000 RAD/S

 FTOTH(X-Z) =   -0.14935E+02   -0.64395E-01   -0.10643E+01
 TTOTH(X-Z) =    0.34787E+01   -0.10898E+02    0.57695E+01

     U(X-Z) =     0.000     1.000     0.000 A/SEC
  OMGA(X-Z) =     0.000     0.000     0.000 RAD/S

 FTOTH(X-Z) =   -0.64470E-01   -0.16215E+02   -0.99529E-01
 TTOTH(X-Z) =    0.12022E+01   -0.20942E+01   -0.60049E+01

     U(X-Z) =     0.000     0.000     1.000 A/SEC
  OMGA(X-Z) =     0.000     0.000     0.000 RAD/S

 FTOTH(X-Z) =   -0.10644E+01   -0.99613E-01   -0.16344E+02
 TTOTH(X-Z) =   -0.29294E+01   -0.29372E+01   -0.11587E+01

     U(X-Z) =     0.000     0.000     0.000 A/SEC
  OMGA(X-Z) =     1.000     0.000     0.000 RAD/S

 FTOTH(X-Z) =    0.34401E+01    0.12058E+01   -0.28724E+01
 TTOTH(X-Z) =   -0.80626E+04   -0.20925E+02   -0.32358E+04

     U(X-Z) =     0.000     0.000     0.000 A/SEC
  OMGA(X-Z) =     0.000     1.000     0.000 RAD/S

 FTOTH(X-Z) =   -0.10965E+02   -0.20910E+01   -0.30778E+01
 TTOTH(X-Z) =   -0.20419E+02   -0.14329E+05   -0.12135E+03

     U(X-Z) =     0.000     0.000     0.000 A/SEC
  OMGA(X-Z) =     0.000     0.000     1.000 RAD/S

 FTOTH(X-Z) =    0.56431E+01   -0.58945E+01   -0.11092E+01
 TTOTH(X-Z) =   -0.32368E+04   -0.12348E+03   -0.12118E+05

 I,J,Ktt,Ktr,Krt,Krr=    1    1  0.1494E+02 -0.3479E+01 -0.3440E+01  0.8063E+04
 I,J,Ktt,Ktr,Krt,Krr=    1    2  0.6447E-01 -0.1202E+01  0.1097E+02  0.2042E+02
 I,J,Ktt,Ktr,Krt,Krr=    1    3  0.1064E+01  0.2929E+01 -0.5643E+01  0.3237E+04
 I,J,Ktt,Ktr,Krt,Krr=    2    1  0.6439E-01  0.1090E+02 -0.1206E+01  0.2093E+02
 I,J,Ktt,Ktr,Krt,Krr=    2    2  0.1622E+02  0.2094E+01  0.2091E+01  0.1433E+05
 I,J,Ktt,Ktr,Krt,Krr=    2    3  0.9961E-01  0.2937E+01  0.5894E+01  0.1235E+03
 I,J,Ktt,Ktr,Krt,Krr=    3    1  0.1064E+01 -0.5769E+01  0.2872E+01  0.3236E+04
 I,J,Ktt,Ktr,Krt,Krr=    3    2  0.9953E-01  0.6005E+01  0.3078E+01  0.1213E+03
 I,J,Ktt,Ktr,Krt,Krr=    3    3  0.1634E+02  0.1159E+01  0.1109E+01  0.1212E+05
  
  Friction Tensors in Center of Resistance
  
  Ktt Tensor (A)
    0.14935E+02    0.64470E-01    0.10644E+01
    0.64395E-01    0.16215E+02    0.99613E-01
    0.10643E+01    0.99529E-01    0.16344E+02
  
  Symmetric Krt Tensor (A^2)
   -0.34594E+01    0.10931E+02   -0.57063E+01
   -0.12040E+01    0.20926E+01    0.59497E+01
    0.29009E+01    0.30075E+01    0.11340E+01
  
  Krr Tensor (A^3)
    0.80626E+04    0.20419E+02    0.32368E+04
    0.20925E+02    0.14329E+05    0.12348E+03
    0.32358E+04    0.12135E+03    0.12118E+05
  
 Raw Dtt tensor (no rot/trans coupling correction)
    0.67269E-01   -0.24057E-03   -0.43794E-02
   -0.24024E-03    0.61673E-01   -0.36023E-03
   -0.43788E-02   -0.35990E-03    0.61471E-01
  
 Raw Drr tensor (no rot/trans coupling correction)
    0.13892E-03    0.11628E-06   -0.37108E-04
    0.11681E-06    0.69793E-04   -0.74239E-06
   -0.37098E-04   -0.72994E-06    0.92440E-04
  
 Raw Dtt tensor, before CD transformation
    0.67268E-01   -0.24064E-03   -0.43677E-02
   -0.23825E-03    0.61673E-01   -0.38822E-03
   -0.43807E-02   -0.36006E-03    0.61499E-01
  
 Program finished at:                
 Elapsed time CPU_TIME:   76.372000000000000     
