 BEST ver.3.90 SFSU/ARAGON
  
 control gtensor value=   1.0000000000000000     
 true area (A^2)=    6457.2560000000003     
 total area (A^2) =    6043.7562178850440     
 centroid coords =   0.18982583333333158      -0.99266366666666672       -16.317295166666714     
  
 first few rows of gr matrix
   9.6311668137046684      -0.23293214149650077       -1.2619399480258440        4.8677794073679408       0.10632951515115210     
 -0.23293214149650077        10.428015523652752      -0.68504418654323085       0.10632951515115210        3.6434836544297680     
  -1.2619399480258440      -0.68504418654323107        7.7197951400274469       -1.1871796689327518      -0.19550684630443657     
   3.4175285592792570        1.7247106277021380E-002 -0.89734129689713504        10.723023708549634      -0.39735279037220705     
   1.7247106277021380E-002   2.5849294664184779       -8.3288937488897763E-002 -0.39735279037220761        12.392357220730695     
 -0.89734129689713504       -8.3288937488897763E-002   2.9382193931943932       -2.0875970855392154      -0.52517532075277218     
   1.5703445634008308       -9.4632410035942166E-002 -0.51496082918503316        3.8891521280938144      -0.21245036337069800     
  -9.4632410035942166E-002   1.1742946859077323        9.9736098750382099E-002 -0.21245036337069800        4.0208329287267555     
 -0.51496082918503316        9.9736098750382099E-002   1.6909400096588723      -0.82657028393895859       0.80051207056222040     
 first few columns of gr matrix
   9.6311668137046684      -0.23293214149650077       -1.2619399480258440        3.4175285592792570        1.7247106277021380E-002
 -0.23293214149650077        10.428015523652752      -0.68504418654323107        1.7247106277021380E-002   2.5849294664184779     
  -1.2619399480258440      -0.68504418654323085        7.7197951400274469      -0.89734129689713504       -8.3288937488897763E-002
   4.8677794073679408       0.10632951515115210       -1.1871796689327518        10.723023708549634      -0.39735279037220761     
  0.10632951515115210        3.6434836544297680      -0.19550684630443657      -0.39735279037220705        12.392357220730695     
  -1.1871796689327518      -0.19550684630443657        3.9699250653478226       -2.0875970855392145      -0.52517532075277185     
   1.6506151592945582      -0.19173183542467970      -0.48840347797504036        2.3796063599211408      -0.26949837560853218     
 -0.19173183542467970        1.2502727132341811       0.15755878708687296      -0.26949837560853218        2.9673396950446782     
 -0.48840347797504036       0.15755878708687296        1.6170966850430861      -0.47084334099843272       0.45268582954216197     
  
 about to enter dgetrf
 Just out of dgetrf:                 
  
  **** TRANSLATION/ROTATION FLOWS ****
     U(X-Z) =     1.000     0.000     0.000 A/SEC
  OMGA(X-Z) =     0.000     0.000     0.000 RAD/S

 FTOTH(X-Z) =   -0.14906E+02   -0.64163E-01   -0.10691E+01
 TTOTH(X-Z) =    0.31088E+01   -0.11656E+02    0.96333E+01

     U(X-Z) =     0.000     1.000     0.000 A/SEC
  OMGA(X-Z) =     0.000     0.000     0.000 RAD/S

 FTOTH(X-Z) =   -0.64265E-01   -0.16186E+02   -0.96667E-01
 TTOTH(X-Z) =    0.20070E+01   -0.19058E+01   -0.43704E+01

     U(X-Z) =     0.000     0.000     1.000 A/SEC
  OMGA(X-Z) =     0.000     0.000     0.000 RAD/S

 FTOTH(X-Z) =   -0.10691E+01   -0.96793E-01   -0.16317E+02
 TTOTH(X-Z) =   -0.73482E+01   -0.45741E+01   -0.97293E+00

     U(X-Z) =     0.000     0.000     0.000 A/SEC
  OMGA(X-Z) =     1.000     0.000     0.000 RAD/S

 FTOTH(X-Z) =    0.30898E+01    0.19509E+01   -0.72666E+01
 TTOTH(X-Z) =   -0.80209E+04   -0.23773E+02   -0.32329E+04

     U(X-Z) =     0.000     0.000     0.000 A/SEC
  OMGA(X-Z) =     0.000     1.000     0.000 RAD/S

 FTOTH(X-Z) =   -0.11603E+02   -0.18886E+01   -0.47062E+01
 TTOTH(X-Z) =   -0.21154E+02   -0.14287E+05   -0.12663E+03

     U(X-Z) =     0.000     0.000     0.000 A/SEC
  OMGA(X-Z) =     0.000     0.000     1.000 RAD/S

 FTOTH(X-Z) =    0.95330E+01   -0.43240E+01   -0.96367E+00
 TTOTH(X-Z) =   -0.32335E+04   -0.12613E+03   -0.12057E+05

 I,J,Ktt,Ktr,Krt,Krr=    1    1  0.1491E+02 -0.3109E+01 -0.3090E+01  0.8021E+04
 I,J,Ktt,Ktr,Krt,Krr=    1    2  0.6427E-01 -0.2007E+01  0.1160E+02  0.2115E+02
 I,J,Ktt,Ktr,Krt,Krr=    1    3  0.1069E+01  0.7348E+01 -0.9533E+01  0.3234E+04
 I,J,Ktt,Ktr,Krt,Krr=    2    1  0.6416E-01  0.1166E+02 -0.1951E+01  0.2377E+02
 I,J,Ktt,Ktr,Krt,Krr=    2    2  0.1619E+02  0.1906E+01  0.1889E+01  0.1429E+05
 I,J,Ktt,Ktr,Krt,Krr=    2    3  0.9679E-01  0.4574E+01  0.4324E+01  0.1261E+03
 I,J,Ktt,Ktr,Krt,Krr=    3    1  0.1069E+01 -0.9633E+01  0.7267E+01  0.3233E+04
 I,J,Ktt,Ktr,Krt,Krr=    3    2  0.9667E-01  0.4370E+01  0.4706E+01  0.1266E+03
 I,J,Ktt,Ktr,Krt,Krr=    3    3  0.1632E+02  0.9729E+00  0.9637E+00  0.1206E+05
  
  Friction Tensors in Center of Resistance
  
  Ktt Tensor (A)
    0.14906E+02    0.64265E-01    0.10691E+01
    0.64163E-01    0.16186E+02    0.96793E-01
    0.10691E+01    0.96667E-01    0.16317E+02
  
  Symmetric Krt Tensor (A^2)
   -0.30993E+01    0.11630E+02   -0.95832E+01
   -0.19790E+01    0.18972E+01    0.43472E+01
    0.73074E+01    0.46401E+01    0.96830E+00
  
  Krr Tensor (A^3)
    0.80209E+04    0.21154E+02    0.32335E+04
    0.23773E+02    0.14287E+05    0.12613E+03
    0.32329E+04    0.12663E+03    0.12057E+05
  
 Raw Dtt tensor (no rot/trans coupling correction)
    0.67405E-01   -0.24126E-03   -0.44151E-02
   -0.24081E-03    0.61786E-01   -0.35074E-03
   -0.44148E-02   -0.35023E-03    0.61577E-01
  
 Raw Drr tensor (no rot/trans coupling correction)
    0.13978E-03    0.12530E-06   -0.37488E-04
    0.98295E-07    0.70002E-04   -0.75863E-06
   -0.37481E-04   -0.76879E-06    0.92996E-04
  
 Raw Dtt tensor, before CD transformation
    0.67404E-01   -0.24140E-03   -0.43902E-02
   -0.23713E-03    0.61786E-01   -0.40207E-03
   -0.44188E-02   -0.35055E-03    0.61632E-01
  
 Program finished at:                
 Elapsed time CPU_TIME:   51.967999999999996     
