 BEST ver.3.90 SFSU/ARAGON
  
 control gtensor value=   1.0000000000000000     
 true area (A^2)=    4593.7240000000002     
 total area (A^2) =    4385.1081174706733     
 centroid coords =   0.79273594013999793      -0.16241708906589492       0.57034467776973241     
  
 first few rows of gr matrix
   6.1790423376983856       0.98033829525335792       0.50266254625432738       0.37020605024112468       -1.7146771815392668E-002
  0.98033829525335792        5.4564881314441838      -0.47703577256896157       -1.7146771815392668E-002  0.38906507480306846     
  0.50266254625432805      -0.47703577256896201        6.5232487344713146        5.9790988303248201E-002  -9.6618822177441624E-002
  0.89255629104432677       -3.3924167237418229E-002  0.17523982339475369        3.3142409608871128       0.54977260998561039     
  -3.3924167237418229E-002  0.89151116444553002      -0.18787758752824538       0.54977260998561039        3.6301389299505686     
  0.17523982339475369      -0.18787758752824538        1.5490775029076365       0.28436271563252369      -0.34933886173686890     
  0.50360305611092027        2.1550332716668910E-002  -1.8084591955953477E-002  0.39476304941171642       0.10798539440400777     
   2.1550332716668910E-002  0.69742368764808049      -0.23606309105591741       0.10798539440400777       0.60921875213760612     
  -1.8084591955953477E-002 -0.23606309105591741       0.78206236980043731       -3.8601910472255252E-002  -9.7566482426890283E-002
 first few columns of gr matrix
   6.1790423376983856       0.98033829525335792       0.50266254625432805       0.89255629104432677       -3.3924167237418229E-002
  0.98033829525335792        5.4564881314441838      -0.47703577256896201       -3.3924167237418229E-002  0.89151116444553002     
  0.50266254625432738      -0.47703577256896157        6.5232487344713146       0.17523982339475369      -0.18787758752824538     
  0.37020605024112468       -1.7146771815392668E-002   5.9790988303248201E-002   3.3142409608871128       0.54977260998561039     
  -1.7146771815392668E-002  0.38906507480306846       -9.6618822177441624E-002  0.54977260998561039        3.6301389299505686     
   5.9790988303248201E-002  -9.6618822177441624E-002  0.67202228868420866       0.28436271563252391      -0.34933886173686846     
  0.57464004129218538        3.3404706154972257E-002  -3.4717221979561605E-002   1.1200223512253860       0.27865092704572131     
   3.3404706154972257E-002  0.81271074248048247      -0.27358017043626448       0.27865092704572131        1.7125578639311547     
  -3.4717221979561605E-002 -0.27358017043626448       0.88383455747627238      -0.11597445971191510      -0.32172306551470670     
  
 about to enter dgetrf
 Just out of dgetrf:                 
  
  **** TRANSLATION/ROTATION FLOWS ****
     U(X-Z) =     1.000     0.000     0.000 A/SEC
  OMGA(X-Z) =     0.000     0.000     0.000 RAD/S

 FTOTH(X-Z) =   -0.12616E+02   -0.50844E-01   -0.31280E-01
 TTOTH(X-Z) =   -0.49913E+00    0.12390E+01   -0.20618E+01

     U(X-Z) =     0.000     1.000     0.000 A/SEC
  OMGA(X-Z) =     0.000     0.000     0.000 RAD/S

 FTOTH(X-Z) =   -0.50789E-01   -0.13070E+02   -0.65335E-01
 TTOTH(X-Z) =   -0.11235E+01   -0.81637E+00   -0.32463E+00

     U(X-Z) =     0.000     0.000     1.000 A/SEC
  OMGA(X-Z) =     0.000     0.000     0.000 RAD/S

 FTOTH(X-Z) =   -0.31144E-01   -0.65223E-01   -0.13150E+02
 TTOTH(X-Z) =    0.23265E+01   -0.83981E-01    0.12919E+01

     U(X-Z) =     0.000     0.000     0.000 A/SEC
  OMGA(X-Z) =     1.000     0.000     0.000 RAD/S

 FTOTH(X-Z) =   -0.50276E+00   -0.10682E+01    0.23873E+01
 TTOTH(X-Z) =   -0.47826E+04   -0.56880E+02   -0.99214E+02

     U(X-Z) =     0.000     0.000     0.000 A/SEC
  OMGA(X-Z) =     0.000     1.000     0.000 RAD/S

 FTOTH(X-Z) =    0.11775E+01   -0.81151E+00   -0.14317E+00
 TTOTH(X-Z) =   -0.57315E+02   -0.55314E+04   -0.12928E+03

     U(X-Z) =     0.000     0.000     0.000 A/SEC
  OMGA(X-Z) =     0.000     0.000     1.000 RAD/S

 FTOTH(X-Z) =   -0.21209E+01   -0.28568E+00    0.13044E+01
 TTOTH(X-Z) =   -0.10122E+03   -0.12870E+03   -0.56717E+04

 I,J,Ktt,Ktr,Krt,Krr=    1    1  0.1262E+02  0.4991E+00  0.5028E+00  0.4783E+04
 I,J,Ktt,Ktr,Krt,Krr=    1    2  0.5079E-01  0.1123E+01 -0.1178E+01  0.5732E+02
 I,J,Ktt,Ktr,Krt,Krr=    1    3  0.3114E-01 -0.2327E+01  0.2121E+01  0.1012E+03
 I,J,Ktt,Ktr,Krt,Krr=    2    1  0.5084E-01 -0.1239E+01  0.1068E+01  0.5688E+02
 I,J,Ktt,Ktr,Krt,Krr=    2    2  0.1307E+02  0.8164E+00  0.8115E+00  0.5531E+04
 I,J,Ktt,Ktr,Krt,Krr=    2    3  0.6522E-01  0.8398E-01  0.2857E+00  0.1287E+03
 I,J,Ktt,Ktr,Krt,Krr=    3    1  0.3128E-01  0.2062E+01 -0.2387E+01  0.9921E+02
 I,J,Ktt,Ktr,Krt,Krr=    3    2  0.6534E-01  0.3246E+00  0.1432E+00  0.1293E+03
 I,J,Ktt,Ktr,Krt,Krr=    3    3  0.1315E+02 -0.1292E+01 -0.1304E+01  0.5672E+04
  
  Friction Tensors in Center of Resistance
  
  Ktt Tensor (A)
    0.12616E+02    0.50789E-01    0.31144E-01
    0.50844E-01    0.13070E+02    0.65223E-01
    0.31280E-01    0.65335E-01    0.13150E+02
  
  Symmetric Krt Tensor (A^2)
    0.50094E+00   -0.12083E+01    0.20913E+01
    0.10959E+01    0.81394E+00    0.30516E+00
   -0.23569E+01    0.11358E+00   -0.12981E+01
  
  Krr Tensor (A^3)
    0.47826E+04    0.57315E+02    0.10122E+03
    0.56880E+02    0.55314E+04    0.12870E+03
    0.99214E+02    0.12928E+03    0.56717E+04
  
 Raw Dtt tensor (no rot/trans coupling correction)
    0.79269E-01   -0.30710E-03   -0.18622E-03
   -0.30743E-03    0.76513E-01   -0.37878E-03
   -0.18703E-03   -0.37943E-03    0.76050E-01
  
 Raw Drr tensor (no rot/trans coupling correction)
    0.20919E-03   -0.20815E-05   -0.36860E-05
   -0.20671E-05    0.18090E-03   -0.40682E-05
   -0.36123E-05   -0.40871E-05    0.17647E-03
  
 Raw Dtt tensor, before CD transformation
    0.79269E-01   -0.30712E-03   -0.18114E-03
   -0.30742E-03    0.76513E-01   -0.38183E-03
   -0.18705E-03   -0.37947E-03    0.76057E-01
  
 Program finished at:                
 Elapsed time CPU_TIME:   71.384000000000000     
