 BEST ver.3.90 SFSU/ARAGON
  
 control gtensor value=   1.0000000000000000     
 true area (A^2)=    4593.7240000000002     
 total area (A^2) =    4394.9185915135686     
 centroid coords =   0.87361501561802879      -0.17812505577867066       0.48319187862561325     
  
 first few rows of gr matrix
   6.1721419594431168       0.97924351313573044       0.50210120332862085       0.36937966477555023       -1.7108496257765886E-002
  0.97924351313573021        5.4503946577318185      -0.47650304806375221       -1.7108496257765886E-002  0.38819659163600390     
  0.50210120332862063      -0.47650304806375177        6.5159639674700536        5.9657520998556569E-002  -9.6403146635952633E-002
  0.89056389911651412       -3.3848440655643922E-002  0.17484864760778313        3.3105398183784054       0.54915865740915382     
  -3.3848440655643922E-002  0.88952110548183472      -0.18745820133091073       0.54915865740915382        3.6260850118242969     
  0.17484864760778313      -0.18745820133091073        1.5456196039007972       0.28404515666588781      -0.34894874136651055     
  0.50247889769773890        2.1502227393366487E-002  -1.8044222967025528E-002  0.39388184704841900       0.10774434604628459     
   2.1502227393366487E-002  0.69586687678979031      -0.23553614367815234       0.10774434604628459       0.60785883508116223     
  -1.8044222967025528E-002 -0.23553614367815234       0.78031662584202477       -3.8515742086468706E-002  -9.7348691488702357E-002
 first few columns of gr matrix
   6.1721419594431168       0.97924351313573021       0.50210120332862063       0.89056389911651412       -3.3848440655643922E-002
  0.97924351313573044        5.4503946577318185      -0.47650304806375177       -3.3848440655643922E-002  0.88952110548183472     
  0.50210120332862085      -0.47650304806375221        6.5159639674700536       0.17484864760778313      -0.18745820133091073     
  0.36937966477555023       -1.7108496257765886E-002   5.9657520998556569E-002   3.3105398183784054       0.54915865740915382     
  -1.7108496257765886E-002  0.38819659163600390       -9.6403146635952633E-002  0.54915865740915382        3.6260850118242969     
   5.9657520998556569E-002  -9.6403146635952633E-002  0.67052217961913840       0.28404515666588792      -0.34894874136651055     
  0.57335731191012185        3.3330139130391623E-002  -3.4639725116313892E-002   1.1175222024796541       0.27802891377519301     
   3.3330139130391623E-002  0.81089658427084210      -0.27296947626643375       0.27802891377519301        1.7087350389751910     
  -3.4639725116313892E-002 -0.27296947626643375       0.88186163447353783      -0.11571557791400425      -0.32100490527635095     
  
 about to enter dgetrf
 Just out of dgetrf:                 
  
  **** TRANSLATION/ROTATION FLOWS ****
     U(X-Z) =     1.000     0.000     0.000 A/SEC
  OMGA(X-Z) =     0.000     0.000     0.000 RAD/S

 FTOTH(X-Z) =   -0.12625E+02   -0.50616E-01   -0.29519E-01
 TTOTH(X-Z) =   -0.47846E+00   -0.32204E-01   -0.18894E+01

     U(X-Z) =     0.000     1.000     0.000 A/SEC
  OMGA(X-Z) =     0.000     0.000     0.000 RAD/S

 FTOTH(X-Z) =   -0.50563E-01   -0.13078E+02   -0.66891E-01
 TTOTH(X-Z) =    0.18731E+00   -0.81561E+00    0.71722E+00

     U(X-Z) =     0.000     0.000     1.000 A/SEC
  OMGA(X-Z) =     0.000     0.000     0.000 RAD/S

 FTOTH(X-Z) =   -0.29460E-01   -0.66782E-01   -0.13161E+02
 TTOTH(X-Z) =    0.21649E+01   -0.11490E+01    0.12789E+01

     U(X-Z) =     0.000     0.000     0.000 A/SEC
  OMGA(X-Z) =     1.000     0.000     0.000 RAD/S

 FTOTH(X-Z) =   -0.48679E+00    0.18571E+00    0.21986E+01
 TTOTH(X-Z) =   -0.47952E+04   -0.55562E+02   -0.99207E+02

     U(X-Z) =     0.000     0.000     0.000 A/SEC
  OMGA(X-Z) =     0.000     1.000     0.000 RAD/S

 FTOTH(X-Z) =   -0.38992E-01   -0.81333E+00   -0.11829E+01
 TTOTH(X-Z) =   -0.56160E+02   -0.55417E+04   -0.13283E+03

     U(X-Z) =     0.000     0.000     0.000 A/SEC
  OMGA(X-Z) =     0.000     0.000     1.000 RAD/S

 FTOTH(X-Z) =   -0.19351E+01    0.75335E+00    0.12917E+01
 TTOTH(X-Z) =   -0.10030E+03   -0.13243E+03   -0.56847E+04

 I,J,Ktt,Ktr,Krt,Krr=    1    1  0.1263E+02  0.4785E+00  0.4868E+00  0.4795E+04
 I,J,Ktt,Ktr,Krt,Krr=    1    2  0.5056E-01 -0.1873E+00  0.3899E-01  0.5616E+02
 I,J,Ktt,Ktr,Krt,Krr=    1    3  0.2946E-01 -0.2165E+01  0.1935E+01  0.1003E+03
 I,J,Ktt,Ktr,Krt,Krr=    2    1  0.5062E-01  0.3220E-01 -0.1857E+00  0.5556E+02
 I,J,Ktt,Ktr,Krt,Krr=    2    2  0.1308E+02  0.8156E+00  0.8133E+00  0.5542E+04
 I,J,Ktt,Ktr,Krt,Krr=    2    3  0.6678E-01  0.1149E+01 -0.7534E+00  0.1324E+03
 I,J,Ktt,Ktr,Krt,Krr=    3    1  0.2952E-01  0.1889E+01 -0.2199E+01  0.9921E+02
 I,J,Ktt,Ktr,Krt,Krr=    3    2  0.6689E-01 -0.7172E+00  0.1183E+01  0.1328E+03
 I,J,Ktt,Ktr,Krt,Krr=    3    3  0.1316E+02 -0.1279E+01 -0.1292E+01  0.5685E+04
  
  Friction Tensors in Center of Resistance
  
  Ktt Tensor (A)
    0.12625E+02    0.50563E-01    0.29460E-01
    0.50616E-01    0.13078E+02    0.66782E-01
    0.29519E-01    0.66891E-01    0.13161E+02
  
  Symmetric Krt Tensor (A^2)
    0.48263E+00    0.35598E-01    0.19123E+01
   -0.18651E+00    0.81447E+00   -0.73529E+00
   -0.21817E+01    0.11660E+01   -0.12853E+01
  
  Krr Tensor (A^3)
    0.47952E+04    0.56160E+02    0.10030E+03
    0.55562E+02    0.55417E+04    0.13243E+03
    0.99207E+02    0.13283E+03    0.56847E+04
  
 Raw Dtt tensor (no rot/trans coupling correction)
    0.79208E-01   -0.30533E-03   -0.17576E-03
   -0.30565E-03    0.76465E-01   -0.38733E-03
   -0.17611E-03   -0.38796E-03    0.75986E-01
  
 Raw Drr tensor (no rot/trans coupling correction)
    0.20864E-03   -0.20273E-05   -0.36339E-05
   -0.20060E-05    0.18057E-03   -0.41711E-05
   -0.35942E-05   -0.41838E-05    0.17607E-03
  
 Raw Dtt tensor, before CD transformation
    0.79208E-01   -0.30535E-03   -0.17142E-03
   -0.30565E-03    0.76465E-01   -0.38948E-03
   -0.17612E-03   -0.38799E-03    0.75993E-01
  
 Program finished at:                
 Elapsed time CPU_TIME:   93.787999999999997     
