 BEST ver.3.90 SFSU/ARAGON
  
 control gtensor value=   1.0000000000000000     
 true area (A^2)=    8029.6610000000001     
 total area (A^2) =    7427.1075917470262     
 centroid coords =    2.9686892835458414        21.414115209471760        11.415418488160292     
  
 first few rows of gr matrix
   9.4581889223686630       0.49475422068904196        1.4736785175060403        2.7517893646079337      -0.86994827263792418     
  0.49475422068904207        13.172148285726390      -0.20624666051644897      -0.86994827263792418        3.6402196951606696     
   1.4736785175060412      -0.20624666051644808        12.614819385661352        5.2926208013784918E-003  -5.3160161129887099E-002
   2.5912381818293233      -0.82839910913197767        2.8679481634432416E-002   13.478704623571421       -1.5212764535387739     
 -0.82839910913197767        3.0648566861559732       -2.9379692143089293E-002  -1.5212764535387739        10.052362874864960     
   2.8679481634432416E-002  -2.9379692143089293E-002   1.9688647963699490       -6.6899223744217584E-002   2.9386585889202659E-002
   2.3585067642517616      -0.63164247836393350      -0.19729777087342401        7.2774350430631358       0.70958323297324433     
 -0.63164247836393350        1.9829829678381601       0.14492238409221819       0.70958323297324433        5.0829647862538945     
 -0.19729777087342401       0.14492238409221819        1.5566494989482644      -0.67326083151209981      -0.14382345198571750     
 first few columns of gr matrix
   9.4581889223686630       0.49475422068904207        1.4736785175060412        2.5912381818293233      -0.82839910913197767     
  0.49475422068904196        13.172148285726390      -0.20624666051644808      -0.82839910913197767        3.0648566861559732     
   1.4736785175060403      -0.20624666051644897        12.614819385661352        2.8679481634432416E-002  -2.9379692143089293E-002
   2.7517893646079337      -0.86994827263792418        5.2926208013784918E-003   13.478704623571421       -1.5212764535387739     
 -0.86994827263792418        3.6402196951606696       -5.3160161129887099E-002  -1.5212764535387739        10.052362874864960     
   5.2926208013784918E-003  -5.3160161129887099E-002   2.2826790542861750       -6.6899223744215808E-002   2.9386585889202659E-002
   1.3113749972626649      -0.39189449747561811       -6.8592348099870068E-002   3.7730790686793396       -1.2475864004661949E-002
 -0.39189449747561811        1.1892807099616765        5.6803134954652119E-002  -1.2475864004661949E-002   2.2969285009879314     
  -6.8592348099870068E-002   5.6803134954652119E-002  0.88987201875632160      -0.41447728017049973       -3.8785980604953703E-002
  
 about to enter dgetrf
 Just out of dgetrf:                 
  
  **** TRANSLATION/ROTATION FLOWS ****
     U(X-Z) =     1.000     0.000     0.000 A/SEC
  OMGA(X-Z) =     0.000     0.000     0.000 RAD/S

 FTOTH(X-Z) =   -0.17004E+02    0.39912E+00    0.32862E+00
 TTOTH(X-Z) =    0.24071E+01   -0.52200E+01    0.57179E+01

     U(X-Z) =     0.000     1.000     0.000 A/SEC
  OMGA(X-Z) =     0.000     0.000     0.000 RAD/S

 FTOTH(X-Z) =    0.39931E+00   -0.15822E+02    0.30348E+00
 TTOTH(X-Z) =    0.27365E+01    0.95632E-02   -0.10540E+01

     U(X-Z) =     0.000     0.000     1.000 A/SEC
  OMGA(X-Z) =     0.000     0.000     0.000 RAD/S

 FTOTH(X-Z) =    0.32864E+00    0.30339E+00   -0.16635E+02
 TTOTH(X-Z) =   -0.88922E+01    0.46969E+01   -0.24496E+01

     U(X-Z) =     0.000     0.000     0.000 A/SEC
  OMGA(X-Z) =     1.000     0.000     0.000 RAD/S

 FTOTH(X-Z) =    0.24021E+01    0.26979E+01   -0.89441E+01
 TTOTH(X-Z) =   -0.12313E+05    0.11813E+04    0.68092E+03

     U(X-Z) =     0.000     0.000     0.000 A/SEC
  OMGA(X-Z) =     0.000     1.000     0.000 RAD/S

 FTOTH(X-Z) =   -0.51427E+01    0.25040E-01    0.47244E+01
 TTOTH(X-Z) =    0.11841E+04   -0.96656E+04    0.10369E+04

     U(X-Z) =     0.000     0.000     0.000 A/SEC
  OMGA(X-Z) =     0.000     0.000     1.000 RAD/S

 FTOTH(X-Z) =    0.57522E+01   -0.10487E+01   -0.24830E+01
 TTOTH(X-Z) =    0.68282E+03    0.10358E+04   -0.12306E+05

 I,J,Ktt,Ktr,Krt,Krr=    1    1  0.1700E+02 -0.2407E+01 -0.2402E+01  0.1231E+05
 I,J,Ktt,Ktr,Krt,Krr=    1    2 -0.3993E+00 -0.2736E+01  0.5143E+01 -0.1184E+04
 I,J,Ktt,Ktr,Krt,Krr=    1    3 -0.3286E+00  0.8892E+01 -0.5752E+01 -0.6828E+03
 I,J,Ktt,Ktr,Krt,Krr=    2    1 -0.3991E+00  0.5220E+01 -0.2698E+01 -0.1181E+04
 I,J,Ktt,Ktr,Krt,Krr=    2    2  0.1582E+02 -0.9563E-02 -0.2504E-01  0.9666E+04
 I,J,Ktt,Ktr,Krt,Krr=    2    3 -0.3034E+00 -0.4697E+01  0.1049E+01 -0.1036E+04
 I,J,Ktt,Ktr,Krt,Krr=    3    1 -0.3286E+00 -0.5718E+01  0.8944E+01 -0.6809E+03
 I,J,Ktt,Ktr,Krt,Krr=    3    2 -0.3035E+00  0.1054E+01 -0.4724E+01 -0.1037E+04
 I,J,Ktt,Ktr,Krt,Krr=    3    3  0.1664E+02  0.2450E+01  0.2483E+01  0.1231E+05
  
  Friction Tensors in Center of Resistance
  
  Ktt Tensor (A)
    0.17004E+02   -0.39931E+00   -0.32864E+00
   -0.39912E+00    0.15822E+02   -0.30339E+00
   -0.32862E+00   -0.30348E+00    0.16635E+02
  
  Symmetric Krt Tensor (A^2)
   -0.24046E+01    0.51813E+01   -0.57350E+01
   -0.27172E+01   -0.17302E-01    0.10513E+01
    0.89181E+01   -0.47106E+01    0.24663E+01
  
  Krr Tensor (A^3)
    0.12313E+05   -0.11841E+04   -0.68282E+03
   -0.11813E+04    0.96656E+04   -0.10358E+04
   -0.68092E+03   -0.10369E+04    0.12306E+05
  
 Raw Dtt tensor (no rot/trans coupling correction)
    0.58869E-01    0.15086E-02    0.11905E-02
    0.15079E-02    0.63266E-01    0.11836E-02
    0.11904E-02    0.11840E-02    0.60159E-01
  
 Raw Drr tensor (no rot/trans coupling correction)
    0.82546E-04    0.10701E-04    0.54811E-05
    0.10674E-04    0.10579E-03    0.94964E-05
    0.54671E-05    0.95062E-05    0.82367E-04
  
 Raw Dtt tensor, before CD transformation
    0.58869E-01    0.15088E-02    0.11993E-02
    0.15077E-02    0.63266E-01    0.11720E-02
    0.11907E-02    0.11842E-02    0.60170E-01
  
 Program finished at:                
 Elapsed time CPU_TIME:   78.304000000000002     
