 BEST ver.3.90 SFSU/ARAGON
  
 control gtensor value=   1.0000000000000000     
 true area (A^2)=    8029.6610000000001     
 total area (A^2) =    7523.9502475457548     
 centroid coords =    2.8646306878306889        21.476239365079355        11.879669417989426     
  
 first few rows of gr matrix
   5.0271225858080282       0.76181539885779981       0.61376831373822638        2.5811145194252854       0.43047892358337014     
  0.76181539885779981        6.1925525015350393      -0.10297824509916753       0.43047892358337014        3.6950732993318960     
  0.61376831373822704      -0.10297824509916753        6.7496163436012324       0.36927628216770153       0.79557596496877525     
   1.4386937592363442       0.15308529148680222       0.14345736766726025        6.7427039196655727      -0.19068181666778811     
  0.15308529148680222        2.3040765304876474       0.33655269861420811      -0.19068181666778822        9.8965892313569608     
  0.14345736766726025       0.33655269861420811        1.7779437428400038       0.71998664201474494        9.6433272268529865E-002
  0.82337153285062370        2.6126639202741771E-002   1.8679361951012503E-002   2.6450707242319913      -0.20439358500773547     
   2.6126639202741771E-002   1.5616380979356645       -3.2836473082627493E-002 -0.20439358500773547        3.9075661843042679     
   1.8679361951012503E-002  -3.2836473082627493E-002  0.87137286769683953       0.26985763998651219      -0.73939704518403948     
 first few columns of gr matrix
   5.0271225858080282       0.76181539885779981       0.61376831373822704        1.4386937592363442       0.15308529148680222     
  0.76181539885779981        6.1925525015350393      -0.10297824509916753       0.15308529148680222        2.3040765304876474     
  0.61376831373822638      -0.10297824509916753        6.7496163436012324       0.14345736766726025       0.33655269861420811     
   2.5811145194252854       0.43047892358337014       0.36927628216770153        6.7427039196655727      -0.19068181666778822     
  0.43047892358337014        3.6950732993318960       0.79557596496877525      -0.19068181666778811        9.8965892313569608     
  0.36927628216770153       0.79557596496877525        3.2902479291104623       0.71998664201474494        9.6433272268530310E-002
   1.1798598643434566       0.11363050737328464        3.3820535025777384E-003   1.6588703274724748      -0.14457678467587534     
  0.11363050737328464        2.2801441923233026        3.8149432208714612E-002 -0.14457678467587534        2.3872603112270832     
   3.3820535025777384E-003   3.8149432208714612E-002   1.2050968334363574       0.19480578536326315      -0.49039399730177125     
  
 about to enter dgetrf
 Just out of dgetrf:                 
  
  **** TRANSLATION/ROTATION FLOWS ****
     U(X-Z) =     1.000     0.000     0.000 A/SEC
  OMGA(X-Z) =     0.000     0.000     0.000 RAD/S

 FTOTH(X-Z) =   -0.17067E+02    0.40382E+00    0.33154E+00
 TTOTH(X-Z) =    0.25423E+01    0.27115E+01    0.47933E+01

     U(X-Z) =     0.000     1.000     0.000 A/SEC
  OMGA(X-Z) =     0.000     0.000     0.000 RAD/S

 FTOTH(X-Z) =    0.40389E+00   -0.15881E+02    0.30874E+00
 TTOTH(X-Z) =   -0.46721E+01   -0.14660E+00   -0.20326E+01

     U(X-Z) =     0.000     0.000     1.000 A/SEC
  OMGA(X-Z) =     0.000     0.000     0.000 RAD/S

 FTOTH(X-Z) =    0.33172E+00    0.30863E+00   -0.16699E+02
 TTOTH(X-Z) =   -0.73951E+01    0.56952E+01   -0.24604E+01

     U(X-Z) =     0.000     0.000     0.000 A/SEC
  OMGA(X-Z) =     1.000     0.000     0.000 RAD/S

 FTOTH(X-Z) =    0.25517E+01   -0.47325E+01   -0.73526E+01
 TTOTH(X-Z) =   -0.12444E+05    0.11979E+04    0.69346E+03

     U(X-Z) =     0.000     0.000     0.000 A/SEC
  OMGA(X-Z) =     0.000     1.000     0.000 RAD/S

 FTOTH(X-Z) =    0.27611E+01   -0.13914E+00    0.57317E+01
 TTOTH(X-Z) =    0.12025E+04   -0.97646E+04    0.10517E+04

     U(X-Z) =     0.000     0.000     0.000 A/SEC
  OMGA(X-Z) =     0.000     0.000     1.000 RAD/S

 FTOTH(X-Z) =    0.47402E+01   -0.20450E+01   -0.24637E+01
 TTOTH(X-Z) =    0.69621E+03    0.10503E+04   -0.12456E+05

 I,J,Ktt,Ktr,Krt,Krr=    1    1  0.1707E+02 -0.2542E+01 -0.2552E+01  0.1244E+05
 I,J,Ktt,Ktr,Krt,Krr=    1    2 -0.4039E+00  0.4672E+01 -0.2761E+01 -0.1202E+04
 I,J,Ktt,Ktr,Krt,Krr=    1    3 -0.3317E+00  0.7395E+01 -0.4740E+01 -0.6962E+03
 I,J,Ktt,Ktr,Krt,Krr=    2    1 -0.4038E+00 -0.2712E+01  0.4733E+01 -0.1198E+04
 I,J,Ktt,Ktr,Krt,Krr=    2    2  0.1588E+02  0.1466E+00  0.1391E+00  0.9765E+04
 I,J,Ktt,Ktr,Krt,Krr=    2    3 -0.3086E+00 -0.5695E+01  0.2045E+01 -0.1050E+04
 I,J,Ktt,Ktr,Krt,Krr=    3    1 -0.3315E+00 -0.4793E+01  0.7353E+01 -0.6935E+03
 I,J,Ktt,Ktr,Krt,Krr=    3    2 -0.3087E+00  0.2033E+01 -0.5732E+01 -0.1052E+04
 I,J,Ktt,Ktr,Krt,Krr=    3    3  0.1670E+02  0.2460E+01  0.2464E+01  0.1246E+05
  
  Friction Tensors in Center of Resistance
  
  Ktt Tensor (A)
    0.17067E+02   -0.40389E+00   -0.33172E+00
   -0.40382E+00    0.15881E+02   -0.30863E+00
   -0.33154E+00   -0.30874E+00    0.16699E+02
  
  Symmetric Krt Tensor (A^2)
   -0.25470E+01   -0.27363E+01   -0.47667E+01
    0.47023E+01    0.14287E+00    0.20388E+01
    0.73739E+01   -0.57135E+01    0.24620E+01
  
  Krr Tensor (A^3)
    0.12444E+05   -0.12025E+04   -0.69621E+03
   -0.11979E+04    0.97646E+04   -0.10503E+04
   -0.69346E+03   -0.10517E+04    0.12456E+05
  
 Raw Dtt tensor (no rot/trans coupling correction)
    0.58650E-01    0.15148E-02    0.11931E-02
    0.15145E-02    0.63031E-01    0.11950E-02
    0.11924E-02    0.11954E-02    0.59930E-01
  
 Raw Drr tensor (no rot/trans coupling correction)
    0.81687E-04    0.10648E-04    0.54637E-05
    0.10607E-04    0.10473E-03    0.94241E-05
    0.54433E-05    0.94356E-05    0.81384E-04
  
 Raw Dtt tensor, before CD transformation
    0.58651E-01    0.15151E-02    0.12045E-02
    0.15145E-02    0.63031E-01    0.11951E-02
    0.11926E-02    0.11956E-02    0.59939E-01
  
 Program finished at:                
 Elapsed time CPU_TIME:   168.02000000000001     
