 BEST ver.3.90 SFSU/ARAGON
  
 control gtensor value=   1.0000000000000000     
 true area (A^2)=    8029.6610000000001     
 total area (A^2) =    7398.4383070369404     
 centroid coords =    3.0692419467787122        21.313397584033630        11.483347514005597     
  
 first few rows of gr matrix
   9.4764966596703477       0.49571189137796767        1.4765310423802074        2.7624526734688177      -0.87331936173487335     
  0.49571189137796789        13.197644946080000      -0.20664588173216775      -0.87331936173487335        3.6543257119329602     
   1.4765310423802069      -0.20664588173216958        12.639237252688179        5.3131299475413984E-003  -5.3366159170475679E-002
   2.6012793475596463      -0.83160919333187011        2.8790615929293009E-002   13.504794669503136       -1.5242211113271971     
 -0.83160919333187011        3.0767331451172497       -2.9493539785497142E-002  -1.5242211113271971        10.071820724595478     
   2.8790615929293009E-002  -2.9493539785497142E-002   1.9764942369437961       -6.7028717183610156E-002   2.9443468015270504E-002
   2.3676460851609700      -0.63409012167670931      -0.19806230870304323        7.3056354346255397       0.71233290025265705     
 -0.63409012167670931        1.9906671169681367       0.14548396491751892       0.71233290025265705        5.1026615058291389     
 -0.19806230870304323       0.14548396491751892        1.5626815865087851      -0.67586974783494203      -0.14438077439915764     
 first few columns of gr matrix
   9.4764966596703477       0.49571189137796789        1.4765310423802069        2.6012793475596463      -0.83160919333187011     
  0.49571189137796767        13.197644946080000      -0.20664588173216958      -0.83160919333187011        3.0767331451172497     
   1.4765310423802074      -0.20664588173216775        12.639237252688179        2.8790615929293009E-002  -2.9493539785497142E-002
   2.7624526734688177      -0.87331936173487335        5.3131299475413984E-003   13.504794669503136       -1.5242211113271971     
 -0.87331936173487335        3.6543257119329602       -5.3366159170475679E-002  -1.5242211113271971        10.071820724595478     
   5.3131299475413984E-003  -5.3366159170475679E-002   2.2915245393727828       -6.7028717183610156E-002   2.9443468015270063E-002
   1.3164566349810531      -0.39341310646553929       -6.8858146566384240E-002   3.7876999215626768       -1.2524208544727083E-002
 -0.39341310646553929        1.1938892267674015        5.7023249684390764E-002  -1.2524208544727083E-002   2.3058292033281669     
  -6.8858146566384240E-002   5.7023249684390764E-002  0.89332031327504413      -0.41608339846978565       -3.8936278042679934E-002
  
 about to enter dgetrf
 Just out of dgetrf:                 
  
  **** TRANSLATION/ROTATION FLOWS ****
     U(X-Z) =     1.000     0.000     0.000 A/SEC
  OMGA(X-Z) =     0.000     0.000     0.000 RAD/S

 FTOTH(X-Z) =   -0.16978E+02    0.40318E+00    0.33375E+00
 TTOTH(X-Z) =    0.25817E+01   -0.37727E+01    0.67351E+01

     U(X-Z) =     0.000     1.000     0.000 A/SEC
  OMGA(X-Z) =     0.000     0.000     0.000 RAD/S

 FTOTH(X-Z) =    0.40344E+00   -0.15796E+02    0.30237E+00
 TTOTH(X-Z) =    0.13950E+01    0.15512E-01    0.33509E+00

     U(X-Z) =     0.000     0.000     1.000 A/SEC
  OMGA(X-Z) =     0.000     0.000     0.000 RAD/S

 FTOTH(X-Z) =    0.33364E+00    0.30212E+00   -0.16605E+02
 TTOTH(X-Z) =   -0.96526E+01    0.31782E+01   -0.26145E+01

     U(X-Z) =     0.000     0.000     0.000 A/SEC
  OMGA(X-Z) =     1.000     0.000     0.000 RAD/S

 FTOTH(X-Z) =    0.25436E+01    0.14249E+01   -0.97812E+01
 TTOTH(X-Z) =   -0.12263E+05    0.11808E+04    0.68506E+03

     U(X-Z) =     0.000     0.000     0.000 A/SEC
  OMGA(X-Z) =     0.000     1.000     0.000 RAD/S

 FTOTH(X-Z) =   -0.36827E+01    0.60630E-01    0.32108E+01
 TTOTH(X-Z) =    0.11765E+04   -0.96150E+04    0.10344E+04

     U(X-Z) =     0.000     0.000     0.000 A/SEC
  OMGA(X-Z) =     0.000     0.000     1.000 RAD/S

 FTOTH(X-Z) =    0.67934E+01    0.34023E+00   -0.26669E+01
 TTOTH(X-Z) =    0.68348E+03    0.10362E+04   -0.12249E+05

 I,J,Ktt,Ktr,Krt,Krr=    1    1  0.1698E+02 -0.2582E+01 -0.2544E+01  0.1226E+05
 I,J,Ktt,Ktr,Krt,Krr=    1    2 -0.4034E+00 -0.1395E+01  0.3683E+01 -0.1176E+04
 I,J,Ktt,Ktr,Krt,Krr=    1    3 -0.3336E+00  0.9653E+01 -0.6793E+01 -0.6835E+03
 I,J,Ktt,Ktr,Krt,Krr=    2    1 -0.4032E+00  0.3773E+01 -0.1425E+01 -0.1181E+04
 I,J,Ktt,Ktr,Krt,Krr=    2    2  0.1580E+02 -0.1551E-01 -0.6063E-01  0.9615E+04
 I,J,Ktt,Ktr,Krt,Krr=    2    3 -0.3021E+00 -0.3178E+01 -0.3402E+00 -0.1036E+04
 I,J,Ktt,Ktr,Krt,Krr=    3    1 -0.3338E+00 -0.6735E+01  0.9781E+01 -0.6851E+03
 I,J,Ktt,Ktr,Krt,Krr=    3    2 -0.3024E+00 -0.3351E+00 -0.3211E+01 -0.1034E+04
 I,J,Ktt,Ktr,Krt,Krr=    3    3  0.1660E+02  0.2614E+01  0.2667E+01  0.1225E+05
  
  Friction Tensors in Center of Resistance
  
  Ktt Tensor (A)
    0.16978E+02   -0.40344E+00   -0.33364E+00
   -0.40318E+00    0.15796E+02   -0.30212E+00
   -0.33375E+00   -0.30237E+00    0.16605E+02
  
  Symmetric Krt Tensor (A^2)
   -0.25627E+01    0.37277E+01   -0.67643E+01
   -0.14099E+01   -0.38071E-01   -0.33766E+00
    0.97169E+01   -0.31945E+01    0.26407E+01
  
  Krr Tensor (A^3)
    0.12263E+05   -0.11765E+04   -0.68348E+03
   -0.11808E+04    0.96150E+04   -0.10362E+04
   -0.68506E+03   -0.10344E+04    0.12249E+05
  
 Raw Dtt tensor (no rot/trans coupling correction)
    0.58960E-01    0.15291E-02    0.12125E-02
    0.15281E-02    0.63369E-01    0.11837E-02
    0.12129E-02    0.11847E-02    0.60270E-01
  
 Raw Drr tensor (no rot/trans coupling correction)
    0.82886E-04    0.10737E-04    0.55332E-05
    0.10777E-04    0.10636E-03    0.95987E-05
    0.55457E-05    0.95820E-05    0.82758E-04
  
 Raw Dtt tensor, before CD transformation
    0.58960E-01    0.15293E-02    0.12242E-02
    0.15279E-02    0.63369E-01    0.11743E-02
    0.12132E-02    0.11850E-02    0.60286E-01
  
 Program finished at:                
 Elapsed time CPU_TIME:   54.275999999999996     
