 BEST ver.3.90 SFSU/ARAGON
  
 control gtensor value=   1.0000000000000000     
 true area (A^2)=    8029.6610000000001     
 total area (A^2) =    7466.3207733882073     
 centroid coords =    3.0486910156250011        21.387773567708329        11.656173958333344     
  
 first few rows of gr matrix
   5.0464864430548531       0.76474981797731001       0.61613247371383695        2.6010370859757432       0.43380161420368740     
  0.76474981797730957        6.2164054513261799      -0.10337490462031290       0.43380161420368740        3.7235940577719941     
  0.61613247371383650      -0.10337490462031312        6.7756150347247210       0.37212657464857518       0.80171669022089009     
   1.4497984475205727       0.15426689419547285       0.14456465637258312        6.7686759849831395      -0.19141629954830175     
  0.15426689419547285        2.3218607541904412       0.33915041114707578      -0.19141629954830192        9.9347096745797838     
  0.14456465637258312       0.33915041114707578        1.7916669628959612       0.72275994191297133        9.6804721360168947E-002
  0.82972680071476379        2.6328300037369256E-002   1.8823540300631797E-002   2.6654869425507015      -0.20597121543411034     
   2.6328300037369256E-002   1.5736917432503950       -3.3089924378704283E-002 -0.20597121543411034        3.9377270883522040     
   1.8823540300631797E-002  -3.3089924378704283E-002  0.87809863821817957       0.27194056065946937      -0.74510414834781957     
 first few columns of gr matrix
   5.0464864430548531       0.76474981797730957       0.61613247371383650        1.4497984475205727       0.15426689419547285     
  0.76474981797731001        6.2164054513261799      -0.10337490462031312       0.15426689419547285        2.3218607541904412     
  0.61613247371383695      -0.10337490462031290        6.7756150347247210       0.14456465637258312       0.33915041114707578     
   2.6010370859757432       0.43380161420368740       0.37212657464857518        6.7686759849831395      -0.19141629954830192     
  0.43380161420368740        3.7235940577719941       0.80171669022089009      -0.19141629954830175        9.9347096745797838     
  0.37212657464857518       0.80171669022089009        3.3156440062088950       0.72275994191297177        9.6804721360168045E-002
   1.1889667197311944       0.11450757475184117        3.4081581893226397E-003   1.6716744685707972      -0.14569271370292125     
  0.11450757475184117        2.2977436921030781        3.8443892061743340E-002 -0.14569271370292125        2.4056865964870946     
   3.4081581893226397E-003   3.8443892061743340E-002   1.2143984826592782       0.19630941148837514      -0.49417914785346578     
  
 about to enter dgetrf
 Just out of dgetrf:                 
  
  **** TRANSLATION/ROTATION FLOWS ****
     U(X-Z) =     1.000     0.000     0.000 A/SEC
  OMGA(X-Z) =     0.000     0.000     0.000 RAD/S

 FTOTH(X-Z) =   -0.17029E+02    0.40349E+00    0.33430E+00
 TTOTH(X-Z) =    0.26076E+01   -0.12253E+01    0.62306E+01

     U(X-Z) =     0.000     1.000     0.000 A/SEC
  OMGA(X-Z) =     0.000     0.000     0.000 RAD/S

 FTOTH(X-Z) =    0.40351E+00   -0.15847E+02    0.30655E+00
 TTOTH(X-Z) =   -0.10872E+01   -0.77031E-01    0.48391E+00

     U(X-Z) =     0.000     0.000     1.000 A/SEC
  OMGA(X-Z) =     0.000     0.000     0.000 RAD/S

 FTOTH(X-Z) =    0.33452E+00    0.30642E+00   -0.16661E+02
 TTOTH(X-Z) =   -0.91213E+01    0.32911E+01   -0.25714E+01

     U(X-Z) =     0.000     0.000     0.000 A/SEC
  OMGA(X-Z) =     1.000     0.000     0.000 RAD/S

 FTOTH(X-Z) =    0.26151E+01   -0.11392E+01   -0.91774E+01
 TTOTH(X-Z) =   -0.12368E+05    0.11979E+04    0.69398E+03

     U(X-Z) =     0.000     0.000     0.000 A/SEC
  OMGA(X-Z) =     0.000     1.000     0.000 RAD/S

 FTOTH(X-Z) =   -0.11541E+01   -0.77237E-01    0.33200E+01
 TTOTH(X-Z) =    0.12002E+04   -0.97032E+04    0.10471E+04

     U(X-Z) =     0.000     0.000     0.000 A/SEC
  OMGA(X-Z) =     0.000     0.000     1.000 RAD/S

 FTOTH(X-Z) =    0.62728E+01    0.48032E+00   -0.25923E+01
 TTOTH(X-Z) =    0.69554E+03    0.10458E+04   -0.12375E+05

 I,J,Ktt,Ktr,Krt,Krr=    1    1  0.1703E+02 -0.2608E+01 -0.2615E+01  0.1237E+05
 I,J,Ktt,Ktr,Krt,Krr=    1    2 -0.4035E+00  0.1087E+01  0.1154E+01 -0.1200E+04
 I,J,Ktt,Ktr,Krt,Krr=    1    3 -0.3345E+00  0.9121E+01 -0.6273E+01 -0.6955E+03
 I,J,Ktt,Ktr,Krt,Krr=    2    1 -0.4035E+00  0.1225E+01  0.1139E+01 -0.1198E+04
 I,J,Ktt,Ktr,Krt,Krr=    2    2  0.1585E+02  0.7703E-01  0.7724E-01  0.9703E+04
 I,J,Ktt,Ktr,Krt,Krr=    2    3 -0.3064E+00 -0.3291E+01 -0.4803E+00 -0.1046E+04
 I,J,Ktt,Ktr,Krt,Krr=    3    1 -0.3343E+00 -0.6231E+01  0.9177E+01 -0.6940E+03
 I,J,Ktt,Ktr,Krt,Krr=    3    2 -0.3066E+00 -0.4839E+00 -0.3320E+01 -0.1047E+04
 I,J,Ktt,Ktr,Krt,Krr=    3    3  0.1666E+02  0.2571E+01  0.2592E+01  0.1238E+05
  
  Friction Tensors in Center of Resistance
  
  Ktt Tensor (A)
    0.17029E+02   -0.40351E+00   -0.33452E+00
   -0.40349E+00    0.15847E+02   -0.30642E+00
   -0.33430E+00   -0.30655E+00    0.16661E+02
  
  Symmetric Krt Tensor (A^2)
   -0.26113E+01    0.11897E+01   -0.62517E+01
    0.11132E+01    0.77134E-01   -0.48211E+00
    0.91494E+01   -0.33056E+01    0.25818E+01
  
  Krr Tensor (A^3)
    0.12368E+05   -0.12002E+04   -0.69554E+03
   -0.11979E+04    0.97032E+04   -0.10458E+04
   -0.69398E+03   -0.10471E+04    0.12375E+05
  
 Raw Dtt tensor (no rot/trans coupling correction)
    0.58784E-01    0.15202E-02    0.12082E-02
    0.15201E-02    0.63167E-01    0.11922E-02
    0.12074E-02    0.11927E-02    0.60065E-01
  
 Raw Drr tensor (no rot/trans coupling correction)
    0.82206E-04    0.10765E-04    0.55300E-05
    0.10744E-04    0.10541E-03    0.95119E-05
    0.55189E-05    0.95229E-05    0.81920E-04
  
 Raw Dtt tensor, before CD transformation
    0.58784E-01    0.15204E-02    0.12182E-02
    0.15201E-02    0.63167E-01    0.11883E-02
    0.12077E-02    0.11930E-02    0.60079E-01
  
 Program finished at:                
 Elapsed time CPU_TIME:   96.048000000000002     
