 BEST ver.3.90 SFSU/ARAGON
  
 control gtensor value=   1.0000000000000000     
 true area (A^2)=    8208.0190000000002     
 total area (A^2) =    7806.5136395276786     
 centroid coords =    5.2404732845894237        25.394431289838710       -13.314302962129700     
  
 first few rows of gr matrix
   6.8523035953447131        1.0337496534615598      -0.91452447906921264        1.0225505051748505       0.14140667752600675     
   1.0337496534615598        7.9152880157557481       0.62775631182588509       0.14140667752600675        1.1328544842637387     
 -0.91452447906921264       0.62775631182588554        7.9691142788090268       0.21661618920367745       0.35087375208341431     
   1.2416105775077289       0.19087335668701264       0.31074399292476279        7.6531739013862028       0.80134358958978491     
  0.19087335668701264        1.2909849956917105       0.36799122923093591       0.80134358958978424        5.5198981173130779     
  0.31074399292476279       0.36799122923093591        1.7096702006242159        2.4206303864544233E-002   7.5497379725835867E-002
  0.64828972861936995      -0.12746992975137550       0.18217644293352264       0.59399485018684328      -0.18810894121170593     
 -0.12746992975137550       0.55424277746816408      -0.12567925453681753      -0.18810894121170593       0.72367154892072250     
  0.18217644293352264      -0.12567925453681753       0.64489272941976628        8.0054671499087418E-002 -0.11248977576615460     
 first few columns of gr matrix
   6.8523035953447131        1.0337496534615598      -0.91452447906921264        1.2416105775077289       0.19087335668701264     
   1.0337496534615598        7.9152880157557481       0.62775631182588554       0.19087335668701264        1.2909849956917105     
 -0.91452447906921264       0.62775631182588509        7.9691142788090268       0.31074399292476279       0.36799122923093591     
   1.0225505051748505       0.14140667752600675       0.21661618920367745        7.6531739013862028       0.80134358958978424     
  0.14140667752600675        1.1328544842637387       0.35087375208341431       0.80134358958978491        5.5198981173130779     
  0.21661618920367745       0.35087375208341431        1.4867058984063752        2.4206303864544226E-002   7.5497379725835964E-002
  0.37910326519087345       -7.6187374620021273E-002  0.10712591803909326       0.41200629910714720      -0.13167721250463071     
  -7.6187374620021273E-002  0.32962853441901990       -7.7915647859338424E-002 -0.13167721250463071       0.50784132507293045     
  0.10712591803909326       -7.7915647859338424E-002  0.38466537002288942        5.5137461617752001E-002  -7.9565553753495014E-002
  
 about to enter dgetrf
 Just out of dgetrf:                 
  
  **** TRANSLATION/ROTATION FLOWS ****
     U(X-Z) =     1.000     0.000     0.000 A/SEC
  OMGA(X-Z) =     0.000     0.000     0.000 RAD/S

 FTOTH(X-Z) =   -0.17908E+02    0.47848E+00    0.10645E+00
 TTOTH(X-Z) =   -0.31070E+00    0.11419E+02   -0.36532E+01

     U(X-Z) =     0.000     1.000     0.000 A/SEC
  OMGA(X-Z) =     0.000     0.000     0.000 RAD/S

 FTOTH(X-Z) =    0.47843E+00   -0.16526E+02    0.46835E+00
 TTOTH(X-Z) =   -0.10693E+02    0.12346E+01   -0.14727E+01

     U(X-Z) =     0.000     0.000     1.000 A/SEC
  OMGA(X-Z) =     0.000     0.000     0.000 RAD/S

 FTOTH(X-Z) =    0.10663E+00    0.46848E+00   -0.17470E+02
 TTOTH(X-Z) =   -0.70031E+01   -0.15396E+00   -0.10074E+01

     U(X-Z) =     0.000     0.000     0.000 A/SEC
  OMGA(X-Z) =     1.000     0.000     0.000 RAD/S

 FTOTH(X-Z) =   -0.31265E+00   -0.10693E+02   -0.69623E+01
 TTOTH(X-Z) =   -0.15169E+05    0.16756E+04    0.54975E+03

     U(X-Z) =     0.000     0.000     0.000 A/SEC
  OMGA(X-Z) =     0.000     1.000     0.000 RAD/S

 FTOTH(X-Z) =    0.11461E+02    0.12559E+01   -0.90679E-01
 TTOTH(X-Z) =    0.16763E+04   -0.10927E+05    0.18517E+04

     U(X-Z) =     0.000     0.000     0.000 A/SEC
  OMGA(X-Z) =     0.000     0.000     1.000 RAD/S

 FTOTH(X-Z) =   -0.37008E+01   -0.15206E+01   -0.10039E+01
 TTOTH(X-Z) =    0.55068E+03    0.18497E+04   -0.14725E+05

 I,J,Ktt,Ktr,Krt,Krr=    1    1  0.1791E+02  0.3107E+00  0.3127E+00  0.1517E+05
 I,J,Ktt,Ktr,Krt,Krr=    1    2 -0.4784E+00  0.1069E+02 -0.1146E+02 -0.1676E+04
 I,J,Ktt,Ktr,Krt,Krr=    1    3 -0.1066E+00  0.7003E+01  0.3701E+01 -0.5507E+03
 I,J,Ktt,Ktr,Krt,Krr=    2    1 -0.4785E+00 -0.1142E+02  0.1069E+02 -0.1676E+04
 I,J,Ktt,Ktr,Krt,Krr=    2    2  0.1653E+02 -0.1235E+01 -0.1256E+01  0.1093E+05
 I,J,Ktt,Ktr,Krt,Krr=    2    3 -0.4685E+00  0.1540E+00  0.1521E+01 -0.1850E+04
 I,J,Ktt,Ktr,Krt,Krr=    3    1 -0.1064E+00  0.3653E+01  0.6962E+01 -0.5497E+03
 I,J,Ktt,Ktr,Krt,Krr=    3    2 -0.4684E+00  0.1473E+01  0.9068E-01 -0.1852E+04
 I,J,Ktt,Ktr,Krt,Krr=    3    3  0.1747E+02  0.1007E+01  0.1004E+01  0.1472E+05
  
  Friction Tensors in Center of Resistance
  
  Ktt Tensor (A)
    0.17908E+02   -0.47843E+00   -0.10663E+00
   -0.47848E+00    0.16526E+02   -0.46848E+00
   -0.10645E+00   -0.46835E+00    0.17470E+02
  
  Symmetric Krt Tensor (A^2)
    0.31168E+00   -0.11440E+02    0.36770E+01
    0.10693E+02   -0.12453E+01    0.14966E+01
    0.69827E+01    0.12232E+00    0.10056E+01
  
  Krr Tensor (A^3)
    0.15169E+05   -0.16763E+04   -0.55068E+03
   -0.16756E+04    0.10927E+05   -0.18497E+04
   -0.54975E+03   -0.18517E+04    0.14725E+05
  
 Raw Dtt tensor (no rot/trans coupling correction)
    0.55887E-01    0.16288E-02    0.38479E-03
    0.16290E-02    0.60603E-01    0.16351E-02
    0.38420E-03    0.16346E-02    0.57288E-01
  
 Raw Drr tensor (no rot/trans coupling correction)
    0.67279E-04    0.10981E-04    0.38955E-05
    0.10976E-04    0.95297E-04    0.12381E-04
    0.38920E-05    0.12394E-04    0.69615E-04
  
 Raw Dtt tensor, before CD transformation
    0.55887E-01    0.16291E-02    0.39378E-03
    0.16289E-02    0.60602E-01    0.16241E-02
    0.38423E-03    0.16348E-02    0.57292E-01
  
 Program finished at:                
 Elapsed time CPU_TIME:   198.39600000000002     
