 BEST ver.3.90 SFSU/ARAGON
  
 control gtensor value=   1.0000000000000000     
 true area (A^2)=    8208.0190000000002     
 total area (A^2) =    7838.2209740319086     
 centroid coords =    5.3235871932390637        25.386718186250587       -13.304265642775865     
  
 first few rows of gr matrix
   4.1193201770737167      -0.67091400655618028       -1.8659352857260919E-002   1.6512248752478722      -0.17910304377272282     
 -0.67091400655618028        3.7953317479467077       -9.6562885518532232E-002 -0.17910304377272282        2.0634849580379737     
  -1.8659352857260933E-002  -9.6562885518532454E-002   5.1375578183637991       0.14408463800373808      -0.57503099696461801     
   1.0452486928361759      -0.10933557919443107        6.8599507588945549E-002   4.5809889644517758      -0.44050124545684377     
 -0.10933557919443107        1.4165694805191178      -0.36937500123373357      -0.44050124545684366        6.2889174027367689     
   6.8599507588945549E-002 -0.36937500123373357        1.5361860472456157      -0.60235853598513667      -0.31075864275250675     
  0.24700399863137343        2.8300318521946387E-002  -1.2913885946756042E-002  0.62749948870322914       0.13970077445737508     
   2.8300318521946387E-002  0.43648979647730540       -8.9136893270453293E-002  0.13970077445737508        1.0998432971738821     
  -1.2913885946756042E-002  -8.9136893270453293E-002  0.28607460942155755       -2.7992019215700128E-002 -0.10893407565709412     
 first few columns of gr matrix
   4.1193201770737167      -0.67091400655618028       -1.8659352857260933E-002   1.0452486928361759      -0.10933557919443107     
 -0.67091400655618028        3.7953317479467077       -9.6562885518532454E-002 -0.10933557919443107        1.4165694805191178     
  -1.8659352857260919E-002  -9.6562885518532232E-002   5.1375578183637991        6.8599507588945549E-002 -0.36937500123373357     
   1.6512248752478722      -0.17910304377272282       0.14408463800373808        4.5809889644517758      -0.44050124545684366     
 -0.17910304377272282        2.0634849580379737      -0.57503099696461801      -0.44050124545684377        6.2889174027367689     
  0.14408463800373808      -0.57503099696461801        2.4399668632003815      -0.60235853598513667      -0.31075864275250675     
  0.71259940621664686        7.7167552956286065E-002  -3.7063227884788913E-002  0.90641685309638276       0.14466995197758153     
   7.7167552956286065E-002   1.2453902124695650      -0.25928116800911472       0.14466995197758153        1.6318375559158269     
  -3.7063227884788913E-002 -0.25928116800911472       0.83706441582506941       -4.3127184929501773E-002 -0.21474742700652438     
  
 about to enter dgetrf
 Just out of dgetrf:                 
  
  **** TRANSLATION/ROTATION FLOWS ****
     U(X-Z) =     1.000     0.000     0.000 A/SEC
  OMGA(X-Z) =     0.000     0.000     0.000 RAD/S

 FTOTH(X-Z) =   -0.17928E+02    0.48072E+00    0.10538E+00
 TTOTH(X-Z) =   -0.30850E+00    0.11682E+02   -0.35883E+01

     U(X-Z) =     0.000     1.000     0.000 A/SEC
  OMGA(X-Z) =     0.000     0.000     0.000 RAD/S

 FTOTH(X-Z) =    0.48060E+00   -0.16551E+02    0.46849E+00
 TTOTH(X-Z) =   -0.10904E+02    0.12653E+01   -0.26978E+00

     U(X-Z) =     0.000     0.000     1.000 A/SEC
  OMGA(X-Z) =     0.000     0.000     0.000 RAD/S

 FTOTH(X-Z) =    0.10554E+00    0.46851E+00   -0.17494E+02
 TTOTH(X-Z) =   -0.70074E+01   -0.13969E+01   -0.10275E+01

     U(X-Z) =     0.000     0.000     0.000 A/SEC
  OMGA(X-Z) =     1.000     0.000     0.000 RAD/S

 FTOTH(X-Z) =   -0.29958E+00   -0.10918E+02   -0.70256E+01
 TTOTH(X-Z) =   -0.15231E+05    0.16830E+04    0.56040E+03

     U(X-Z) =     0.000     0.000     0.000 A/SEC
  OMGA(X-Z) =     0.000     1.000     0.000 RAD/S

 FTOTH(X-Z) =    0.11689E+02    0.12783E+01   -0.12952E+01
 TTOTH(X-Z) =    0.16854E+04   -0.10968E+05    0.18541E+04

     U(X-Z) =     0.000     0.000     0.000 A/SEC
  OMGA(X-Z) =     0.000     0.000     1.000 RAD/S

 FTOTH(X-Z) =   -0.35775E+01   -0.36709E+00   -0.10326E+01
 TTOTH(X-Z) =    0.56228E+03    0.18518E+04   -0.14780E+05

 I,J,Ktt,Ktr,Krt,Krr=    1    1  0.1793E+02  0.3085E+00  0.2996E+00  0.1523E+05
 I,J,Ktt,Ktr,Krt,Krr=    1    2 -0.4806E+00  0.1090E+02 -0.1169E+02 -0.1685E+04
 I,J,Ktt,Ktr,Krt,Krr=    1    3 -0.1055E+00  0.7007E+01  0.3578E+01 -0.5623E+03
 I,J,Ktt,Ktr,Krt,Krr=    2    1 -0.4807E+00 -0.1168E+02  0.1092E+02 -0.1683E+04
 I,J,Ktt,Ktr,Krt,Krr=    2    2  0.1655E+02 -0.1265E+01 -0.1278E+01  0.1097E+05
 I,J,Ktt,Ktr,Krt,Krr=    2    3 -0.4685E+00  0.1397E+01  0.3671E+00 -0.1852E+04
 I,J,Ktt,Ktr,Krt,Krr=    3    1 -0.1054E+00  0.3588E+01  0.7026E+01 -0.5604E+03
 I,J,Ktt,Ktr,Krt,Krr=    3    2 -0.4685E+00  0.2698E+00  0.1295E+01 -0.1854E+04
 I,J,Ktt,Ktr,Krt,Krr=    3    3  0.1749E+02  0.1028E+01  0.1033E+01  0.1478E+05
  
  Friction Tensors in Center of Resistance
  
  Ktt Tensor (A)
    0.17928E+02   -0.48060E+00   -0.10554E+00
   -0.48072E+00    0.16551E+02   -0.46851E+00
   -0.10538E+00   -0.46849E+00    0.17494E+02
  
  Symmetric Krt Tensor (A^2)
    0.30404E+00   -0.11685E+02    0.35829E+01
    0.10911E+02   -0.12718E+01    0.31843E+00
    0.70165E+01    0.13460E+01    0.10301E+01
  
  Krr Tensor (A^3)
    0.15231E+05   -0.16854E+04   -0.56228E+03
   -0.16830E+04    0.10968E+05   -0.18518E+04
   -0.56040E+03   -0.18541E+04    0.14780E+05
  
 Raw Dtt tensor (no rot/trans coupling correction)
    0.55824E-01    0.16318E-02    0.38049E-03
    0.16322E-02    0.60514E-01    0.16305E-02
    0.37998E-03    0.16304E-02    0.57208E-01
  
 Raw Drr tensor (no rot/trans coupling correction)
    0.67010E-04    0.10960E-04    0.39226E-05
    0.10943E-04    0.94935E-04    0.12311E-04
    0.39137E-05    0.12325E-04    0.69354E-04
  
 Raw Dtt tensor, before CD transformation
    0.55824E-01    0.16319E-02    0.38536E-03
    0.16321E-02    0.60514E-01    0.16207E-02
    0.38000E-03    0.16305E-02    0.57211E-01
  
 Program finished at:                
 Elapsed time CPU_TIME:   287.20800000000003     
