 BEST ver.3.90 SFSU/ARAGON
  
 control gtensor value=   1.0000000000000000     
 true area (A^2)=    8208.0190000000002     
 total area (A^2) =    7651.0465339870898     
 centroid coords =    5.2697366425370582        25.525454670803157       -13.534179248534974     
  
 first few rows of gr matrix
   6.9215719239707809        1.0441995860596576      -0.92376919236472110        1.0433284427553393       0.14428002129165018     
   1.0441995860596571        7.9953018043768216       0.63410215303090456       0.14428002129165018        1.1558737675584883     
 -0.92376919236472155       0.63410215303090456        8.0496721844888395       0.22101776901359382       0.35800340766768740     
   1.2668397539133669       0.19475184940786167       0.31705822313229526        7.7305380399503205       0.80944418384013317     
  0.19475184940786167        1.3172174463355479       0.37546870711827057       0.80944418384013295        5.5756974717129921     
  0.31705822313229526       0.37546870711827057        1.7444102164298096        2.4450999708442722E-002   7.6260565016225995E-002
  0.63108047131596934      -0.15585029965428954       0.15354638972249321       0.51873958006559251      -0.16127623245942480     
 -0.15585029965428954       0.63788819842261324      -0.15525955482457426      -0.16127623245942480       0.75650863043220085     
  0.15354638972249321      -0.15525955482457426       0.63141251960900691        4.4479603474949357E-002  -8.7660182110401802E-002
 first few columns of gr matrix
   6.9215719239707809        1.0441995860596571      -0.92376919236472155        1.2668397539133669       0.19475184940786167     
   1.0441995860596576        7.9953018043768216       0.63410215303090456       0.19475184940786167        1.3172174463355479     
 -0.92376919236472110       0.63410215303090456        8.0496721844888395       0.31705822313229526       0.37546870711827057     
   1.0433284427553393       0.14428002129165018       0.22101776901359382        7.7305380399503205       0.80944418384013295     
  0.14428002129165018        1.1558737675584883       0.35800340766768740       0.80944418384013317        5.5756974717129921     
  0.22101776901359382       0.35800340766768740        1.5169153425377928        2.4450999708442715E-002   7.6260565016226231E-002
   1.4298823961179694      -0.33373271246437874       0.35568782845693597        1.4486775759856825      -0.44282772629322253     
 -0.33373271246437874        1.4296139355054192      -0.34488542073219358      -0.44282772629322253        2.0365275803647767     
  0.35568782845693597      -0.34488542073219358        1.4690199796701340       0.14567754866945357      -0.25947871027071595     
  
 about to enter dgetrf
 Just out of dgetrf:                 
  
  **** TRANSLATION/ROTATION FLOWS ****
     U(X-Z) =     1.000     0.000     0.000 A/SEC
  OMGA(X-Z) =     0.000     0.000     0.000 RAD/S

 FTOTH(X-Z) =   -0.17807E+02    0.48253E+00    0.10758E+00
 TTOTH(X-Z) =   -0.39952E+00    0.77241E+01   -0.52052E+01

     U(X-Z) =     0.000     1.000     0.000 A/SEC
  OMGA(X-Z) =     0.000     0.000     0.000 RAD/S

 FTOTH(X-Z) =    0.48269E+00   -0.16422E+02    0.46811E+00
 TTOTH(X-Z) =   -0.75144E+01    0.15100E+01   -0.15522E+01

     U(X-Z) =     0.000     0.000     1.000 A/SEC
  OMGA(X-Z) =     0.000     0.000     0.000 RAD/S

 FTOTH(X-Z) =    0.10782E+00    0.46806E+00   -0.17360E+02
 TTOTH(X-Z) =   -0.57742E+01   -0.21271E+00   -0.11923E+01

     U(X-Z) =     0.000     0.000     0.000 A/SEC
  OMGA(X-Z) =     1.000     0.000     0.000 RAD/S

 FTOTH(X-Z) =   -0.35978E+00   -0.75381E+01   -0.56195E+01
 TTOTH(X-Z) =   -0.14915E+05    0.16674E+04    0.54369E+03

     U(X-Z) =     0.000     0.000     0.000 A/SEC
  OMGA(X-Z) =     0.000     1.000     0.000 RAD/S

 FTOTH(X-Z) =    0.77764E+01    0.15130E+01   -0.22261E+00
 TTOTH(X-Z) =    0.16690E+04   -0.10728E+05    0.18320E+04

     U(X-Z) =     0.000     0.000     0.000 A/SEC
  OMGA(X-Z) =     0.000     0.000     1.000 RAD/S

 FTOTH(X-Z) =   -0.52920E+01   -0.16584E+01   -0.12126E+01
 TTOTH(X-Z) =    0.54204E+03    0.18305E+04   -0.14462E+05

 I,J,Ktt,Ktr,Krt,Krr=    1    1  0.1781E+02  0.3995E+00  0.3598E+00  0.1492E+05
 I,J,Ktt,Ktr,Krt,Krr=    1    2 -0.4827E+00  0.7514E+01 -0.7776E+01 -0.1669E+04
 I,J,Ktt,Ktr,Krt,Krr=    1    3 -0.1078E+00  0.5774E+01  0.5292E+01 -0.5420E+03
 I,J,Ktt,Ktr,Krt,Krr=    2    1 -0.4825E+00 -0.7724E+01  0.7538E+01 -0.1667E+04
 I,J,Ktt,Ktr,Krt,Krr=    2    2  0.1642E+02 -0.1510E+01 -0.1513E+01  0.1073E+05
 I,J,Ktt,Ktr,Krt,Krr=    2    3 -0.4681E+00  0.2127E+00  0.1658E+01 -0.1831E+04
 I,J,Ktt,Ktr,Krt,Krr=    3    1 -0.1076E+00  0.5205E+01  0.5619E+01 -0.5437E+03
 I,J,Ktt,Ktr,Krt,Krr=    3    2 -0.4681E+00  0.1552E+01  0.2226E+00 -0.1832E+04
 I,J,Ktt,Ktr,Krt,Krr=    3    3  0.1736E+02  0.1192E+01  0.1213E+01  0.1446E+05
  
  Friction Tensors in Center of Resistance
  
  Ktt Tensor (A)
    0.17807E+02   -0.48269E+00   -0.10782E+00
   -0.48253E+00    0.16422E+02   -0.46806E+00
   -0.10758E+00   -0.46811E+00    0.17360E+02
  
  Symmetric Krt Tensor (A^2)
    0.37965E+00   -0.77502E+01    0.52486E+01
    0.75262E+01   -0.15115E+01    0.16053E+01
    0.56968E+01    0.21766E+00    0.12024E+01
  
  Krr Tensor (A^3)
    0.14915E+05   -0.16690E+04   -0.54204E+03
   -0.16674E+04    0.10728E+05   -0.18305E+04
   -0.54369E+03   -0.18320E+04    0.14462E+05
  
 Raw Dtt tensor (no rot/trans coupling correction)
    0.56206E-01    0.16633E-02    0.39394E-03
    0.16627E-02    0.60991E-01    0.16548E-02
    0.39316E-03    0.16550E-02    0.57652E-01
  
 Raw Drr tensor (no rot/trans coupling correction)
    0.68459E-04    0.11334E-04    0.40005E-05
    0.11325E-04    0.97152E-04    0.12721E-04
    0.40083E-05    0.12733E-04    0.70910E-04
  
 Raw Dtt tensor, before CD transformation
    0.56206E-01    0.16636E-02    0.40213E-03
    0.16627E-02    0.60991E-01    0.16438E-02
    0.39322E-03    0.16552E-02    0.57660E-01
  
 Program finished at:                
 Elapsed time CPU_TIME:   46.107999999999997     
