 BEST ver.3.90 SFSU/ARAGON
  
 control gtensor value=   1.0000000000000000     
 true area (A^2)=    8208.0190000000002     
 total area (A^2) =    7684.8182399703855     
 centroid coords =    5.1437365406643787        25.548956328751423       -13.532092210767447     
  
 first few rows of gr matrix
   6.9063464063603384        1.0419026397357580      -0.92173715914151377        1.0387434310722425       0.14364596823975329     
   1.0419026397357585        7.9777143820744181       0.63270730607939751       0.14364596823975329        1.1507941641361519     
 -0.92173715914151377       0.63270730607939774        8.0319651625941795       0.22004648421815257       0.35643012571784433     
   1.2612724993133051       0.19389599283552170       0.31566487891036871        7.7135330236970319       0.80766363358202709     
  0.19389599283552170        1.3114288019038098       0.37381867215494652       0.80766363358202709        5.5634325005505838     
  0.31566487891036871       0.37381867215494652        1.7367442304423846        2.4397214364485706E-002   7.6092813154599856E-002
  0.62830712476910755      -0.15516539985146041       0.15287161468337332       0.51645992685417919      -0.16056748784964528     
 -0.15516539985146041       0.63508493463489057      -0.15457725110926190      -0.16056748784964528       0.75318407723614778     
  0.15287161468337332      -0.15457725110926190       0.62863771384255496        4.4284133387836863E-002  -8.7274950631369877E-002
 first few columns of gr matrix
   6.9063464063603384        1.0419026397357585      -0.92173715914151377        1.2612724993133051       0.19389599283552170     
   1.0419026397357580        7.9777143820744181       0.63270730607939774       0.19389599283552170        1.3114288019038098     
 -0.92173715914151377       0.63270730607939751        8.0319651625941795       0.31566487891036871       0.37381867215494652     
   1.0387434310722425       0.14364596823975329       0.22004648421815257        7.7135330236970319       0.80766363358202709     
  0.14364596823975329        1.1507941641361519       0.35643012571784433       0.80766363358202709        5.5634325005505838     
  0.22004648421815257       0.35643012571784433        1.5102491056340650        2.4397214364485255E-002   7.6092813154599662E-002
   1.4235986342430011      -0.33226609052350642       0.35412472255262106        1.4423112168041066      -0.44088167535140060     
 -0.33226609052350642        1.4233313534075900      -0.34336978709413130      -0.44088167535140060        2.0275778552674115     
  0.35412472255262106      -0.34336978709413130        1.4625642237514105       0.14503735404306134      -0.25833840500407879     
  
 about to enter dgetrf
 Just out of dgetrf:                 
  
  **** TRANSLATION/ROTATION FLOWS ****
     U(X-Z) =     1.000     0.000     0.000 A/SEC
  OMGA(X-Z) =     0.000     0.000     0.000 RAD/S

 FTOTH(X-Z) =   -0.17831E+02    0.47963E+00    0.10312E+00
 TTOTH(X-Z) =   -0.47629E+00    0.75033E+01   -0.58259E+01

     U(X-Z) =     0.000     1.000     0.000 A/SEC
  OMGA(X-Z) =     0.000     0.000     0.000 RAD/S

 FTOTH(X-Z) =    0.47964E+00   -0.16461E+02    0.46794E+00
 TTOTH(X-Z) =   -0.74013E+01    0.14098E+01   -0.31136E+01

     U(X-Z) =     0.000     0.000     1.000 A/SEC
  OMGA(X-Z) =     0.000     0.000     0.000 RAD/S

 FTOTH(X-Z) =    0.10317E+00    0.46794E+00   -0.17397E+02
 TTOTH(X-Z) =   -0.49270E+01    0.14118E+01   -0.10469E+01

     U(X-Z) =     0.000     0.000     0.000 A/SEC
  OMGA(X-Z) =     1.000     0.000     0.000 RAD/S

 FTOTH(X-Z) =   -0.40561E+00   -0.73974E+01   -0.48803E+01
 TTOTH(X-Z) =   -0.14984E+05    0.16757E+04    0.54459E+03

     U(X-Z) =     0.000     0.000     0.000 A/SEC
  OMGA(X-Z) =     0.000     1.000     0.000 RAD/S

 FTOTH(X-Z) =    0.75601E+01    0.13882E+01    0.14154E+01
 TTOTH(X-Z) =    0.16753E+04   -0.10799E+05    0.18326E+04

     U(X-Z) =     0.000     0.000     0.000 A/SEC
  OMGA(X-Z) =     0.000     0.000     1.000 RAD/S

 FTOTH(X-Z) =   -0.59038E+01   -0.31678E+01   -0.10486E+01
 TTOTH(X-Z) =    0.54544E+03    0.18314E+04   -0.14548E+05

 I,J,Ktt,Ktr,Krt,Krr=    1    1  0.1783E+02  0.4763E+00  0.4056E+00  0.1498E+05
 I,J,Ktt,Ktr,Krt,Krr=    1    2 -0.4796E+00  0.7401E+01 -0.7560E+01 -0.1675E+04
 I,J,Ktt,Ktr,Krt,Krr=    1    3 -0.1032E+00  0.4927E+01  0.5904E+01 -0.5454E+03
 I,J,Ktt,Ktr,Krt,Krr=    2    1 -0.4796E+00 -0.7503E+01  0.7397E+01 -0.1676E+04
 I,J,Ktt,Ktr,Krt,Krr=    2    2  0.1646E+02 -0.1410E+01 -0.1388E+01  0.1080E+05
 I,J,Ktt,Ktr,Krt,Krr=    2    3 -0.4679E+00 -0.1412E+01  0.3168E+01 -0.1831E+04
 I,J,Ktt,Ktr,Krt,Krr=    3    1 -0.1031E+00  0.5826E+01  0.4880E+01 -0.5446E+03
 I,J,Ktt,Ktr,Krt,Krr=    3    2 -0.4679E+00  0.3114E+01 -0.1415E+01 -0.1833E+04
 I,J,Ktt,Ktr,Krt,Krr=    3    3  0.1740E+02  0.1047E+01  0.1049E+01  0.1455E+05
  
  Friction Tensors in Center of Resistance
  
  Ktt Tensor (A)
    0.17831E+02   -0.47964E+00   -0.10317E+00
   -0.47963E+00    0.16461E+02   -0.46794E+00
   -0.10312E+00   -0.46794E+00    0.17397E+02
  
  Symmetric Krt Tensor (A^2)
    0.44095E+00   -0.75317E+01    0.58649E+01
    0.73994E+01   -0.13990E+01    0.31407E+01
    0.49037E+01   -0.14136E+01    0.10477E+01
  
  Krr Tensor (A^3)
    0.14984E+05   -0.16753E+04   -0.54544E+03
   -0.16757E+04    0.10799E+05   -0.18314E+04
   -0.54459E+03   -0.18326E+04    0.14548E+05
  
 Raw Dtt tensor (no rot/trans coupling correction)
    0.56127E-01    0.16462E-02    0.37712E-03
    0.16461E-02    0.60845E-01    0.16463E-02
    0.37698E-03    0.16463E-02    0.57527E-01
  
 Raw Drr tensor (no rot/trans coupling correction)
    0.68139E-04    0.11244E-04    0.39701E-05
    0.11246E-04    0.96474E-04    0.12566E-04
    0.39672E-05    0.12573E-04    0.70468E-04
  
 Raw Dtt tensor, before CD transformation
    0.56127E-01    0.16465E-02    0.38875E-03
    0.16460E-02    0.60844E-01    0.16329E-02
    0.37706E-03    0.16467E-02    0.57540E-01
  
 Program finished at:                
 Elapsed time CPU_TIME:   70.131999999999991     
