 BEST ver.3.90 SFSU/ARAGON
  
 control gtensor value=   1.0000000000000000     
 true area (A^2)=    8208.0190000000002     
 total area (A^2) =    7764.4345882716661     
 centroid coords =    5.3273568614576554        25.532893630991438       -13.276338586123833     
  
 first few rows of gr matrix
   6.8708464026937150        1.0365470515050816      -0.91699924554669998        1.0280921778658805       0.14217302551489280     
   1.0365470515050803        7.9367073324491493       0.62945506381349658       0.14217302551489280        1.1389939450792042     
 -0.91699924554669909       0.62945506381349636        7.9906792530922051       0.21779013221585147       0.35277529873571140     
   1.2483394377404977       0.19190778741962158       0.31242805790813333        7.6738839191615709       0.80351208075415914     
  0.19190778741962158        1.2979814386634259       0.36998554338485540       0.80351208075415914        5.5348353433059527     
  0.31242805790813333       0.36998554338485540        1.7189356917794398        2.4271807796608751E-002   7.5701680855832953E-002
  0.62867340346419676      -0.10973389907615681       0.18833404696396025       0.59895630373195730      -0.17466576365249328     
 -0.10973389907615681       0.55908153625163470      -0.13618719506055948      -0.17466576365249328       0.76754544919770573     
  0.18833404696396025      -0.13618719506055948       0.71219021965013707        9.6344851573100757E-002 -0.15383095056763779     
 first few columns of gr matrix
   6.8708464026937150        1.0365470515050803      -0.91699924554669909        1.2483394377404977       0.19190778741962158     
   1.0365470515050816        7.9367073324491493       0.62945506381349636       0.19190778741962158        1.2979814386634259     
 -0.91699924554669998       0.62945506381349658        7.9906792530922051       0.31242805790813333       0.36998554338485540     
   1.0280921778658805       0.14217302551489280       0.21779013221585147        7.6738839191615709       0.80351208075415914     
  0.14217302551489280        1.1389939450792042       0.35277529873571140       0.80351208075415914        5.5348353433059527     
  0.21779013221585147       0.35277529873571140        1.4947630431978525        2.4271807796608751E-002   7.5701680855832745E-002
  0.40574025844410294       -7.3817250392839817E-002  0.12066670735906081       0.45804031516514326      -0.13860333530706917     
  -7.3817250392839817E-002  0.35929637493043243       -8.6914374012902487E-002 -0.13860333530706917       0.57800209411238590     
  0.12066670735906081       -8.6914374012902487E-002  0.45136836183486367        7.2660900867709044E-002 -0.10991451788636104     
  
 about to enter dgetrf
 Just out of dgetrf:                 
  
  **** TRANSLATION/ROTATION FLOWS ****
     U(X-Z) =     1.000     0.000     0.000 A/SEC
  OMGA(X-Z) =     0.000     0.000     0.000 RAD/S

 FTOTH(X-Z) =   -0.17890E+02    0.47883E+00    0.10175E+00
 TTOTH(X-Z) =   -0.35289E+00    0.12172E+02   -0.55629E+01

     U(X-Z) =     0.000     1.000     0.000 A/SEC
  OMGA(X-Z) =     0.000     0.000     0.000 RAD/S

 FTOTH(X-Z) =    0.47880E+00   -0.16510E+02    0.47074E+00
 TTOTH(X-Z) =   -0.11511E+02    0.13325E+01   -0.29067E+00

     U(X-Z) =     0.000     0.000     1.000 A/SEC
  OMGA(X-Z) =     0.000     0.000     0.000 RAD/S

 FTOTH(X-Z) =    0.10195E+00    0.47078E+00   -0.17452E+02
 TTOTH(X-Z) =   -0.51727E+01   -0.14705E+01   -0.10559E+01

     U(X-Z) =     0.000     0.000     0.000 A/SEC
  OMGA(X-Z) =     1.000     0.000     0.000 RAD/S

 FTOTH(X-Z) =   -0.34298E+00   -0.11578E+02   -0.50932E+01
 TTOTH(X-Z) =   -0.15127E+05    0.16750E+04    0.55449E+03

     U(X-Z) =     0.000     0.000     0.000 A/SEC
  OMGA(X-Z) =     0.000     1.000     0.000 RAD/S

 FTOTH(X-Z) =    0.12296E+02    0.13313E+01   -0.14146E+01
 TTOTH(X-Z) =    0.16763E+04   -0.10900E+05    0.18548E+04

     U(X-Z) =     0.000     0.000     0.000 A/SEC
  OMGA(X-Z) =     0.000     0.000     1.000 RAD/S

 FTOTH(X-Z) =   -0.56007E+01   -0.33037E+00   -0.10405E+01
 TTOTH(X-Z) =    0.55504E+03    0.18513E+04   -0.14684E+05

 I,J,Ktt,Ktr,Krt,Krr=    1    1  0.1789E+02  0.3529E+00  0.3430E+00  0.1513E+05
 I,J,Ktt,Ktr,Krt,Krr=    1    2 -0.4788E+00  0.1151E+02 -0.1230E+02 -0.1676E+04
 I,J,Ktt,Ktr,Krt,Krr=    1    3 -0.1019E+00  0.5173E+01  0.5601E+01 -0.5550E+03
 I,J,Ktt,Ktr,Krt,Krr=    2    1 -0.4788E+00 -0.1217E+02  0.1158E+02 -0.1675E+04
 I,J,Ktt,Ktr,Krt,Krr=    2    2  0.1651E+02 -0.1333E+01 -0.1331E+01  0.1090E+05
 I,J,Ktt,Ktr,Krt,Krr=    2    3 -0.4708E+00  0.1470E+01  0.3304E+00 -0.1851E+04
 I,J,Ktt,Ktr,Krt,Krr=    3    1 -0.1018E+00  0.5563E+01  0.5093E+01 -0.5545E+03
 I,J,Ktt,Ktr,Krt,Krr=    3    2 -0.4707E+00  0.2907E+00  0.1415E+01 -0.1855E+04
 I,J,Ktt,Ktr,Krt,Krr=    3    3  0.1745E+02  0.1056E+01  0.1040E+01  0.1468E+05
  
  Friction Tensors in Center of Resistance
  
  Ktt Tensor (A)
    0.17890E+02   -0.47880E+00   -0.10195E+00
   -0.47883E+00    0.16510E+02   -0.47078E+00
   -0.10175E+00   -0.47074E+00    0.17452E+02
  
  Symmetric Krt Tensor (A^2)
    0.34793E+00   -0.12234E+02    0.55818E+01
    0.11544E+02   -0.13319E+01    0.31052E+00
    0.51329E+01    0.14425E+01    0.10482E+01
  
  Krr Tensor (A^3)
    0.15127E+05   -0.16763E+04   -0.55504E+03
   -0.16750E+04    0.10900E+05   -0.18513E+04
   -0.55449E+03   -0.18548E+04    0.14684E+05
  
 Raw Dtt tensor (no rot/trans coupling correction)
    0.55944E-01    0.16329E-02    0.37086E-03
    0.16330E-02    0.60662E-01    0.16460E-02
    0.37024E-03    0.16458E-02    0.57348E-01
  
 Raw Drr tensor (no rot/trans coupling correction)
    0.67475E-04    0.11048E-04    0.39434E-05
    0.11039E-04    0.95561E-04    0.12465E-04
    0.39423E-05    0.12488E-04    0.69825E-04
  
 Raw Dtt tensor, before CD transformation
    0.55944E-01    0.16331E-02    0.37641E-03
    0.16329E-02    0.60661E-01    0.16300E-02
    0.37028E-03    0.16460E-02    0.57355E-01
  
 Program finished at:                
 Elapsed time CPU_TIME:   131.73200000000000     
