 BEST ver.3.90 SFSU/ARAGON
  
 control gtensor value=   1.0000000000000000     
 true area (A^2)=    36111.258000000002     
 total area (A^2) =    31534.698389022880     
 centroid coords =    4.9649496743630672E-002  0.23456937043615453       0.63002980067100989     
  
 first few rows of gr matrix
   11.001082172206576        1.8167776137212028       0.90193813259860933        3.7910660130909868       0.22357264610781943     
   1.8167776137212024        11.432018917230360       -1.3749977635140733       0.22357264610781943        4.0102516689391576     
  0.90193813259860756       -1.3749977635140733        12.287656778774695       0.14342960992837897      -0.53647508187059167     
   3.4865685828518718       0.24017636580622498       0.25375228655697002        11.308331380394296        2.2873350097555525     
  0.24017636580622498        3.6226269888400986      -0.16677423238204478        2.2873350097555516        11.970783635617554     
  0.25375228655697002      -0.16677423238204478        5.8697229267405531       -8.1848951722308660E-003  0.74816769670317651     
   1.8198423141174163       0.57385005191906324       -2.1847112474764497E-002   1.9456616437607084       0.56876009358851232     
  0.57385005191906324        2.7762773497669437       -5.2941194136180425E-002  0.56876009358851232        2.6986680054816805     
  -2.1847112474764497E-002  -5.2941194136180425E-002   1.5907437122201915       0.26684381596566253       0.50231385138153761     
 first few columns of gr matrix
   11.001082172206576        1.8167776137212024       0.90193813259860756        3.4865685828518718       0.24017636580622498     
   1.8167776137212028        11.432018917230360       -1.3749977635140733       0.24017636580622498        3.6226269888400986     
  0.90193813259860933       -1.3749977635140733        12.287656778774695       0.25375228655697002      -0.16677423238204478     
   3.7910660130909868       0.22357264610781943       0.14342960992837897        11.308331380394296        2.2873350097555516     
  0.22357264610781943        4.0102516689391576      -0.53647508187059167        2.2873350097555525        11.970783635617554     
  0.14342960992837897      -0.53647508187059167        6.4191788158821943       -8.1848951722309771E-003  0.74816769670317651     
   2.9420348917192025       0.91467453126854514        5.5549855568142580E-003   2.8749609834073113       0.81859069060977052     
  0.91467453126854514        4.3736233274098053        9.3951282860911089E-002  0.81859069060977052        3.8670559198106047     
   5.5549855568142580E-003   9.3951282860911089E-002   2.6320822283129850       0.38821658251832097       0.74046899179703785     
  
 about to enter dgetrf
 Just out of dgetrf:                 
  
  **** TRANSLATION/ROTATION FLOWS ****
     U(X-Z) =     1.000     0.000     0.000 A/SEC
  OMGA(X-Z) =     0.000     0.000     0.000 RAD/S

 FTOTH(X-Z) =   -0.31389E+02   -0.18948E-01   -0.47576E-03
 TTOTH(X-Z) =    0.66054E+01    0.15935E+02   -0.51041E+01

     U(X-Z) =     0.000     1.000     0.000 A/SEC
  OMGA(X-Z) =     0.000     0.000     0.000 RAD/S

 FTOTH(X-Z) =   -0.19741E-01   -0.32099E+02   -0.13566E-01
 TTOTH(X-Z) =   -0.15392E+02    0.14771E+02   -0.11118E+01

     U(X-Z) =     0.000     0.000     1.000 A/SEC
  OMGA(X-Z) =     0.000     0.000     0.000 RAD/S

 FTOTH(X-Z) =    0.41254E-04   -0.13969E-01   -0.31726E+02
 TTOTH(X-Z) =    0.47868E+01    0.15253E+01   -0.21455E+02

     U(X-Z) =     0.000     0.000     0.000 A/SEC
  OMGA(X-Z) =     1.000     0.000     0.000 RAD/S

 FTOTH(X-Z) =    0.65313E+01   -0.15348E+02    0.47298E+01
 TTOTH(X-Z) =   -0.78473E+05   -0.20014E+03    0.14136E+02

     U(X-Z) =     0.000     0.000     0.000 A/SEC
  OMGA(X-Z) =     0.000     1.000     0.000 RAD/S

 FTOTH(X-Z) =    0.16050E+02    0.14811E+02    0.12772E+01
 TTOTH(X-Z) =   -0.17958E+03   -0.80186E+05    0.65182E+02

     U(X-Z) =     0.000     0.000     0.000 A/SEC
  OMGA(X-Z) =     0.000     0.000     1.000 RAD/S

 FTOTH(X-Z) =   -0.51718E+01   -0.93520E+00   -0.21403E+02
 TTOTH(X-Z) =    0.13831E+02    0.80062E+02   -0.77262E+05

 I,J,Ktt,Ktr,Krt,Krr=    1    1  0.3139E+02 -0.6605E+01 -0.6531E+01  0.7847E+05
 I,J,Ktt,Ktr,Krt,Krr=    1    2  0.1974E-01  0.1539E+02 -0.1605E+02  0.1796E+03
 I,J,Ktt,Ktr,Krt,Krr=    1    3 -0.4125E-04 -0.4787E+01  0.5172E+01 -0.1383E+02
 I,J,Ktt,Ktr,Krt,Krr=    2    1  0.1895E-01 -0.1593E+02  0.1535E+02  0.2001E+03
 I,J,Ktt,Ktr,Krt,Krr=    2    2  0.3210E+02 -0.1477E+02 -0.1481E+02  0.8019E+05
 I,J,Ktt,Ktr,Krt,Krr=    2    3  0.1397E-01 -0.1525E+01  0.9352E+00 -0.8006E+02
 I,J,Ktt,Ktr,Krt,Krr=    3    1  0.4758E-03  0.5104E+01 -0.4730E+01 -0.1414E+02
 I,J,Ktt,Ktr,Krt,Krr=    3    2  0.1357E-01  0.1112E+01 -0.1277E+01 -0.6518E+02
 I,J,Ktt,Ktr,Krt,Krr=    3    3  0.3173E+02  0.2146E+02  0.2140E+02  0.7726E+05
  
  Friction Tensors in Center of Resistance
  
  Ktt Tensor (A)
    0.31389E+02    0.19741E-01   -0.41254E-04
    0.18948E-01    0.32099E+02    0.13969E-01
    0.47576E-03    0.13566E-01    0.31726E+02
  
  Symmetric Krt Tensor (A^2)
   -0.65684E+01   -0.15992E+02    0.51379E+01
    0.15370E+02   -0.14791E+02    0.10235E+01
   -0.47583E+01   -0.14012E+01    0.21429E+02
  
  Krr Tensor (A^3)
    0.78473E+05    0.17958E+03   -0.13831E+02
    0.20014E+03    0.80186E+05   -0.80062E+02
   -0.14136E+02   -0.65182E+02    0.77262E+05
  
 Raw Dtt tensor (no rot/trans coupling correction)
    0.31858E-01   -0.19593E-04    0.50052E-07
   -0.18806E-04    0.31154E-01   -0.13717E-04
   -0.46970E-06   -0.13321E-04    0.31520E-01
  
 Raw Drr tensor (no rot/trans coupling correction)
    0.12743E-04   -0.28538E-07    0.22516E-08
   -0.31804E-07    0.12471E-04    0.12917E-07
    0.23047E-08    0.10516E-07    0.12943E-04
  
 Raw Dtt tensor, before CD transformation
    0.31858E-01   -0.19592E-04   -0.15085E-05
   -0.18806E-04    0.31154E-01   -0.15316E-04
   -0.46969E-06   -0.13324E-04    0.31526E-01
  
 Program finished at:                
 Elapsed time CPU_TIME:   123.30000000000000     
