 BEST ver.3.90 SFSU/ARAGON
  
 control gtensor value=   1.0000000000000000     
 true area (A^2)=    36111.258000000002     
 total area (A^2) =    31903.462897347516     
 centroid coords =   0.12059665489998496        7.7286518742645777E-002  0.19384980669019988     
  
 first few rows of gr matrix
   11.509752244897685       -1.0689773804549354       -7.8363823016867951E-002   2.8111054284082906       -6.4445639672997310E-002
  -1.0689773804549354        16.440424731830923       0.38653867164832889       -6.4445639672997310E-002   3.2335768882873626     
  -7.8363823016867840E-002  0.38653867164832711        17.201708531947201      -0.15268282862161009      -0.17881925737024251     
   4.7011018702087020       -7.7779964209962582E-002 -0.29440330226477462        8.8580166650138299      -0.58336924430042059     
  -7.7779964209962582E-002   5.7710994789389165      -0.79219710830973711      -0.58336924430042036        12.967166563405589     
 -0.29440330226477462      -0.79219710830973711        8.1028965456566091      -0.91612533414311659      -0.16583100537475115     
   3.1122769228514677       0.32006528096013143      -0.47522617760058516        3.7557423067666815       0.83269979771829850     
  0.32006528096013143        4.0707769562066485       -1.1328493614692545       0.83269979771829850        5.5287397872747830     
 -0.47522617760058516       -1.1328493614692545        4.6530929620047363      -0.36342760365993432      -0.56924358634686956     
 first few columns of gr matrix
   11.509752244897685       -1.0689773804549354       -7.8363823016867840E-002   4.7011018702087020       -7.7779964209962582E-002
  -1.0689773804549354        16.440424731830923       0.38653867164832711       -7.7779964209962582E-002   5.7710994789389165     
  -7.8363823016867951E-002  0.38653867164832889        17.201708531947201      -0.29440330226477462      -0.79219710830973711     
   2.8111054284082906       -6.4445639672997310E-002 -0.15268282862161009        8.8580166650138299      -0.58336924430042036     
  -6.4445639672997310E-002   3.2335768882873626      -0.17881925737024251      -0.58336924430042059        12.967166563405589     
 -0.15268282862161009      -0.17881925737024251        5.0892620544433234      -0.91612533414311614      -0.16583100537474982     
   1.5782781643784203       0.16231704775760231      -0.20700327349252981        3.0513767515435757       0.52668851860925459     
  0.16231704775760231        2.0727441432482907      -0.66751403289595701       0.52668851860925459        4.8585266696064746     
 -0.20700327349252981      -0.66751403289595701        2.3592272946817063      -0.25099756583445249      -0.39742981201447652     
  
 about to enter dgetrf
 Just out of dgetrf:                 
  
  **** TRANSLATION/ROTATION FLOWS ****
     U(X-Z) =     1.000     0.000     0.000 A/SEC
  OMGA(X-Z) =     0.000     0.000     0.000 RAD/S

 FTOTH(X-Z) =   -0.31450E+02   -0.15843E-01    0.74197E-02
 TTOTH(X-Z) =    0.60423E+01    0.43940E+01   -0.23700E+01

     U(X-Z) =     0.000     1.000     0.000 A/SEC
  OMGA(X-Z) =     0.000     0.000     0.000 RAD/S

 FTOTH(X-Z) =   -0.16347E-01   -0.32145E+02   -0.58879E-02
 TTOTH(X-Z) =   -0.34645E+01    0.14726E+02    0.91690E+00

     U(X-Z) =     0.000     0.000     1.000 A/SEC
  OMGA(X-Z) =     0.000     0.000     0.000 RAD/S

 FTOTH(X-Z) =    0.76982E-02   -0.59666E-02   -0.31775E+02
 TTOTH(X-Z) =    0.22360E+01   -0.98198E+00   -0.20892E+02

     U(X-Z) =     0.000     0.000     0.000 A/SEC
  OMGA(X-Z) =     1.000     0.000     0.000 RAD/S

 FTOTH(X-Z) =    0.61933E+01   -0.35239E+01    0.23717E+01
 TTOTH(X-Z) =   -0.78839E+05   -0.19867E+03    0.74980E+02

     U(X-Z) =     0.000     0.000     0.000 A/SEC
  OMGA(X-Z) =     0.000     1.000     0.000 RAD/S

 FTOTH(X-Z) =    0.44047E+01    0.14815E+02   -0.11482E+01
 TTOTH(X-Z) =   -0.19106E+03   -0.80520E+05   -0.16093E+02

     U(X-Z) =     0.000     0.000     0.000 A/SEC
  OMGA(X-Z) =     0.000     0.000     1.000 RAD/S

 FTOTH(X-Z) =   -0.25538E+01    0.87434E+00   -0.21072E+02
 TTOTH(X-Z) =    0.82723E+02    0.12906E+02   -0.77545E+05

 I,J,Ktt,Ktr,Krt,Krr=    1    1  0.3145E+02 -0.6042E+01 -0.6193E+01  0.7884E+05
 I,J,Ktt,Ktr,Krt,Krr=    1    2  0.1635E-01  0.3464E+01 -0.4405E+01  0.1911E+03
 I,J,Ktt,Ktr,Krt,Krr=    1    3 -0.7698E-02 -0.2236E+01  0.2554E+01 -0.8272E+02
 I,J,Ktt,Ktr,Krt,Krr=    2    1  0.1584E-01 -0.4394E+01  0.3524E+01  0.1987E+03
 I,J,Ktt,Ktr,Krt,Krr=    2    2  0.3214E+02 -0.1473E+02 -0.1481E+02  0.8052E+05
 I,J,Ktt,Ktr,Krt,Krr=    2    3  0.5967E-02  0.9820E+00 -0.8743E+00 -0.1291E+02
 I,J,Ktt,Ktr,Krt,Krr=    3    1 -0.7420E-02  0.2370E+01 -0.2372E+01 -0.7498E+02
 I,J,Ktt,Ktr,Krt,Krr=    3    2  0.5888E-02 -0.9169E+00  0.1148E+01  0.1609E+02
 I,J,Ktt,Ktr,Krt,Krr=    3    3  0.3178E+02  0.2089E+02  0.2107E+02  0.7754E+05
  
  Friction Tensors in Center of Resistance
  
  Ktt Tensor (A)
    0.31450E+02    0.16347E-01   -0.76982E-02
    0.15843E-01    0.32145E+02    0.59666E-02
   -0.74197E-02    0.58879E-02    0.31775E+02
  
  Symmetric Krt Tensor (A^2)
   -0.61178E+01   -0.43994E+01    0.24619E+01
    0.34942E+01   -0.14770E+02   -0.89562E+00
   -0.23039E+01    0.10651E+01    0.20982E+02
  
  Krr Tensor (A^3)
    0.78839E+05    0.19106E+03   -0.82723E+02
    0.19867E+03    0.80520E+05   -0.12906E+02
   -0.74980E+02    0.16093E+02    0.77545E+05
  
 Raw Dtt tensor (no rot/trans coupling correction)
    0.31796E-01   -0.16171E-04    0.77063E-05
   -0.15673E-04    0.31109E-01   -0.58453E-05
    0.74275E-05   -0.57683E-05    0.31471E-01
  
 Raw Drr tensor (no rot/trans coupling correction)
    0.12684E-04   -0.30100E-07    0.13526E-07
   -0.31294E-07    0.12419E-04    0.20336E-08
    0.12271E-07   -0.26065E-08    0.12896E-04
  
 Raw Dtt tensor, before CD transformation
    0.31796E-01   -0.16171E-04    0.68513E-05
   -0.15673E-04    0.31109E-01   -0.55367E-05
    0.74289E-05   -0.57693E-05    0.31477E-01
  
 Program finished at:                
 Elapsed time CPU_TIME:   187.94800000000001     
