 BEST ver.3.90 SFSU/ARAGON
  
 control gtensor value=   1.0000000000000000     
 true area (A^2)=    36111.258000000002     
 total area (A^2) =    32772.447719536256     
 centroid coords =   0.16193978164448017       0.11605504378483016       0.11736659843057022     
  
 first few rows of gr matrix
   7.6443658406872590       -1.2201442426413034      -0.39938042609983671        3.2833341378994181       0.11498777336015133     
  -1.2201442426413034        9.6896825344385729      -0.52612868072252450       0.11498777336015133        5.3526075114832290     
 -0.39938042609983648      -0.52612868072252472        10.583825130010277      -0.15008457458534055      -0.92875957842672074     
   2.4657874392391803       0.25221715764716179      -0.13579474358865512        9.2044187203680181        1.3467236203871900     
  0.25221715764716179        4.1095017642685283      -0.54690199181456234        1.3467236203871900        12.178289468380093     
 -0.13579474358865512      -0.54690199181456234        2.9266235972414023       -1.0603314816236291       0.43175047521791476     
   1.2799816110963793       0.29566881606565770      -0.22999426510942236        3.6438159029911543       0.50141819181528569     
  0.29566881606565770        1.6983196712489592      -0.43865098870752078       0.50141819181528569        3.6386995277242606     
 -0.22999426510942236      -0.43865098870752078        1.4881547869939911      -0.96243943200443949      -0.42420640564529460     
 first few columns of gr matrix
   7.6443658406872590       -1.2201442426413034      -0.39938042609983648        2.4657874392391803       0.25221715764716179     
  -1.2201442426413034        9.6896825344385729      -0.52612868072252472       0.25221715764716179        4.1095017642685283     
 -0.39938042609983671      -0.52612868072252450        10.583825130010277      -0.13579474358865512      -0.54690199181456234     
   3.2833341378994181       0.11498777336015133      -0.15008457458534055        9.2044187203680181        1.3467236203871900     
  0.11498777336015133        5.3526075114832290      -0.92875957842672074        1.3467236203871900        12.178289468380093     
 -0.15008457458534055      -0.92875957842672074        4.0472902616988611       -1.0603314816236296       0.43175047521791621     
   1.8576565561050167       0.35606570713876551      -0.35766353721855149        3.5909742809186800       0.55276635516412831     
  0.35606570713876551        2.3816757404594373      -0.66502186705413668       0.55276635516412831        3.7098016747606888     
 -0.35766353721855149      -0.66502186705413668        2.4370068223761101      -0.90849147934248342      -0.53196606121919909     
  
 about to enter dgetrf
 Just out of dgetrf:                 
  
  **** TRANSLATION/ROTATION FLOWS ****
     U(X-Z) =     1.000     0.000     0.000 A/SEC
  OMGA(X-Z) =     0.000     0.000     0.000 RAD/S

 FTOTH(X-Z) =   -0.31584E+02   -0.13510E-01    0.20859E-02
 TTOTH(X-Z) =    0.57214E+01    0.12714E+01   -0.29812E+01

     U(X-Z) =     0.000     1.000     0.000 A/SEC
  OMGA(X-Z) =     0.000     0.000     0.000 RAD/S

 FTOTH(X-Z) =   -0.13454E-01   -0.32291E+02   -0.66935E-02
 TTOTH(X-Z) =   -0.99917E+00    0.15093E+02    0.36296E+01

     U(X-Z) =     0.000     0.000     1.000 A/SEC
  OMGA(X-Z) =     0.000     0.000     0.000 RAD/S

 FTOTH(X-Z) =    0.20147E-02   -0.68951E-02   -0.31904E+02
 TTOTH(X-Z) =    0.35395E+01   -0.34986E+01   -0.20912E+02

     U(X-Z) =     0.000     0.000     0.000 A/SEC
  OMGA(X-Z) =     1.000     0.000     0.000 RAD/S

 FTOTH(X-Z) =    0.57847E+01   -0.12146E+01    0.35172E+01
 TTOTH(X-Z) =   -0.79872E+05   -0.21430E+03    0.10890E+02

     U(X-Z) =     0.000     0.000     0.000 A/SEC
  OMGA(X-Z) =     0.000     1.000     0.000 RAD/S

 FTOTH(X-Z) =    0.15233E+01    0.15178E+02   -0.34009E+01
 TTOTH(X-Z) =   -0.21621E+03   -0.81615E+05   -0.31912E+02

     U(X-Z) =     0.000     0.000     0.000 A/SEC
  OMGA(X-Z) =     0.000     0.000     1.000 RAD/S

 FTOTH(X-Z) =   -0.30113E+01    0.35849E+01   -0.20998E+02
 TTOTH(X-Z) =    0.24405E+02   -0.23894E+02   -0.78568E+05

 I,J,Ktt,Ktr,Krt,Krr=    1    1  0.3158E+02 -0.5721E+01 -0.5785E+01  0.7987E+05
 I,J,Ktt,Ktr,Krt,Krr=    1    2  0.1345E-01  0.9992E+00 -0.1523E+01  0.2162E+03
 I,J,Ktt,Ktr,Krt,Krr=    1    3 -0.2015E-02 -0.3540E+01  0.3011E+01 -0.2440E+02
 I,J,Ktt,Ktr,Krt,Krr=    2    1  0.1351E-01 -0.1271E+01  0.1215E+01  0.2143E+03
 I,J,Ktt,Ktr,Krt,Krr=    2    2  0.3229E+02 -0.1509E+02 -0.1518E+02  0.8161E+05
 I,J,Ktt,Ktr,Krt,Krr=    2    3  0.6895E-02  0.3499E+01 -0.3585E+01  0.2389E+02
 I,J,Ktt,Ktr,Krt,Krr=    3    1 -0.2086E-02  0.2981E+01 -0.3517E+01 -0.1089E+02
 I,J,Ktt,Ktr,Krt,Krr=    3    2  0.6693E-02 -0.3630E+01  0.3401E+01  0.3191E+02
 I,J,Ktt,Ktr,Krt,Krr=    3    3  0.3190E+02  0.2091E+02  0.2100E+02  0.7857E+05
  
  Friction Tensors in Center of Resistance
  
  Ktt Tensor (A)
    0.31584E+02    0.13454E-01   -0.20147E-02
    0.13510E-01    0.32291E+02    0.68951E-02
   -0.20859E-02    0.66935E-02    0.31904E+02
  
  Symmetric Krt Tensor (A^2)
   -0.57531E+01   -0.13974E+01    0.29963E+01
    0.11069E+01   -0.15136E+02   -0.36072E+01
   -0.35284E+01    0.34498E+01    0.20955E+02
  
  Krr Tensor (A^3)
    0.79872E+05    0.21621E+03   -0.24405E+02
    0.21430E+03    0.81615E+05    0.23894E+02
   -0.10890E+02    0.31912E+02    0.78568E+05
  
 Raw Dtt tensor (no rot/trans coupling correction)
    0.31662E-01   -0.13192E-04    0.20022E-05
   -0.13247E-04    0.30969E-01   -0.66937E-05
    0.20728E-05   -0.64980E-05    0.31344E-01
  
 Raw Drr tensor (no rot/trans coupling correction)
    0.12520E-04   -0.33168E-07    0.38991E-08
   -0.32875E-07    0.12253E-04   -0.37365E-08
    0.17487E-08   -0.49813E-08    0.12728E-04
  
 Raw Dtt tensor, before CD transformation
    0.31662E-01   -0.13192E-04    0.80385E-06
   -0.13247E-04    0.30969E-01   -0.51996E-05
    0.20732E-05   -0.64992E-05    0.31349E-01
  
 Program finished at:                
 Elapsed time CPU_TIME:   564.43200000000002     
