 BEST ver.3.90 SFSU/ARAGON
  
 control gtensor value=   1.0000000000000000     
 true area (A^2)=    36111.258000000002     
 total area (A^2) =    32181.080726278640     
 centroid coords =   0.17255248941450518       -8.6605489852531109E-002  0.23853547963206581     
  
 first few rows of gr matrix
   7.7142834161725968       -1.2313040339131729      -0.40303327470378236        3.3436694465083696       0.11710081531706296     
  -1.2313040339131724        9.7783071665074228      -0.53094080543189270       0.11710081531706296        5.4509682668934429     
 -0.40303327470378236      -0.53094080543189293        10.680627848230863      -0.15284256349074102      -0.94582667956061417     
   2.5110993203521339       0.25685195855501269      -0.13829013924982839        9.2886049895879843        1.3590411431678411     
  0.25685195855501269        4.1850189205378738      -0.55695198949043090        1.3590411431678420        12.289675617464658     
 -0.13829013924982839      -0.55695198949043090        2.9804039103333881       -1.0700295792750136       0.43569938963030486     
   1.3035028496532006       0.30110209471294697      -0.23422069299669920        3.7107755080107192       0.51063236864731998     
  0.30110209471294697        1.7295283868952489      -0.44671174087702803       0.51063236864731998        3.7055651130468381     
 -0.23422069299669920      -0.44671174087702803        1.5155014640484985      -0.98012544192864903      -0.43200172081075910     
 first few columns of gr matrix
   7.7142834161725968       -1.2313040339131724      -0.40303327470378236        2.5110993203521339       0.25685195855501269     
  -1.2313040339131729        9.7783071665074228      -0.53094080543189293       0.25685195855501269        4.1850189205378738     
 -0.40303327470378236      -0.53094080543189270        10.680627848230863      -0.13829013924982839      -0.55695198949043090     
   3.3436694465083696       0.11710081531706296      -0.15284256349074102        9.2886049895879843        1.3590411431678420     
  0.11710081531706296        5.4509682668934429      -0.94582667956061417        1.3590411431678411        12.289675617464658     
 -0.15284256349074102      -0.94582667956061417        4.1216642049874448       -1.0700295792750136       0.43569938963030574     
   1.8917932832532769       0.36260885304563534      -0.36423604522105929        3.6569628560518419       0.56292411773922568     
  0.36260885304563534        2.4254419655135258      -0.67724246291651347       0.56292411773922568        3.7779738496060937     
 -0.36423604522105929      -0.67724246291651347        2.4817898242073695      -0.92518612919307630      -0.54174159277495670     
  
 about to enter dgetrf
 Just out of dgetrf:                 
  
  **** TRANSLATION/ROTATION FLOWS ****
     U(X-Z) =     1.000     0.000     0.000 A/SEC
  OMGA(X-Z) =     0.000     0.000     0.000 RAD/S

 FTOTH(X-Z) =   -0.31495E+02   -0.12330E-01    0.26491E-02
 TTOTH(X-Z) =    0.61440E+01    0.60601E+01    0.29300E+01

     U(X-Z) =     0.000     1.000     0.000 A/SEC
  OMGA(X-Z) =     0.000     0.000     0.000 RAD/S

 FTOTH(X-Z) =   -0.12779E-01   -0.32202E+02   -0.52139E-02
 TTOTH(X-Z) =   -0.59363E+01    0.14865E+02    0.36485E+01

     U(X-Z) =     0.000     0.000     1.000 A/SEC
  OMGA(X-Z) =     0.000     0.000     0.000 RAD/S

 FTOTH(X-Z) =    0.26894E-02   -0.49609E-02   -0.31824E+02
 TTOTH(X-Z) =   -0.28318E+01   -0.35777E+01   -0.21201E+02

     U(X-Z) =     0.000     0.000     0.000 A/SEC
  OMGA(X-Z) =     1.000     0.000     0.000 RAD/S

 FTOTH(X-Z) =    0.61787E+01   -0.60249E+01   -0.26201E+01
 TTOTH(X-Z) =   -0.79205E+05   -0.20461E+03    0.45131E+01

     U(X-Z) =     0.000     0.000     0.000 A/SEC
  OMGA(X-Z) =     0.000     1.000     0.000 RAD/S

 FTOTH(X-Z) =    0.61587E+01    0.15009E+02   -0.36876E+01
 TTOTH(X-Z) =   -0.19995E+03   -0.80921E+05   -0.35810E+02

     U(X-Z) =     0.000     0.000     0.000 A/SEC
  OMGA(X-Z) =     0.000     0.000     1.000 RAD/S

 FTOTH(X-Z) =    0.26955E+01    0.35897E+01   -0.21240E+02
 TTOTH(X-Z) =    0.94531E+01   -0.17065E+02   -0.77941E+05

 I,J,Ktt,Ktr,Krt,Krr=    1    1  0.3149E+02 -0.6144E+01 -0.6179E+01  0.7921E+05
 I,J,Ktt,Ktr,Krt,Krr=    1    2  0.1278E-01  0.5936E+01 -0.6159E+01  0.2000E+03
 I,J,Ktt,Ktr,Krt,Krr=    1    3 -0.2689E-02  0.2832E+01 -0.2695E+01 -0.9453E+01
 I,J,Ktt,Ktr,Krt,Krr=    2    1  0.1233E-01 -0.6060E+01  0.6025E+01  0.2046E+03
 I,J,Ktt,Ktr,Krt,Krr=    2    2  0.3220E+02 -0.1486E+02 -0.1501E+02  0.8092E+05
 I,J,Ktt,Ktr,Krt,Krr=    2    3  0.4961E-02  0.3578E+01 -0.3590E+01  0.1707E+02
 I,J,Ktt,Ktr,Krt,Krr=    3    1 -0.2649E-02 -0.2930E+01  0.2620E+01 -0.4513E+01
 I,J,Ktt,Ktr,Krt,Krr=    3    2  0.5214E-02 -0.3648E+01  0.3688E+01  0.3581E+02
 I,J,Ktt,Ktr,Krt,Krr=    3    3  0.3182E+02  0.2120E+02  0.2124E+02  0.7794E+05
  
  Friction Tensors in Center of Resistance
  
  Ktt Tensor (A)
    0.31495E+02    0.12779E-01   -0.26894E-02
    0.12330E-01    0.32202E+02    0.49609E-02
   -0.26491E-02    0.52139E-02    0.31824E+02
  
  Symmetric Krt Tensor (A^2)
   -0.61614E+01   -0.61094E+01   -0.28127E+01
    0.59806E+01   -0.14937E+02   -0.36191E+01
    0.27259E+01    0.36327E+01    0.21220E+02
  
  Krr Tensor (A^3)
    0.79205E+05    0.19995E+03   -0.94531E+01
    0.20461E+03    0.80921E+05    0.17065E+02
   -0.45131E+01    0.35810E+02    0.77941E+05
  
 Raw Dtt tensor (no rot/trans coupling correction)
    0.31751E-01   -0.12600E-04    0.26852E-05
   -0.12157E-04    0.31054E-01   -0.48419E-05
    0.26450E-05   -0.50888E-05    0.31423E-01
  
 Raw Drr tensor (no rot/trans coupling correction)
    0.12625E-04   -0.31198E-07    0.15381E-08
   -0.31924E-07    0.12358E-04   -0.27096E-08
    0.74574E-09   -0.56796E-08    0.12830E-04
  
 Raw Dtt tensor, before CD transformation
    0.31751E-01   -0.12600E-04    0.33761E-05
   -0.12157E-04    0.31054E-01   -0.30142E-05
    0.26455E-05   -0.50897E-05    0.31429E-01
  
 Program finished at:                
 Elapsed time CPU_TIME:   274.13999999999999     
