 BEST ver.3.90 SFSU/ARAGON
  
 control gtensor value=   1.0000000000000000     
 true area (A^2)=    36111.258000000002     
 total area (A^2) =    32500.152922835252     
 centroid coords =   0.15818752399230560       0.19479430582213861       0.33808880358285498     
  
 first few rows of gr matrix
   7.6763222953891113       -1.2252449252920674      -0.40104999330285240        3.3108427715881108       0.11595117105383439     
  -1.2252449252920679        9.7301892170647513      -0.52832810546268627       0.11595117105383439        5.3974530596755725     
 -0.40104999330285285      -0.52832810546268605        10.628069680230428      -0.15134202247556089      -0.93654096952331845     
   2.4864464524773608       0.25433029907849886      -0.13693246753064209        9.2428968094632271        1.3523534546033584     
  0.25433029907849886        4.1439322467989088      -0.55148407999827498        1.3523534546033584        12.229199506420256     
 -0.13693246753064209      -0.55148407999827498        2.9511436165571139       -1.0647640841007493       0.43355536195297517     
   1.2907056324079733       0.29814600687619230      -0.23192121732435664        3.6743447473592372       0.50561920480523337     
  0.29814600687619230        1.7125486384391784      -0.44232612162386159       0.50561920480523337        3.6691855057598408     
 -0.23192121732435664      -0.44232612162386159        1.5006229377176601      -0.97050300173895176      -0.42776051806009185     
 first few columns of gr matrix
   7.6763222953891113       -1.2252449252920679      -0.40104999330285285        2.4864464524773608       0.25433029907849886     
  -1.2252449252920674        9.7301892170647513      -0.52832810546268605       0.25433029907849886        4.1439322467989088     
 -0.40104999330285240      -0.52832810546268627        10.628069680230428      -0.13693246753064209      -0.55148407999827498     
   3.3108427715881108       0.11595117105383439      -0.15134202247556089        9.2428968094632271        1.3523534546033584     
  0.11595117105383439        5.3974530596755725      -0.93654096952331845        1.3523534546033584        12.229199506420256     
 -0.15134202247556089      -0.93654096952331845        4.0811995199603786       -1.0647640841007497       0.43355536195297528     
   1.8732204894651419       0.35904891892757590      -0.36066013604642549        3.6210604043317898       0.55739757652053634     
  0.35904891892757590        2.4016300438467422      -0.67059359450173339       0.55739757652053634        3.7408833652139326     
 -0.36066013604642549      -0.67059359450173339        2.4574247040652639      -0.91610305899441502      -0.53642301226294520     
  
 about to enter dgetrf
 Just out of dgetrf:                 
  
  **** TRANSLATION/ROTATION FLOWS ****
     U(X-Z) =     1.000     0.000     0.000 A/SEC
  OMGA(X-Z) =     0.000     0.000     0.000 RAD/S

 FTOTH(X-Z) =   -0.31544E+02   -0.15887E-01   -0.52656E-03
 TTOTH(X-Z) =    0.57269E+01    0.84108E+01   -0.56190E+01

     U(X-Z) =     0.000     1.000     0.000 A/SEC
  OMGA(X-Z) =     0.000     0.000     0.000 RAD/S

 FTOTH(X-Z) =   -0.16031E-01   -0.32258E+02   -0.64155E-02
 TTOTH(X-Z) =   -0.80898E+01    0.15123E+02    0.36091E+01

     U(X-Z) =     0.000     0.000     1.000 A/SEC
  OMGA(X-Z) =     0.000     0.000     0.000 RAD/S

 FTOTH(X-Z) =   -0.54660E-03   -0.64181E-02   -0.31873E+02
 TTOTH(X-Z) =    0.61140E+01   -0.35141E+01   -0.20950E+02

     U(X-Z) =     0.000     0.000     0.000 A/SEC
  OMGA(X-Z) =     1.000     0.000     0.000 RAD/S

 FTOTH(X-Z) =    0.57699E+01   -0.83143E+01    0.61631E+01
 TTOTH(X-Z) =   -0.79621E+05   -0.23127E+03   -0.18706E+01

     U(X-Z) =     0.000     0.000     0.000 A/SEC
  OMGA(X-Z) =     0.000     1.000     0.000 RAD/S

 FTOTH(X-Z) =    0.85446E+01    0.15222E+02   -0.34066E+01
 TTOTH(X-Z) =   -0.23210E+03   -0.81347E+05   -0.25728E+02

     U(X-Z) =     0.000     0.000     0.000 A/SEC
  OMGA(X-Z) =     0.000     0.000     1.000 RAD/S

 FTOTH(X-Z) =   -0.57319E+01    0.35628E+01   -0.21044E+02
 TTOTH(X-Z) =    0.12358E+01   -0.15528E+02   -0.78334E+05

 I,J,Ktt,Ktr,Krt,Krr=    1    1  0.3154E+02 -0.5727E+01 -0.5770E+01  0.7962E+05
 I,J,Ktt,Ktr,Krt,Krr=    1    2  0.1603E-01  0.8090E+01 -0.8545E+01  0.2321E+03
 I,J,Ktt,Ktr,Krt,Krr=    1    3  0.5466E-03 -0.6114E+01  0.5732E+01 -0.1236E+01
 I,J,Ktt,Ktr,Krt,Krr=    2    1  0.1589E-01 -0.8411E+01  0.8314E+01  0.2313E+03
 I,J,Ktt,Ktr,Krt,Krr=    2    2  0.3226E+02 -0.1512E+02 -0.1522E+02  0.8135E+05
 I,J,Ktt,Ktr,Krt,Krr=    2    3  0.6418E-02  0.3514E+01 -0.3563E+01  0.1553E+02
 I,J,Ktt,Ktr,Krt,Krr=    3    1  0.5266E-03  0.5619E+01 -0.6163E+01  0.1871E+01
 I,J,Ktt,Ktr,Krt,Krr=    3    2  0.6415E-02 -0.3609E+01  0.3407E+01  0.2573E+02
 I,J,Ktt,Ktr,Krt,Krr=    3    3  0.3187E+02  0.2095E+02  0.2104E+02  0.7833E+05
  
  Friction Tensors in Center of Resistance
  
  Ktt Tensor (A)
    0.31544E+02    0.16031E-01    0.54660E-03
    0.15887E-01    0.32258E+02    0.64181E-02
    0.52656E-03    0.64155E-02    0.31873E+02
  
  Symmetric Krt Tensor (A^2)
   -0.57484E+01   -0.84777E+01    0.56754E+01
    0.82021E+01   -0.15173E+02   -0.35860E+01
   -0.61386E+01    0.34603E+01    0.20997E+02
  
  Krr Tensor (A^3)
    0.79621E+05    0.23210E+03   -0.12358E+01
    0.23127E+03    0.81347E+05    0.15528E+02
    0.18706E+01    0.25728E+02    0.78334E+05
  
 Raw Dtt tensor (no rot/trans coupling correction)
    0.31702E-01   -0.15755E-04   -0.54048E-06
   -0.15613E-04    0.31001E-01   -0.62422E-05
   -0.52059E-06   -0.62396E-05    0.31375E-01
  
 Raw Drr tensor (no rot/trans coupling correction)
    0.12560E-04   -0.35835E-07    0.20525E-09
   -0.35706E-07    0.12293E-04   -0.24373E-08
   -0.28819E-09   -0.40368E-08    0.12766E-04
  
 Raw Dtt tensor, before CD transformation
    0.31702E-01   -0.15754E-04   -0.29485E-05
   -0.15613E-04    0.31001E-01   -0.52736E-05
   -0.52069E-06   -0.62408E-05    0.31381E-01
  
 Program finished at:                
 Elapsed time CPU_TIME:   409.01200000000000     
