 BEST ver.3.90 SFSU/ARAGON
  
 control gtensor value=   1.0000000000000000     
 true area (A^2)=    26071.638999999999     
 total area (A^2) =    23952.103144160064     
 centroid coords =    57.322760941522546        20.365724040701231        48.924576743900822     
  
 first few rows of gr matrix
   12.474387129980226        1.6193979294157987       0.30042301022504808        1.6208426674440712       0.28596980406225736     
   1.6193979294157987        9.6198161015232539      -0.24993185409684981       0.28596980406225736        1.3596227280379043     
  0.30042301022504830      -0.24993185409684970        13.349542762810021      -0.46016882562898548      -0.28570745295603961     
   2.7000736595200494       0.44365254267085513      -0.73082721521511973        9.3088622996840655        1.4451847147364587     
  0.44365254267085513        2.2224443544021959      -0.45849683664606489        1.4451847147364596        8.1856592824559780     
 -0.73082721521511973      -0.45849683664606489        2.8999410090461208      -0.54186053435018477       0.94272818881623777     
   1.5768550872022846       0.45824047836392079      -0.27260732358100076        1.6399063384724748       0.37005734523977202     
  0.45824047836392079        1.8275759266757232      -0.37101730995530408       0.37005734523977202        2.7619169230911731     
 -0.27260732358100076      -0.37101730995530408        1.4874761165115016       -1.7357967663605593E-002 -0.11055273926399821     
 first few columns of gr matrix
   12.474387129980226        1.6193979294157987       0.30042301022504830        2.7000736595200494       0.44365254267085513     
   1.6193979294157987        9.6198161015232539      -0.24993185409684970       0.44365254267085513        2.2224443544021959     
  0.30042301022504808      -0.24993185409684981        13.349542762810021      -0.73082721521511973      -0.45849683664606489     
   1.6208426674440712       0.28596980406225736      -0.46016882562898548        9.3088622996840655        1.4451847147364596     
  0.28596980406225736        1.3596227280379043      -0.28570745295603961        1.4451847147364587        8.1856592824559780     
 -0.46016882562898548      -0.28570745295603961        1.7129005694397521      -0.54186053435018522       0.94272818881623754     
   1.5970394539922688       0.44901022218046016      -0.30571249712984894        2.7546064939704173       0.71318432613805716     
  0.44901022218046016        1.7794972897449644      -0.37010649172535759       0.71318432613805716        4.2485910522741381     
 -0.30571249712984894      -0.37010649172535759        1.5113805102645479       -7.0892860206724792E-002 -0.21774457803670366     
  
 about to enter dgetrf
 Just out of dgetrf:                 
  
  **** TRANSLATION/ROTATION FLOWS ****
     U(X-Z) =     1.000     0.000     0.000 A/SEC
  OMGA(X-Z) =     0.000     0.000     0.000 RAD/S

 FTOTH(X-Z) =   -0.28520E+02    0.38158E+00   -0.36458E+00
 TTOTH(X-Z) =   -0.11934E+01   -0.13847E+02   -0.16469E+02

     U(X-Z) =     0.000     1.000     0.000 A/SEC
  OMGA(X-Z) =     0.000     0.000     0.000 RAD/S

 FTOTH(X-Z) =    0.38138E+00   -0.28520E+02   -0.36119E+00
 TTOTH(X-Z) =   -0.58391E+01   -0.30466E+00   -0.88285E+01

     U(X-Z) =     0.000     0.000     1.000 A/SEC
  OMGA(X-Z) =     0.000     0.000     0.000 RAD/S

 FTOTH(X-Z) =   -0.36478E+00   -0.36120E+00   -0.26999E+02
 TTOTH(X-Z) =    0.14513E+02    0.73850E+01    0.13404E+01

     U(X-Z) =     0.000     0.000     0.000 A/SEC
  OMGA(X-Z) =     1.000     0.000     0.000 RAD/S

 FTOTH(X-Z) =   -0.11615E+01   -0.60254E+01    0.14673E+02
 TTOTH(X-Z) =   -0.59076E+05    0.26407E+04   -0.40083E+04

     U(X-Z) =     0.000     0.000     0.000 A/SEC
  OMGA(X-Z) =     0.000     1.000     0.000 RAD/S

 FTOTH(X-Z) =   -0.13763E+02   -0.27750E+00    0.75001E+01
 TTOTH(X-Z) =    0.26349E+04   -0.59138E+05   -0.39830E+04

     U(X-Z) =     0.000     0.000     0.000 A/SEC
  OMGA(X-Z) =     0.000     0.000     1.000 RAD/S

 FTOTH(X-Z) =   -0.16584E+02   -0.89174E+01    0.13182E+01
 TTOTH(X-Z) =   -0.40121E+04   -0.39765E+04   -0.46980E+05

 I,J,Ktt,Ktr,Krt,Krr=    1    1  0.2852E+02  0.1193E+01  0.1161E+01  0.5908E+05
 I,J,Ktt,Ktr,Krt,Krr=    1    2 -0.3814E+00  0.5839E+01  0.1376E+02 -0.2635E+04
 I,J,Ktt,Ktr,Krt,Krr=    1    3  0.3648E+00 -0.1451E+02  0.1658E+02  0.4012E+04
 I,J,Ktt,Ktr,Krt,Krr=    2    1 -0.3816E+00  0.1385E+02  0.6025E+01 -0.2641E+04
 I,J,Ktt,Ktr,Krt,Krr=    2    2  0.2852E+02  0.3047E+00  0.2775E+00  0.5914E+05
 I,J,Ktt,Ktr,Krt,Krr=    2    3  0.3612E+00 -0.7385E+01  0.8917E+01  0.3976E+04
 I,J,Ktt,Ktr,Krt,Krr=    3    1  0.3646E+00  0.1647E+02 -0.1467E+02  0.4008E+04
 I,J,Ktt,Ktr,Krt,Krr=    3    2  0.3612E+00  0.8829E+01 -0.7500E+01  0.3983E+04
 I,J,Ktt,Ktr,Krt,Krr=    3    3  0.2700E+02 -0.1340E+01 -0.1318E+01  0.4698E+05
  
  Friction Tensors in Center of Resistance
  
  Ktt Tensor (A)
    0.28520E+02   -0.38138E+00    0.36478E+00
   -0.38158E+00    0.28520E+02    0.36120E+00
    0.36458E+00    0.36119E+00    0.26999E+02
  
  Symmetric Krt Tensor (A^2)
    0.11774E+01    0.13805E+02    0.16527E+02
    0.59323E+01    0.29108E+00    0.88730E+01
   -0.14593E+02   -0.74426E+01   -0.13293E+01
  
  Krr Tensor (A^3)
    0.59076E+05   -0.26349E+04    0.40121E+04
   -0.26407E+04    0.59138E+05    0.39765E+04
    0.40083E+04    0.39830E+04    0.46980E+05
  
 Raw Dtt tensor (no rot/trans coupling correction)
    0.35075E-01    0.47513E-03   -0.48025E-03
    0.47537E-03    0.35075E-01   -0.47566E-03
   -0.48000E-03   -0.47565E-03    0.37051E-01
  
 Raw Drr tensor (no rot/trans coupling correction)
    0.17070E-04    0.86367E-06   -0.15309E-05
    0.86509E-06    0.17050E-04   -0.15170E-05
   -0.15297E-05   -0.15192E-05    0.21545E-04
  
 Raw Dtt tensor, before CD transformation
    0.35075E-01    0.47509E-03   -0.47726E-03
    0.47529E-03    0.35075E-01   -0.46978E-03
   -0.48011E-03   -0.47576E-03    0.37060E-01
  
 Program finished at:                
 Elapsed time CPU_TIME:   421.35599999999999     
