 BEST ver.3.90 SFSU/ARAGON
  
 control gtensor value=   1.0000000000000000     
 true area (A^2)=    26071.638999999999     
 total area (A^2) =    23510.018251117079     
 centroid coords =    57.070257634201184        20.328083574413352        49.168138621022223     
  
 first few rows of gr matrix
   12.591125748185874        1.6345526840851279       0.30323444831217949        1.6513211659982980       0.29134721078700032     
   1.6345526840851288        9.7098408881025762      -0.25227078257396274       0.29134721078700032        1.3851892189645920     
  0.30323444831217994      -0.25227078257396252        13.474471319184728      -0.46882188935215974      -0.29107992640257352     
   2.7508461328642753       0.45199503244606293      -0.74456976819063370        9.3959770982395856        1.4587091360080087     
  0.45199503244606293        2.2642354353029175      -0.46711846010990843        1.4587091360080087        8.2622628497318082     
 -0.74456976819063370      -0.46711846010990843        2.9544718093679876      -0.54693140872510271       0.95155048885865212     
   1.6065064386016814       0.46685728123925901      -0.27773346079624156        1.6707433123318918       0.37701594306571468     
  0.46685728123925901        1.8619418595066761      -0.37799395906024014       0.37701594306571468        2.8138523037657652     
 -0.27773346079624156      -0.37799395906024014        1.5154467762042365       -1.7684368740629171E-002 -0.11263158477535001     
 first few columns of gr matrix
   12.591125748185874        1.6345526840851288       0.30323444831217994        2.7508461328642753       0.45199503244606293     
   1.6345526840851279        9.7098408881025762      -0.25227078257396252       0.45199503244606293        2.2642354353029175     
  0.30323444831217949      -0.25227078257396274        13.474471319184728      -0.74456976819063370      -0.46711846010990843     
   1.6513211659982980       0.29134721078700032      -0.46882188935215974        9.3959770982395856        1.4587091360080087     
  0.29134721078700032        1.3851892189645920      -0.29107992640257352        1.4587091360080087        8.2622628497318082     
 -0.46882188935215974      -0.29107992640257352        1.7451101346108917      -0.54693140872510337       0.95155048885865257     
   1.6270703543795983       0.45745345833313406      -0.31146114756269710        2.8064044085553861       0.72659512034387164     
  0.45745345833313406        1.8129591467543609      -0.37706601370706189       0.72659512034387164        4.3284820119861216     
 -0.31146114756269710      -0.37706601370706189        1.5398006707293661       -7.2225937118330835E-002 -0.22183907032777078     
  
 about to enter dgetrf
 Just out of dgetrf:                 
  
  **** TRANSLATION/ROTATION FLOWS ****
     U(X-Z) =     1.000     0.000     0.000 A/SEC
  OMGA(X-Z) =     0.000     0.000     0.000 RAD/S

 FTOTH(X-Z) =   -0.28442E+02    0.37470E+00   -0.36782E+00
 TTOTH(X-Z) =   -0.84368E+00   -0.79595E+01   -0.15227E+02

     U(X-Z) =     0.000     1.000     0.000 A/SEC
  OMGA(X-Z) =     0.000     0.000     0.000 RAD/S

 FTOTH(X-Z) =    0.37468E+00   -0.28428E+02   -0.36071E+00
 TTOTH(X-Z) =   -0.11769E+02   -0.42065E+00   -0.15706E+02

     U(X-Z) =     0.000     0.000     1.000 A/SEC
  OMGA(X-Z) =     0.000     0.000     0.000 RAD/S

 FTOTH(X-Z) =   -0.36817E+00   -0.36055E+00   -0.26923E+02
 TTOTH(X-Z) =    0.13797E+02    0.13984E+02    0.11413E+01

     U(X-Z) =     0.000     0.000     0.000 A/SEC
  OMGA(X-Z) =     1.000     0.000     0.000 RAD/S

 FTOTH(X-Z) =   -0.84732E+00   -0.11863E+02    0.13908E+02
 TTOTH(X-Z) =   -0.58582E+05    0.26242E+04   -0.39605E+04

     U(X-Z) =     0.000     0.000     0.000 A/SEC
  OMGA(X-Z) =     0.000     1.000     0.000 RAD/S

 FTOTH(X-Z) =   -0.78810E+01   -0.38659E+00    0.14197E+02
 TTOTH(X-Z) =    0.26208E+04   -0.58630E+05   -0.39953E+04

     U(X-Z) =     0.000     0.000     0.000 A/SEC
  OMGA(X-Z) =     0.000     0.000     1.000 RAD/S

 FTOTH(X-Z) =   -0.15377E+02   -0.15890E+02    0.11627E+01
 TTOTH(X-Z) =   -0.39683E+04   -0.39885E+04   -0.46564E+05

 I,J,Ktt,Ktr,Krt,Krr=    1    1  0.2844E+02  0.8437E+00  0.8473E+00  0.5858E+05
 I,J,Ktt,Ktr,Krt,Krr=    1    2 -0.3747E+00  0.1177E+02  0.7881E+01 -0.2621E+04
 I,J,Ktt,Ktr,Krt,Krr=    1    3  0.3682E+00 -0.1380E+02  0.1538E+02  0.3968E+04
 I,J,Ktt,Ktr,Krt,Krr=    2    1 -0.3747E+00  0.7960E+01  0.1186E+02 -0.2624E+04
 I,J,Ktt,Ktr,Krt,Krr=    2    2  0.2843E+02  0.4206E+00  0.3866E+00  0.5863E+05
 I,J,Ktt,Ktr,Krt,Krr=    2    3  0.3606E+00 -0.1398E+02  0.1589E+02  0.3989E+04
 I,J,Ktt,Ktr,Krt,Krr=    3    1  0.3678E+00  0.1523E+02 -0.1391E+02  0.3961E+04
 I,J,Ktt,Ktr,Krt,Krr=    3    2  0.3607E+00  0.1571E+02 -0.1420E+02  0.3995E+04
 I,J,Ktt,Ktr,Krt,Krr=    3    3  0.2692E+02 -0.1141E+01 -0.1163E+01  0.4656E+05
  
  Friction Tensors in Center of Resistance
  
  Ktt Tensor (A)
    0.28442E+02   -0.37468E+00    0.36817E+00
   -0.37470E+00    0.28428E+02    0.36055E+00
    0.36782E+00    0.36071E+00    0.26923E+02
  
  Symmetric Krt Tensor (A^2)
    0.84550E+00    0.79203E+01    0.15302E+02
    0.11816E+02    0.40362E+00    0.15798E+02
   -0.13852E+02   -0.14090E+02   -0.11520E+01
  
  Krr Tensor (A^3)
    0.58582E+05   -0.26208E+04    0.39683E+04
   -0.26242E+04    0.58630E+05    0.39885E+04
    0.39605E+04    0.39953E+04    0.46564E+05
  
 Raw Dtt tensor (no rot/trans coupling correction)
    0.35172E-01    0.46975E-03   -0.48727E-03
    0.46977E-03    0.35189E-01   -0.47767E-03
   -0.48682E-03   -0.47787E-03    0.37156E-01
  
 Raw Drr tensor (no rot/trans coupling correction)
    0.17214E-04    0.87454E-06   -0.15419E-05
    0.87518E-06    0.17201E-04   -0.15479E-05
   -0.15392E-05   -0.15502E-05    0.21740E-04
  
 Raw Dtt tensor, before CD transformation
    0.35172E-01    0.46967E-03   -0.48130E-03
    0.46971E-03    0.35189E-01   -0.47336E-03
   -0.48698E-03   -0.47803E-03    0.37169E-01
  
 Program finished at:                
 Elapsed time CPU_TIME:   200.60800000000000     
