 BEST ver.3.90 SFSU/ARAGON
  
 control gtensor value=   1.0000000000000000     
 true area (A^2)=    26071.638999999999     
 total area (A^2) =    23284.227364918617     
 centroid coords =    57.420264887640535        20.584743820224698        49.255203089887765     
  
 first few rows of gr matrix
   12.652027543407041        1.6424588232846933       0.30470115769499645        3.4989804026314770       0.78226431255806217     
   1.6424588232846924        9.7568062471359056      -0.25349098669612291       0.78226431255806217        4.1013774186318761     
  0.30470115769499645      -0.25349098669612302        13.539645753100034      -0.78932089115069082       -1.0822456204113893     
   1.6202613826941574       0.36869086438097282      -0.33270912570917371        14.289662579598655        2.4718500897932980     
  0.36869086438097282        1.9520851629192171      -0.53921683098620110        2.4718500897932980        18.088573994634871     
 -0.33270912570917371      -0.53921683098620110        1.9277044302878783       -1.1687683515201099       0.38073678179757175     
  0.88585320090083741       0.12490444643188697        3.7747993859952825E-002   1.9941853566840113      -0.11520599301617146     
  0.12490444643188697        1.6245336737441818       0.21532827200677604      -0.11520599301617146        2.7274197518362513     
   3.7747993859952825E-002  0.21532827200677604       0.93298283883015509      -0.17325119423317831       0.90502784109961643     
 first few columns of gr matrix
   12.652027543407041        1.6424588232846924       0.30470115769499645        1.6202613826941574       0.36869086438097282     
   1.6424588232846933        9.7568062471359056      -0.25349098669612302       0.36869086438097282        1.9520851629192171     
  0.30470115769499645      -0.25349098669612291        13.539645753100034      -0.33270912570917371      -0.53921683098620110     
   3.4989804026314770       0.78226431255806217      -0.78932089115069082        14.289662579598655        2.4718500897932980     
  0.78226431255806217        4.1013774186318761       -1.0822456204113893        2.4718500897932980        18.088573994634871     
 -0.78932089115069082       -1.0822456204113893        4.2179401657018722       -1.1687683515201086       0.38073678179757153     
  0.88409568802333816       0.12967820514813441        4.1963997801206333E-002   1.0183935230566774       -8.4973147879195868E-002
  0.12967820514813441        1.6084531792752652       0.22509815197045843       -8.4973147879195868E-002   1.4016617808398832     
   4.1963997801206333E-002  0.22509815197045843       0.93704714438868209       -9.0589898338026525E-002  0.46767320023546000     
  
 about to enter dgetrf
 Just out of dgetrf:                 
  
  **** TRANSLATION/ROTATION FLOWS ****
     U(X-Z) =     1.000     0.000     0.000 A/SEC
  OMGA(X-Z) =     0.000     0.000     0.000 RAD/S

 FTOTH(X-Z) =   -0.28392E+02    0.37836E+00   -0.36990E+00
 TTOTH(X-Z) =   -0.71974E+00   -0.58081E+01   -0.22571E+02

     U(X-Z) =     0.000     1.000     0.000 A/SEC
  OMGA(X-Z) =     0.000     0.000     0.000 RAD/S

 FTOTH(X-Z) =    0.37854E+00   -0.28388E+02   -0.36111E+00
 TTOTH(X-Z) =   -0.13723E+02   -0.48625E+00   -0.67322E+01

     U(X-Z) =     0.000     0.000     1.000 A/SEC
  OMGA(X-Z) =     0.000     0.000     0.000 RAD/S

 FTOTH(X-Z) =   -0.37008E+00   -0.36110E+00   -0.26869E+02
 TTOTH(X-Z) =    0.19816E+02    0.51860E+01    0.10939E+01

     U(X-Z) =     0.000     0.000     0.000 A/SEC
  OMGA(X-Z) =     1.000     0.000     0.000 RAD/S

 FTOTH(X-Z) =   -0.68362E+00   -0.13845E+02    0.19783E+02
 TTOTH(X-Z) =   -0.58319E+05    0.25968E+04   -0.39600E+04

     U(X-Z) =     0.000     0.000     0.000 A/SEC
  OMGA(X-Z) =     0.000     1.000     0.000 RAD/S

 FTOTH(X-Z) =   -0.57310E+01   -0.50526E+00    0.52627E+01
 TTOTH(X-Z) =    0.25909E+04   -0.58372E+05   -0.39573E+04

     U(X-Z) =     0.000     0.000     0.000 A/SEC
  OMGA(X-Z) =     0.000     0.000     1.000 RAD/S

 FTOTH(X-Z) =   -0.22568E+02   -0.68395E+01    0.10998E+01
 TTOTH(X-Z) =   -0.39675E+04   -0.39511E+04   -0.46275E+05

 I,J,Ktt,Ktr,Krt,Krr=    1    1  0.2839E+02  0.7197E+00  0.6836E+00  0.5832E+05
 I,J,Ktt,Ktr,Krt,Krr=    1    2 -0.3785E+00  0.1372E+02  0.5731E+01 -0.2591E+04
 I,J,Ktt,Ktr,Krt,Krr=    1    3  0.3701E+00 -0.1982E+02  0.2257E+02  0.3967E+04
 I,J,Ktt,Ktr,Krt,Krr=    2    1 -0.3784E+00  0.5808E+01  0.1384E+02 -0.2597E+04
 I,J,Ktt,Ktr,Krt,Krr=    2    2  0.2839E+02  0.4862E+00  0.5053E+00  0.5837E+05
 I,J,Ktt,Ktr,Krt,Krr=    2    3  0.3611E+00 -0.5186E+01  0.6840E+01  0.3951E+04
 I,J,Ktt,Ktr,Krt,Krr=    3    1  0.3699E+00  0.2257E+02 -0.1978E+02  0.3960E+04
 I,J,Ktt,Ktr,Krt,Krr=    3    2  0.3611E+00  0.6732E+01 -0.5263E+01  0.3957E+04
 I,J,Ktt,Ktr,Krt,Krr=    3    3  0.2687E+02 -0.1094E+01 -0.1100E+01  0.4627E+05
  
  Friction Tensors in Center of Resistance
  
  Ktt Tensor (A)
    0.28392E+02   -0.37854E+00    0.37008E+00
   -0.37836E+00    0.28388E+02    0.36110E+00
    0.36990E+00    0.36111E+00    0.26869E+02
  
  Symmetric Krt Tensor (A^2)
    0.70168E+00    0.57696E+01    0.22569E+02
    0.13784E+02    0.49576E+00    0.67859E+01
   -0.19799E+02   -0.52244E+01   -0.10969E+01
  
  Krr Tensor (A^3)
    0.58319E+05   -0.25909E+04    0.39675E+04
   -0.25968E+04    0.58372E+05    0.39511E+04
    0.39600E+04    0.39573E+04    0.46275E+05
  
 Raw Dtt tensor (no rot/trans coupling correction)
    0.35234E-01    0.47608E-03   -0.49170E-03
    0.47586E-03    0.35239E-01   -0.48014E-03
   -0.49145E-03   -0.48015E-03    0.37231E-01
  
 Raw Drr tensor (no rot/trans coupling correction)
    0.17292E-04    0.87307E-06   -0.15571E-05
    0.87448E-06    0.17275E-04   -0.15500E-05
   -0.15545E-05   -0.15521E-05    0.21876E-04
  
 Raw Dtt tensor, before CD transformation
    0.35234E-01    0.47603E-03   -0.48714E-03
    0.47582E-03    0.35239E-01   -0.47667E-03
   -0.49163E-03   -0.48033E-03    0.37244E-01
  
 Program finished at:                
 Elapsed time CPU_TIME:   143.21600000000001     
