 BEST ver.3.90 SFSU/ARAGON
  
 control gtensor value=   1.0000000000000000     
 true area (A^2)=    26071.638999999999     
 total area (A^2) =    23766.681299672662     
 centroid coords =    57.277220810773272        20.239512147716230        49.194829168402066     
  
 first few rows of gr matrix
   12.522953649273235        1.6257027298009823       0.30159264683886561        1.6334880861809944       0.28820087064948235     
   1.6257027298009827        9.6572689222046808      -0.25090491354157085       0.28820087064948235        1.3702301725885768     
  0.30159264683886583      -0.25090491354157052        13.401516524678025      -0.46375895044901677      -0.28793647274399109     
   2.7211389749457648       0.44711381148395984      -0.73652895070515823        9.3451044842309159        1.4508112509821975     
  0.44711381148395984        2.2397833226101613      -0.46207391701629408        1.4508112509821984        8.2175285017871609     
 -0.73652895070515823      -0.46207391701629408        2.9225656407320515      -0.54397015944209826       0.94639851155779953     
   1.5891573255784275       0.46181555868942664      -0.27473413935817281        1.6527004873160636       0.37294444229195556     
  0.46181555868942664        1.8418342278239634      -0.37391189641780753       0.37294444229195556        2.7834647245592556     
 -0.27473413935817281      -0.37391189641780753        1.4990810419816101       -1.7493390289093601E-002 -0.11141524474252910     
 first few columns of gr matrix
   12.522953649273235        1.6257027298009827       0.30159264683886583        2.7211389749457648       0.44711381148395984     
   1.6257027298009823        9.6572689222046808      -0.25090491354157052       0.44711381148395984        2.2397833226101613     
  0.30159264683886561      -0.25090491354157085        13.401516524678025      -0.73652895070515823      -0.46207391701629408     
   1.6334880861809944       0.28820087064948235      -0.46375895044901677        9.3451044842309159        1.4508112509821984     
  0.28820087064948235        1.3702301725885768      -0.28793647274399109        1.4508112509821975        8.2175285017871609     
 -0.46375895044901677      -0.28793647274399109        1.7262642014506469      -0.54397015944209826       0.94639851155779953     
   1.6094991658697735       0.45251329030093629      -0.30809759138789528        2.7760972612554573       0.71874841611530793     
  0.45251329030093629        1.7933804931070336      -0.37299397220642172       0.71874841611530793        4.2817375223030103     
 -0.30809759138789528      -0.37299397220642172        1.5231719319780803       -7.1445948992440084E-002 -0.21944336806874962     
  
 about to enter dgetrf
 Just out of dgetrf:                 
  
  **** TRANSLATION/ROTATION FLOWS ****
     U(X-Z) =     1.000     0.000     0.000 A/SEC
  OMGA(X-Z) =     0.000     0.000     0.000 RAD/S

 FTOTH(X-Z) =   -0.28479E+02    0.37857E+00   -0.36473E+00
 TTOTH(X-Z) =   -0.86772E+00   -0.70311E+01   -0.12695E+02

     U(X-Z) =     0.000     1.000     0.000 A/SEC
  OMGA(X-Z) =     0.000     0.000     0.000 RAD/S

 FTOTH(X-Z) =    0.37828E+00   -0.28476E+02   -0.36464E+00
 TTOTH(X-Z) =   -0.12565E+02   -0.39655E+00   -0.97608E+01

     U(X-Z) =     0.000     0.000     1.000 A/SEC
  OMGA(X-Z) =     0.000     0.000     0.000 RAD/S

 FTOTH(X-Z) =   -0.36506E+00   -0.36446E+00   -0.26959E+02
 TTOTH(X-Z) =    0.10979E+02    0.84344E+01    0.12697E+01

     U(X-Z) =     0.000     0.000     0.000 A/SEC
  OMGA(X-Z) =     1.000     0.000     0.000 RAD/S

 FTOTH(X-Z) =   -0.93209E+00   -0.12605E+02    0.11167E+02
 TTOTH(X-Z) =   -0.58813E+05    0.26262E+04   -0.39802E+04

     U(X-Z) =     0.000     0.000     0.000 A/SEC
  OMGA(X-Z) =     0.000     1.000     0.000 RAD/S

 FTOTH(X-Z) =   -0.69813E+01   -0.43425E+00    0.85775E+01
 TTOTH(X-Z) =    0.26217E+04   -0.58892E+05   -0.39769E+04

     U(X-Z) =     0.000     0.000     0.000 A/SEC
  OMGA(X-Z) =     0.000     0.000     1.000 RAD/S

 FTOTH(X-Z) =   -0.12787E+02   -0.98734E+01    0.12370E+01
 TTOTH(X-Z) =   -0.39868E+04   -0.39729E+04   -0.46741E+05

 I,J,Ktt,Ktr,Krt,Krr=    1    1  0.2848E+02  0.8677E+00  0.9321E+00  0.5881E+05
 I,J,Ktt,Ktr,Krt,Krr=    1    2 -0.3783E+00  0.1256E+02  0.6981E+01 -0.2622E+04
 I,J,Ktt,Ktr,Krt,Krr=    1    3  0.3651E+00 -0.1098E+02  0.1279E+02  0.3987E+04
 I,J,Ktt,Ktr,Krt,Krr=    2    1 -0.3786E+00  0.7031E+01  0.1261E+02 -0.2626E+04
 I,J,Ktt,Ktr,Krt,Krr=    2    2  0.2848E+02  0.3966E+00  0.4342E+00  0.5889E+05
 I,J,Ktt,Ktr,Krt,Krr=    2    3  0.3645E+00 -0.8434E+01  0.9873E+01  0.3973E+04
 I,J,Ktt,Ktr,Krt,Krr=    3    1  0.3647E+00  0.1269E+02 -0.1117E+02  0.3980E+04
 I,J,Ktt,Ktr,Krt,Krr=    3    2  0.3646E+00  0.9761E+01 -0.8578E+01  0.3977E+04
 I,J,Ktt,Ktr,Krt,Krr=    3    3  0.2696E+02 -0.1270E+01 -0.1237E+01  0.4674E+05
  
  Friction Tensors in Center of Resistance
  
  Ktt Tensor (A)
    0.28479E+02   -0.37828E+00    0.36506E+00
   -0.37857E+00    0.28476E+02    0.36446E+00
    0.36473E+00    0.36464E+00    0.26959E+02
  
  Symmetric Krt Tensor (A^2)
    0.89990E+00    0.70062E+01    0.12741E+02
    0.12585E+02    0.41540E+00    0.98171E+01
   -0.11073E+02   -0.85059E+01   -0.12534E+01
  
  Krr Tensor (A^3)
    0.58813E+05   -0.26217E+04    0.39868E+04
   -0.26262E+04    0.58892E+05    0.39729E+04
    0.39802E+04    0.39769E+04    0.46741E+05
  
 Raw Dtt tensor (no rot/trans coupling correction)
    0.35126E-01    0.47278E-03   -0.48203E-03
    0.47313E-03    0.35129E-01   -0.48132E-03
   -0.48161E-03   -0.48154E-03    0.37106E-01
  
 Raw Drr tensor (no rot/trans coupling correction)
    0.17146E-04    0.86702E-06   -0.15362E-05
    0.86804E-06    0.17122E-04   -0.15294E-05
   -0.15339E-05   -0.15306E-05    0.21656E-04
  
 Raw Dtt tensor, before CD transformation
    0.35125E-01    0.47273E-03   -0.47795E-03
    0.47309E-03    0.35129E-01   -0.47847E-03
   -0.48170E-03   -0.48162E-03    0.37112E-01
  
 Program finished at:                
 Elapsed time CPU_TIME:   299.80799999999999     
