 BEST ver.3.90 SFSU/ARAGON
  
 control gtensor value=   1.0000000000000000     
 true area (A^2)=    26071.638999999999     
 total area (A^2) =    22982.139517188731     
 centroid coords =    57.230614191193389        20.453569130732358        49.188510495094590     
  
 first few rows of gr matrix
   14.246007104094669        1.7141929569515799       0.48883865526995307        3.8571888087738913       0.80067410476251988     
   1.7141929569515790        10.424614133094568      -0.49432005726730854       0.80067410476251988        4.9256655151984434     
  0.48883865526995218      -0.49432005726730854        14.029486962705271      -0.73278783653185531       -1.3174611873664948     
   2.0290035075735675       0.37249905538675099      -0.30071667644323458        14.383270935692977        2.4880426221311511     
  0.37249905538675099        2.6054474167263200      -0.75248631487399131        2.4880426221311502        18.207068162449982     
 -0.30071667644323458      -0.75248631487399131        2.5812677038788734       -1.1764246893399446       0.38323090256845660     
   1.0767798467903711        6.3280276821209902E-002   2.6827112927581713E-002   2.0203978492991821      -0.11672031375423027     
   6.3280276821209902E-002   1.9824438844619470       0.29872474471884841      -0.11672031375423027        2.7632702157180833     
   2.6827112927581713E-002  0.29872474471884841        1.1606907218087332      -0.17552848788303146       0.91692394469993310     
 first few columns of gr matrix
   14.246007104094669        1.7141929569515790       0.48883865526995218        2.0290035075735675       0.37249905538675099     
   1.7141929569515799        10.424614133094568      -0.49432005726730854       0.37249905538675099        2.6054474167263200     
  0.48883865526995307      -0.49432005726730854        14.029486962705271      -0.30071667644323458      -0.75248631487399131     
   3.8571888087738913       0.80067410476251988      -0.73278783653185531        14.383270935692977        2.4880426221311502     
  0.80067410476251988        4.9256655151984434       -1.3174611873664948        2.4880426221311511        18.207068162449982     
 -0.73278783653185531       -1.3174611873664948        4.9113847340881041       -1.1764246893399450       0.38323090256845660     
  0.89264582012651306        8.3742426200523259E-002   3.2912668215029431E-002   1.0317797574972156       -8.6090074148765378E-002
   8.3742426200523259E-002   1.6373128184486438       0.26806014907420866       -8.6090074148765378E-002   1.4200858701333310     
   3.2912668215029431E-002  0.26806014907420866       0.98704751411268588       -9.1780653767673803E-002  0.47382051260358893     
  
 about to enter dgetrf
 Just out of dgetrf:                 
  
  **** TRANSLATION/ROTATION FLOWS ****
     U(X-Z) =     1.000     0.000     0.000 A/SEC
  OMGA(X-Z) =     0.000     0.000     0.000 RAD/S

 FTOTH(X-Z) =   -0.28319E+02    0.37139E+00   -0.36071E+00
 TTOTH(X-Z) =   -0.72715E+00   -0.72832E+01   -0.18919E+02

     U(X-Z) =     0.000     1.000     0.000 A/SEC
  OMGA(X-Z) =     0.000     0.000     0.000 RAD/S

 FTOTH(X-Z) =    0.37139E+00   -0.28307E+02   -0.35275E+00
 TTOTH(X-Z) =   -0.12808E+02   -0.39468E+00   -0.11759E+02

     U(X-Z) =     0.000     0.000     1.000 A/SEC
  OMGA(X-Z) =     0.000     0.000     0.000 RAD/S

 FTOTH(X-Z) =   -0.36080E+00   -0.35235E+00   -0.26806E+02
 TTOTH(X-Z) =    0.16442E+02    0.10313E+02    0.11350E+01

     U(X-Z) =     0.000     0.000     0.000 A/SEC
  OMGA(X-Z) =     1.000     0.000     0.000 RAD/S

 FTOTH(X-Z) =   -0.85336E+00   -0.12600E+02    0.16449E+02
 TTOTH(X-Z) =   -0.57793E+05    0.25690E+04   -0.39472E+04

     U(X-Z) =     0.000     0.000     0.000 A/SEC
  OMGA(X-Z) =     0.000     1.000     0.000 RAD/S

 FTOTH(X-Z) =   -0.74078E+01   -0.40269E+00    0.10492E+02
 TTOTH(X-Z) =    0.25769E+04   -0.57826E+05   -0.39481E+04

     U(X-Z) =     0.000     0.000     0.000 A/SEC
  OMGA(X-Z) =     0.000     0.000     1.000 RAD/S

 FTOTH(X-Z) =   -0.18974E+02   -0.11976E+02    0.11289E+01
 TTOTH(X-Z) =   -0.39443E+04   -0.39332E+04   -0.45993E+05

 I,J,Ktt,Ktr,Krt,Krr=    1    1  0.2832E+02  0.7272E+00  0.8534E+00  0.5779E+05
 I,J,Ktt,Ktr,Krt,Krr=    1    2 -0.3714E+00  0.1281E+02  0.7408E+01 -0.2577E+04
 I,J,Ktt,Ktr,Krt,Krr=    1    3  0.3608E+00 -0.1644E+02  0.1897E+02  0.3944E+04
 I,J,Ktt,Ktr,Krt,Krr=    2    1 -0.3714E+00  0.7283E+01  0.1260E+02 -0.2569E+04
 I,J,Ktt,Ktr,Krt,Krr=    2    2  0.2831E+02  0.3947E+00  0.4027E+00  0.5783E+05
 I,J,Ktt,Ktr,Krt,Krr=    2    3  0.3523E+00 -0.1031E+02  0.1198E+02  0.3933E+04
 I,J,Ktt,Ktr,Krt,Krr=    3    1  0.3607E+00  0.1892E+02 -0.1645E+02  0.3947E+04
 I,J,Ktt,Ktr,Krt,Krr=    3    2  0.3528E+00  0.1176E+02 -0.1049E+02  0.3948E+04
 I,J,Ktt,Ktr,Krt,Krr=    3    3  0.2681E+02 -0.1135E+01 -0.1129E+01  0.4599E+05
  
  Friction Tensors in Center of Resistance
  
  Ktt Tensor (A)
    0.28319E+02   -0.37139E+00    0.36080E+00
   -0.37139E+00    0.28307E+02    0.35235E+00
    0.36071E+00    0.35275E+00    0.26806E+02
  
  Symmetric Krt Tensor (A^2)
    0.79026E+00    0.73455E+01    0.18947E+02
    0.12704E+02    0.39869E+00    0.11867E+02
   -0.16446E+02   -0.10403E+02   -0.11320E+01
  
  Krr Tensor (A^3)
    0.57793E+05   -0.25769E+04    0.39443E+04
   -0.25690E+04    0.57826E+05    0.39332E+04
    0.39472E+04    0.39481E+04    0.45993E+05
  
 Raw Dtt tensor (no rot/trans coupling correction)
    0.35324E-01    0.46946E-03   -0.48162E-03
    0.46945E-03    0.35339E-01   -0.47083E-03
   -0.48152E-03   -0.47136E-03    0.37318E-01
  
 Raw Drr tensor (no rot/trans coupling correction)
    0.17450E-04    0.88496E-06   -0.15722E-05
    0.88224E-06    0.17440E-04   -0.15670E-05
   -0.15733E-05   -0.15730E-05    0.22012E-04
  
 Raw Dtt tensor, before CD transformation
    0.35324E-01    0.46939E-03   -0.47600E-03
    0.46940E-03    0.35339E-01   -0.46647E-03
   -0.48168E-03   -0.47153E-03    0.37331E-01
  
 Program finished at:                
 Elapsed time CPU_TIME:   84.924000000000007     
