 BEST ver.3.90 SFSU/ARAGON
  
 control gtensor value=   1.0000000000000000     
 true area (A^2)=    10602.830000000000     
 total area (A^2) =    9960.2505743264483     
 centroid coords =    32.182523117302622       0.17363789622451109        22.581941752473242     
  
 first few rows of gr matrix
   8.4082121839927524      -0.25758063988829139      -0.40419663138513673        2.7247391046699967       0.51775388574219050     
 -0.25758063988829144        8.7205220606007217        5.4242811697953058E-002  0.51775388574219050        3.2019165496863935     
 -0.40419663138513695        5.4242811697953044E-002   5.7910177083134053       -9.6587895988036507E-002  -5.4193206822898972E-002
   2.7817725596960869       0.53356558355877426       -8.3362302471131994E-002   8.1808933787622564       -9.7228098414696401E-002
  0.53356558355877426        3.3350361965852513       -4.5158244723300371E-002  -9.7228098414696401E-002   8.5382112347911736     
  -8.3362302471131994E-002  -4.5158244723300371E-002   2.0518947407967900      -0.29832931529555751        8.9332126425757302E-002
  0.53589442083733529        6.3910793248133535E-002   2.8141182453354192E-002  0.60782203550209568        1.4624728847054333E-002
   6.3910793248133535E-002  0.95446771928054919       0.18130528720841790        1.4624728847054333E-002   1.0618288337861610     
   2.8141182453354192E-002  0.18130528720841790       0.60019715656549599        9.0457513695795851E-003  0.24761588057535083     
 first few columns of gr matrix
   8.4082121839927524      -0.25758063988829144      -0.40419663138513695        2.7817725596960869       0.53356558355877426     
 -0.25758063988829139        8.7205220606007217        5.4242811697953044E-002  0.53356558355877426        3.3350361965852513     
 -0.40419663138513673        5.4242811697953058E-002   5.7910177083134053       -8.3362302471131994E-002  -4.5158244723300371E-002
   2.7247391046699967       0.51775388574219050       -9.6587895988036507E-002   8.1808933787622564       -9.7228098414696401E-002
  0.51775388574219050        3.2019165496863935       -5.4193206822898972E-002  -9.7228098414696401E-002   8.5382112347911736     
  -9.6587895988036507E-002  -5.4193206822898972E-002   1.9926028163214415      -0.29832931529555751        8.9332126425757413E-002
  0.58203670788817097        3.8758461943290905E-002   1.2681858266803027E-002  0.77561357122432306       -9.3637840339835226E-003
   3.8758461943290905E-002   1.0492856515747102       0.20527181205199410       -9.3637840339835226E-003   1.2917528683709245     
   1.2681858266803027E-002  0.20527181205199410       0.66896162044337160       -1.8492977566133273E-002  0.33266605495592505     
  
 about to enter dgetrf
 Just out of dgetrf:                 
  
  **** TRANSLATION/ROTATION FLOWS ****
     U(X-Z) =     1.000     0.000     0.000 A/SEC
  OMGA(X-Z) =     0.000     0.000     0.000 RAD/S

 FTOTH(X-Z) =   -0.19689E+02   -0.13060E+00   -0.19822E+00
 TTOTH(X-Z) =    0.56362E+00   -0.19797E+01    0.91418E-01

     U(X-Z) =     0.000     1.000     0.000 A/SEC
  OMGA(X-Z) =     0.000     0.000     0.000 RAD/S

 FTOTH(X-Z) =   -0.13043E+00   -0.18990E+02    0.24677E+00
 TTOTH(X-Z) =    0.20324E+00    0.61181E+01   -0.81067E+01

     U(X-Z) =     0.000     0.000     1.000 A/SEC
  OMGA(X-Z) =     0.000     0.000     0.000 RAD/S

 FTOTH(X-Z) =   -0.19784E+00    0.24693E+00   -0.18877E+02
 TTOTH(X-Z) =    0.26266E+01    0.83257E+01   -0.67057E+01

     U(X-Z) =     0.000     0.000     0.000 A/SEC
  OMGA(X-Z) =     1.000     0.000     0.000 RAD/S

 FTOTH(X-Z) =    0.60960E+00    0.18373E+00    0.26836E+01
 TTOTH(X-Z) =   -0.18862E+05   -0.57957E+03   -0.61555E+03

     U(X-Z) =     0.000     0.000     0.000 A/SEC
  OMGA(X-Z) =     0.000     1.000     0.000 RAD/S

 FTOTH(X-Z) =   -0.19373E+01    0.61120E+01    0.83414E+01
 TTOTH(X-Z) =   -0.57719E+03   -0.16855E+05    0.15967E+04

     U(X-Z) =     0.000     0.000     0.000 A/SEC
  OMGA(X-Z) =     0.000     0.000     1.000 RAD/S

 FTOTH(X-Z) =    0.83494E-01   -0.81528E+01   -0.67598E+01
 TTOTH(X-Z) =   -0.61414E+03    0.15971E+04   -0.16534E+05

 I,J,Ktt,Ktr,Krt,Krr=    1    1  0.1969E+02 -0.5636E+00 -0.6096E+00  0.1886E+05
 I,J,Ktt,Ktr,Krt,Krr=    1    2  0.1304E+00 -0.2032E+00  0.1937E+01  0.5772E+03
 I,J,Ktt,Ktr,Krt,Krr=    1    3  0.1978E+00 -0.2627E+01 -0.8349E-01  0.6141E+03
 I,J,Ktt,Ktr,Krt,Krr=    2    1  0.1306E+00  0.1980E+01 -0.1837E+00  0.5796E+03
 I,J,Ktt,Ktr,Krt,Krr=    2    2  0.1899E+02 -0.6118E+01 -0.6112E+01  0.1685E+05
 I,J,Ktt,Ktr,Krt,Krr=    2    3 -0.2469E+00 -0.8326E+01  0.8153E+01 -0.1597E+04
 I,J,Ktt,Ktr,Krt,Krr=    3    1  0.1982E+00 -0.9142E-01 -0.2684E+01  0.6155E+03
 I,J,Ktt,Ktr,Krt,Krr=    3    2 -0.2468E+00  0.8107E+01 -0.8341E+01 -0.1597E+04
 I,J,Ktt,Ktr,Krt,Krr=    3    3  0.1888E+02  0.6706E+01  0.6760E+01  0.1653E+05
  
  Friction Tensors in Center of Resistance
  
  Ktt Tensor (A)
    0.19689E+02    0.13043E+00    0.19784E+00
    0.13060E+00    0.18990E+02   -0.24693E+00
    0.19822E+00   -0.24677E+00    0.18877E+02
  
  Symmetric Krt Tensor (A^2)
   -0.58661E+00    0.19585E+01   -0.87456E-01
   -0.19349E+00   -0.61151E+01    0.81298E+01
   -0.26551E+01   -0.83336E+01    0.67328E+01
  
  Krr Tensor (A^3)
    0.18862E+05    0.57719E+03    0.61414E+03
    0.57957E+03    0.16855E+05   -0.15971E+04
    0.61555E+03   -0.15967E+04    0.16534E+05
  
 Raw Dtt tensor (no rot/trans coupling correction)
    0.50797E-01   -0.35586E-03   -0.53702E-03
   -0.35635E-03    0.52670E-01    0.69269E-03
   -0.53806E-03    0.69225E-03    0.52988E-01
  
 Raw Drr tensor (no rot/trans coupling correction)
    0.53149E-04   -0.20256E-05   -0.21698E-05
   -0.20337E-05    0.59955E-04    0.58668E-05
   -0.21751E-05    0.58655E-05    0.61129E-04
  
 Raw Dtt tensor, before CD transformation
    0.50798E-01   -0.35590E-03   -0.54060E-03
   -0.35615E-03    0.52670E-01    0.67309E-03
   -0.53826E-03    0.69252E-03    0.53008E-01
  
 Program finished at:                
 Elapsed time CPU_TIME:   109.28400000000001     
