 BEST ver.3.90 SFSU/ARAGON
  
 control gtensor value=   1.0000000000000000     
 true area (A^2)=    10602.830000000000     
 total area (A^2) =    9853.3813724382399     
 centroid coords =    32.276101132075532        6.9428679245283856E-002   22.564225534591166     
  
 first few rows of gr matrix
   11.141828843480354      -0.12363347310188211       -1.1495028641018026        1.7591973774408329       0.36330561462283040     
 -0.12363347310188211        11.925662517840893      -0.41737897141230074       0.36330561462283040        2.1555709362962383     
  -1.1495028641018026      -0.41737897141230107        8.2919851253197301      -0.21001427577785864      -0.25245348454067085     
   4.8887209144786477       0.70036564665023948      -0.68832323379104843        6.6056698102645912      -0.36313457934319648     
  0.70036564665023948        5.3230642248049325      -0.56238265616165817      -0.36313457934319598        7.1823795188573651     
 -0.68832323379104843      -0.56238265616165817        3.9130692871689288      -0.86057952066128629      -0.30745463103614279     
   2.5327711857511290       0.63152750217867082      -0.20909847227458453        1.8569714085778402       0.26640002895311349     
  0.63152750217867082        3.5848297892607950      -0.35127863765943929       0.26640002895311349        2.7846881507972761     
 -0.20909847227458453      -0.35127863765943929        2.1746178028198382       -9.4224173208370024E-002  -8.7970638790074968E-002
 first few columns of gr matrix
   11.141828843480354      -0.12363347310188211       -1.1495028641018026        4.8887209144786477       0.70036564665023948     
 -0.12363347310188211        11.925662517840893      -0.41737897141230107       0.70036564665023948        5.3230642248049325     
  -1.1495028641018026      -0.41737897141230074        8.2919851253197301      -0.68832323379104843      -0.56238265616165817     
   1.7591973774408329       0.36330561462283040      -0.21001427577785864        6.6056698102645912      -0.36313457934319598     
  0.36330561462283040        2.1555709362962383      -0.25245348454067085      -0.36313457934319648        7.1823795188573651     
 -0.21001427577785864      -0.25245348454067085        1.4598880555939906      -0.86057952066128673      -0.30745463103614235     
   1.1457864400201825       0.25576565121561196       -5.7973479357596218E-002   2.5583421678372047       0.19957858582383484     
  0.25576565121561196        1.9468543881321954      -0.17081308752794708       0.19957858582383484        4.1962807613655162     
  -5.7973479357596218E-002 -0.17081308752794708        1.0802576528460814      -0.10652551542781225      -0.12350685483232469     
  
 about to enter dgetrf
 Just out of dgetrf:                 
  
  **** TRANSLATION/ROTATION FLOWS ****
     U(X-Z) =     1.000     0.000     0.000 A/SEC
  OMGA(X-Z) =     0.000     0.000     0.000 RAD/S

 FTOTH(X-Z) =   -0.19653E+02   -0.12426E+00   -0.19543E+00
 TTOTH(X-Z) =    0.61069E+00   -0.26443E+01    0.20968E+01

     U(X-Z) =     0.000     1.000     0.000 A/SEC
  OMGA(X-Z) =     0.000     0.000     0.000 RAD/S

 FTOTH(X-Z) =   -0.12408E+00   -0.18943E+02    0.24870E+00
 TTOTH(X-Z) =    0.86047E+00    0.60749E+01   -0.63284E+01

     U(X-Z) =     0.000     0.000     1.000 A/SEC
  OMGA(X-Z) =     0.000     0.000     0.000 RAD/S

 FTOTH(X-Z) =   -0.19525E+00    0.24883E+00   -0.18835E+02
 TTOTH(X-Z) =    0.69082E+00    0.64928E+01   -0.67340E+01

     U(X-Z) =     0.000     0.000     0.000 A/SEC
  OMGA(X-Z) =     1.000     0.000     0.000 RAD/S

 FTOTH(X-Z) =    0.67225E+00    0.77643E+00    0.79720E+00
 TTOTH(X-Z) =   -0.18766E+05   -0.56839E+03   -0.60950E+03

     U(X-Z) =     0.000     0.000     0.000 A/SEC
  OMGA(X-Z) =     0.000     1.000     0.000 RAD/S

 FTOTH(X-Z) =   -0.25414E+01    0.60652E+01    0.65581E+01
 TTOTH(X-Z) =   -0.57088E+03   -0.16735E+05    0.15927E+04

     U(X-Z) =     0.000     0.000     0.000 A/SEC
  OMGA(X-Z) =     0.000     0.000     1.000 RAD/S

 FTOTH(X-Z) =    0.20965E+01   -0.63471E+01   -0.67565E+01
 TTOTH(X-Z) =   -0.60700E+03    0.15885E+04   -0.16415E+05

 I,J,Ktt,Ktr,Krt,Krr=    1    1  0.1965E+02 -0.6107E+00 -0.6723E+00  0.1877E+05
 I,J,Ktt,Ktr,Krt,Krr=    1    2  0.1241E+00 -0.8605E+00  0.2541E+01  0.5709E+03
 I,J,Ktt,Ktr,Krt,Krr=    1    3  0.1953E+00 -0.6908E+00 -0.2097E+01  0.6070E+03
 I,J,Ktt,Ktr,Krt,Krr=    2    1  0.1243E+00  0.2644E+01 -0.7764E+00  0.5684E+03
 I,J,Ktt,Ktr,Krt,Krr=    2    2  0.1894E+02 -0.6075E+01 -0.6065E+01  0.1674E+05
 I,J,Ktt,Ktr,Krt,Krr=    2    3 -0.2488E+00 -0.6493E+01  0.6347E+01 -0.1589E+04
 I,J,Ktt,Ktr,Krt,Krr=    3    1  0.1954E+00 -0.2097E+01 -0.7972E+00  0.6095E+03
 I,J,Ktt,Ktr,Krt,Krr=    3    2 -0.2487E+00  0.6328E+01 -0.6558E+01 -0.1593E+04
 I,J,Ktt,Ktr,Krt,Krr=    3    3  0.1883E+02  0.6734E+01  0.6757E+01  0.1642E+05
  
  Friction Tensors in Center of Resistance
  
  Ktt Tensor (A)
    0.19653E+02    0.12408E+00    0.19525E+00
    0.12426E+00    0.18943E+02   -0.24883E+00
    0.19543E+00   -0.24870E+00    0.18835E+02
  
  Symmetric Krt Tensor (A^2)
   -0.64147E+00    0.25928E+01   -0.20967E+01
   -0.81845E+00   -0.60701E+01    0.63378E+01
   -0.74401E+00   -0.65254E+01    0.67453E+01
  
  Krr Tensor (A^3)
    0.18766E+05    0.57088E+03    0.60700E+03
    0.56839E+03    0.16735E+05   -0.15885E+04
    0.60950E+03   -0.15927E+04    0.16415E+05
  
 Raw Dtt tensor (no rot/trans coupling correction)
    0.50891E-01   -0.34032E-03   -0.53206E-03
   -0.34081E-03    0.52800E-01    0.70107E-03
   -0.53253E-03    0.70071E-03    0.53108E-01
  
 Raw Drr tensor (no rot/trans coupling correction)
    0.53419E-04   -0.20289E-05   -0.21717E-05
   -0.20212E-05    0.60386E-04    0.59185E-05
   -0.21796E-05    0.59343E-05    0.61574E-04
  
 Raw Dtt tensor, before CD transformation
    0.50891E-01   -0.34035E-03   -0.53375E-03
   -0.34065E-03    0.52800E-01    0.68465E-03
   -0.53270E-03    0.70094E-03    0.53125E-01
  
 Program finished at:                
 Elapsed time CPU_TIME:   62.872000000000000     
