 BEST ver.3.90 SFSU/ARAGON
  
 control gtensor value=   1.0000000000000000     
 true area (A^2)=    10602.830000000000     
 total area (A^2) =    10082.814875017875     
 centroid coords =    32.185341962223163       0.19987287674955914        22.500771436336432     
  
 first few rows of gr matrix
   5.4523107663328227        5.0883545857539347E-002 -0.38631397732040984        4.8362999685812227      -0.85268785894182419     
   5.0883545857539292E-002   4.4113363477225676      -0.85166288431322945      -0.85268785894182419        5.3782228589688756     
 -0.38631397732040984      -0.85166288431322901        4.5738113749133049      -0.23291933671596149      -0.29669624289659219     
   1.3305728982433882      -0.28376806603131949       -8.8185290057564342E-002   9.9031988578037335       -9.3288866656703828E-002
 -0.28376806603131949        1.6683323167756727        2.1179605823220277E-002  -9.3288866656703884E-002   10.665596925907991     
  -8.8185290057564342E-002   2.1179605823220277E-002   1.0575259089727367       -1.4774374459039059       0.12029751301257716     
  0.57677175686193183       -1.2763999746182624E-002  -1.4110773117132285E-002   4.1717321797251934       0.72041121235899186     
  -1.2763999746182624E-002   1.0594231064331456        3.9577462361811096E-002  0.72041121235899186        4.9521526270775214     
  -1.4110773117132285E-002   3.9577462361811096E-002  0.56191639605185750      -0.15390976508440807       0.22180245786551350     
 first few columns of gr matrix
   5.4523107663328227        5.0883545857539292E-002 -0.38631397732040984        1.3305728982433882      -0.28376806603131949     
   5.0883545857539347E-002   4.4113363477225676      -0.85166288431322901      -0.28376806603131949        1.6683323167756727     
 -0.38631397732040984      -0.85166288431322945        4.5738113749133049       -8.8185290057564342E-002   2.1179605823220277E-002
   4.8362999685812227      -0.85268785894182419      -0.23291933671596149        9.9031988578037335       -9.3288866656703884E-002
 -0.85268785894182419        5.3782228589688756      -0.29669624289659219       -9.3288866656703828E-002   10.665596925907991     
 -0.23291933671596149      -0.29669624289659219        3.8132306133288636       -1.4774374459039059       0.12029751301257720     
   1.1885738541618212        2.1731274963849970E-002  -4.6912103529664254E-002   2.1330890497474257       0.43293972671332198     
   2.1731274963849970E-002   2.1154591588797236       -5.9778376749645160E-002  0.43293972671332198        2.5389799151804193     
  -4.6912103529664254E-002  -5.9778376749645160E-002   1.1576510899175920      -0.16151977777612583       -2.9068372202004169E-002
  
 about to enter dgetrf
 Just out of dgetrf:                 
  
  **** TRANSLATION/ROTATION FLOWS ****
     U(X-Z) =     1.000     0.000     0.000 A/SEC
  OMGA(X-Z) =     0.000     0.000     0.000 RAD/S

 FTOTH(X-Z) =   -0.19745E+02   -0.13164E+00   -0.19778E+00
 TTOTH(X-Z) =    0.61174E+00   -0.34671E+01    0.68838E-01

     U(X-Z) =     0.000     1.000     0.000 A/SEC
  OMGA(X-Z) =     0.000     0.000     0.000 RAD/S

 FTOTH(X-Z) =   -0.13162E+00   -0.19036E+02    0.24386E+00
 TTOTH(X-Z) =    0.15021E+01    0.61242E+01   -0.86038E+01

     U(X-Z) =     0.000     0.000     1.000 A/SEC
  OMGA(X-Z) =     0.000     0.000     0.000 RAD/S

 FTOTH(X-Z) =   -0.19770E+00    0.24382E+00   -0.18924E+02
 TTOTH(X-Z) =    0.28242E+01    0.86555E+01   -0.67903E+01

     U(X-Z) =     0.000     0.000     0.000 A/SEC
  OMGA(X-Z) =     1.000     0.000     0.000 RAD/S

 FTOTH(X-Z) =    0.65888E+00    0.15057E+01    0.28527E+01
 TTOTH(X-Z) =   -0.19003E+05   -0.58294E+03   -0.61349E+03

     U(X-Z) =     0.000     0.000     0.000 A/SEC
  OMGA(X-Z) =     0.000     1.000     0.000 RAD/S

 FTOTH(X-Z) =   -0.34243E+01    0.61043E+01    0.86443E+01
 TTOTH(X-Z) =   -0.58361E+03   -0.16983E+05    0.15918E+04

     U(X-Z) =     0.000     0.000     0.000 A/SEC
  OMGA(X-Z) =     0.000     0.000     1.000 RAD/S

 FTOTH(X-Z) =   -0.54059E-02   -0.86478E+01   -0.67954E+01
 TTOTH(X-Z) =   -0.61336E+03    0.15893E+04   -0.16664E+05

 I,J,Ktt,Ktr,Krt,Krr=    1    1  0.1974E+02 -0.6117E+00 -0.6589E+00  0.1900E+05
 I,J,Ktt,Ktr,Krt,Krr=    1    2  0.1316E+00 -0.1502E+01  0.3424E+01  0.5836E+03
 I,J,Ktt,Ktr,Krt,Krr=    1    3  0.1977E+00 -0.2824E+01  0.5406E-02  0.6134E+03
 I,J,Ktt,Ktr,Krt,Krr=    2    1  0.1316E+00  0.3467E+01 -0.1506E+01  0.5829E+03
 I,J,Ktt,Ktr,Krt,Krr=    2    2  0.1904E+02 -0.6124E+01 -0.6104E+01  0.1698E+05
 I,J,Ktt,Ktr,Krt,Krr=    2    3 -0.2438E+00 -0.8655E+01  0.8648E+01 -0.1589E+04
 I,J,Ktt,Ktr,Krt,Krr=    3    1  0.1978E+00 -0.6884E-01 -0.2853E+01  0.6135E+03
 I,J,Ktt,Ktr,Krt,Krr=    3    2 -0.2439E+00  0.8604E+01 -0.8644E+01 -0.1592E+04
 I,J,Ktt,Ktr,Krt,Krr=    3    3  0.1892E+02  0.6790E+01  0.6795E+01  0.1666E+05
  
  Friction Tensors in Center of Resistance
  
  Ktt Tensor (A)
    0.19745E+02    0.13162E+00    0.19770E+00
    0.13164E+00    0.19036E+02   -0.24382E+00
    0.19778E+00   -0.24386E+00    0.18924E+02
  
  Symmetric Krt Tensor (A^2)
   -0.63531E+00    0.34457E+01   -0.31716E-01
   -0.15039E+01   -0.61143E+01    0.86258E+01
   -0.28385E+01   -0.86499E+01    0.67929E+01
  
  Krr Tensor (A^3)
    0.19003E+05    0.58361E+03    0.61336E+03
    0.58294E+03    0.16983E+05   -0.15893E+04
    0.61349E+03   -0.15918E+04    0.16664E+05
  
 Raw Dtt tensor (no rot/trans coupling correction)
    0.50655E-01   -0.35708E-03   -0.53380E-03
   -0.35713E-03    0.52545E-01    0.68074E-03
   -0.53401E-03    0.68084E-03    0.52857E-01
  
 Raw Drr tensor (no rot/trans coupling correction)
    0.52755E-04   -0.20130E-05   -0.21338E-05
   -0.20106E-05    0.59492E-04    0.57481E-05
   -0.21343E-05    0.57572E-05    0.60639E-04
  
 Raw Dtt tensor, before CD transformation
    0.50655E-01   -0.35716E-03   -0.53956E-03
   -0.35692E-03    0.52544E-01    0.66025E-03
   -0.53423E-03    0.68112E-03    0.52879E-01
  
 Program finished at:                
 Elapsed time CPU_TIME:   300.66399999999999     
