 BEST ver.3.90 SFSU/ARAGON
  
 control gtensor value=   1.0000000000000000     
 true area (A^2)=    10602.830000000000     
 total area (A^2) =    9771.9850236239236     
 centroid coords =    32.279521128981408        1.5023809523812133E-002   22.887987543361696     
  
 first few rows of gr matrix
   10.421982153062650       0.46936067729028208       0.54342414031428588        3.2742271057751418       0.31989822504266990     
  0.46936067729028319        8.5136414457135388       -1.5959534029126892       0.31989822504266990        4.0598396442158649     
  0.54342414031428588       -1.5959534029126901        8.9331848623541816      -0.11009150403194508       -1.0409096255004622     
   2.8337322982295459       0.25320624217258952       -4.3614050701194625E-002   10.896501670257061       0.46374511543053654     
  0.25320624217258952        3.7108266414161948      -0.90272325994450109       0.46374511543053698        10.229182206306920     
  -4.3614050701194625E-002 -0.90272325994450109        3.0937518019899213       0.98723989205298679       -1.4732615318949422     
   1.2575898945301989       0.34891004955778365       -1.6636273211917067E-002   2.2044318411362540       0.59022334159312273     
  0.34891004955778365        1.9750588121991104       -7.7902308217331281E-002  0.59022334159312273        3.0139104210985033     
  -1.6636273211917067E-002  -7.7902308217331281E-002   1.1027913494973136       0.25111574561292094       0.34603032448062659     
 first few columns of gr matrix
   10.421982153062650       0.46936067729028319       0.54342414031428588        2.8337322982295459       0.25320624217258952     
  0.46936067729028208        8.5136414457135388       -1.5959534029126901       0.25320624217258952        3.7108266414161948     
  0.54342414031428588       -1.5959534029126892        8.9331848623541816       -4.3614050701194625E-002 -0.90272325994450109     
   3.2742271057751418       0.31989822504266990      -0.11009150403194508        10.896501670257061       0.46374511543053698     
  0.31989822504266990        4.0598396442158649       -1.0409096255004622       0.46374511543053654        10.229182206306920     
 -0.11009150403194508       -1.0409096255004622        3.6160206606691196       0.98723989205298612       -1.4732615318949418     
   2.8475902729784321       0.80908429711519747       -1.6002771060477435E-002   4.3848293136912293        1.1182509559570517     
  0.80908429711519747        4.0544502087103664      -0.17312026540860984        1.1182509559570517        5.3105344938087047     
  -1.6002771060477435E-002 -0.17312026540860984        2.4155566239672450       0.52630280640577842       0.45125526626720364     
  
 about to enter dgetrf
 Just out of dgetrf:                 
  
  **** TRANSLATION/ROTATION FLOWS ****
     U(X-Z) =     1.000     0.000     0.000 A/SEC
  OMGA(X-Z) =     0.000     0.000     0.000 RAD/S

 FTOTH(X-Z) =   -0.19623E+02   -0.12788E+00   -0.19628E+00
 TTOTH(X-Z) =    0.65864E+00    0.34916E+01    0.31457E+01

     U(X-Z) =     0.000     1.000     0.000 A/SEC
  OMGA(X-Z) =     0.000     0.000     0.000 RAD/S

 FTOTH(X-Z) =   -0.12757E+00   -0.18903E+02    0.24426E+00
 TTOTH(X-Z) =   -0.52135E+01    0.61327E+01   -0.62379E+01

     U(X-Z) =     0.000     0.000     1.000 A/SEC
  OMGA(X-Z) =     0.000     0.000     0.000 RAD/S

 FTOTH(X-Z) =   -0.19620E+00    0.24396E+00   -0.18805E+02
 TTOTH(X-Z) =   -0.52787E-01    0.64593E+01   -0.68239E+01

     U(X-Z) =     0.000     0.000     0.000 A/SEC
  OMGA(X-Z) =     1.000     0.000     0.000 RAD/S

 FTOTH(X-Z) =    0.69890E+00   -0.53672E+01   -0.14745E+00
 TTOTH(X-Z) =   -0.18663E+05   -0.57678E+03   -0.61209E+03

     U(X-Z) =     0.000     0.000     0.000 A/SEC
  OMGA(X-Z) =     0.000     1.000     0.000 RAD/S

 FTOTH(X-Z) =    0.36120E+01    0.61521E+01    0.64488E+01
 TTOTH(X-Z) =   -0.58173E+03   -0.16643E+05    0.15706E+04

     U(X-Z) =     0.000     0.000     0.000 A/SEC
  OMGA(X-Z) =     0.000     0.000     1.000 RAD/S

 FTOTH(X-Z) =    0.32861E+01   -0.61777E+01   -0.68862E+01
 TTOTH(X-Z) =   -0.60937E+03    0.15705E+04   -0.16352E+05

 I,J,Ktt,Ktr,Krt,Krr=    1    1  0.1962E+02 -0.6586E+00 -0.6989E+00  0.1866E+05
 I,J,Ktt,Ktr,Krt,Krr=    1    2  0.1276E+00  0.5213E+01 -0.3612E+01  0.5817E+03
 I,J,Ktt,Ktr,Krt,Krr=    1    3  0.1962E+00  0.5279E-01 -0.3286E+01  0.6094E+03
 I,J,Ktt,Ktr,Krt,Krr=    2    1  0.1279E+00 -0.3492E+01  0.5367E+01  0.5768E+03
 I,J,Ktt,Ktr,Krt,Krr=    2    2  0.1890E+02 -0.6133E+01 -0.6152E+01  0.1664E+05
 I,J,Ktt,Ktr,Krt,Krr=    2    3 -0.2440E+00 -0.6459E+01  0.6178E+01 -0.1571E+04
 I,J,Ktt,Ktr,Krt,Krr=    3    1  0.1963E+00 -0.3146E+01  0.1475E+00  0.6121E+03
 I,J,Ktt,Ktr,Krt,Krr=    3    2 -0.2443E+00  0.6238E+01 -0.6449E+01 -0.1571E+04
 I,J,Ktt,Ktr,Krt,Krr=    3    3  0.1881E+02  0.6824E+01  0.6886E+01  0.1635E+05
  
  Friction Tensors in Center of Resistance
  
  Ktt Tensor (A)
    0.19623E+02    0.12757E+00    0.19620E+00
    0.12788E+00    0.18903E+02   -0.24396E+00
    0.19628E+00   -0.24426E+00    0.18805E+02
  
  Symmetric Krt Tensor (A^2)
   -0.67877E+00   -0.35518E+01   -0.32159E+01
    0.52903E+01   -0.61424E+01    0.62078E+01
    0.10012E+00   -0.64541E+01    0.68551E+01
  
  Krr Tensor (A^3)
    0.18663E+05    0.58173E+03    0.60937E+03
    0.57678E+03    0.16643E+05   -0.15705E+04
    0.61209E+03   -0.15706E+04    0.16352E+05
  
 Raw Dtt tensor (no rot/trans coupling correction)
    0.50969E-01   -0.35091E-03   -0.53631E-03
   -0.35174E-03    0.52914E-01    0.69011E-03
   -0.53655E-03    0.69095E-03    0.53191E-01
  
 Raw Drr tensor (no rot/trans coupling correction)
    0.53719E-04   -0.20855E-05   -0.22022E-05
   -0.20702E-05    0.60714E-04    0.59083E-05
   -0.22096E-05    0.59096E-05    0.61804E-04
  
 Raw Dtt tensor, before CD transformation
    0.50969E-01   -0.35083E-03   -0.52982E-03
   -0.35160E-03    0.52913E-01    0.67648E-03
   -0.53673E-03    0.69119E-03    0.53209E-01
  
 Program finished at:                
 Elapsed time CPU_TIME:   36.491999999999997     
