 BEST ver.3.90 SFSU/ARAGON
  
 control gtensor value=   1.0000000000000000     
 true area (A^2)=    10602.830000000000     
 total area (A^2) =    10036.916097926000     
 centroid coords =    32.267166903521264       -7.7692404863414402E-002   22.376979156797670     
  
 first few rows of gr matrix
   5.4647632439306735        5.0999758274997642E-002 -0.38719627591901945        4.8584163489555934      -0.85658719710353715     
   5.0999758274997697E-002   4.4214113543391749      -0.85360798858962528      -0.85658719710353715        5.4028174505491791     
 -0.38719627591901934      -0.85360798858962528        4.5842574566067027      -0.23398447590931418      -0.29805303362632013     
   1.3366576027746533      -0.28506573626005161       -8.8588561035586919E-002   9.9258166738470379       -9.3501928158873648E-002
 -0.28506573626005161        1.6759615937742789        2.1276460075770869E-002  -9.3501928158873593E-002   10.689955975213776     
  -8.8588561035586919E-002   2.1276460075770869E-002   1.0623619707163285       -1.4808117503934697       0.12057225928990162     
  0.57940933179459109       -1.2822369465868386E-002  -1.4175301626046407E-002   4.1908094942644283       0.72370564994598396     
  -1.2822369465868386E-002   1.0642678440531215        3.9758449938580957E-002  0.72370564994598396        4.9747988011948197     
  -1.4175301626046407E-002   3.9758449938580957E-002  0.56448603747906723      -0.15461359382333090       0.22281675961643416     
 first few columns of gr matrix
   5.4647632439306735        5.0999758274997697E-002 -0.38719627591901934        1.3366576027746533      -0.28506573626005161     
   5.0999758274997642E-002   4.4214113543391749      -0.85360798858962528      -0.28506573626005161        1.6759615937742789     
 -0.38719627591901945      -0.85360798858962528        4.5842574566067027       -8.8588561035586919E-002   2.1276460075770869E-002
   4.8584163489555934      -0.85658719710353715      -0.23398447590931418        9.9258166738470379       -9.3501928158873593E-002
 -0.85658719710353715        5.4028174505491791      -0.29805303362632013       -9.3501928158873648E-002   10.689955975213776     
 -0.23398447590931418      -0.29805303362632013        3.8306685016417177       -1.4808117503934710       0.12057225928990169     
   1.1940091976335747        2.1830651997169624E-002  -4.7126632391100397E-002   2.1428436574233483       0.43491955834853840     
   2.1830651997169624E-002   2.1251331451353663       -6.0051743026953805E-002  0.43491955834853840        2.5505906601573196     
  -4.7126632391100397E-002  -6.0051743026953805E-002   1.1629450237123828      -0.16225840707258632       -2.9201301751592881E-002
  
 about to enter dgetrf
 Just out of dgetrf:                 
  
  **** TRANSLATION/ROTATION FLOWS ****
     U(X-Z) =     1.000     0.000     0.000 A/SEC
  OMGA(X-Z) =     0.000     0.000     0.000 RAD/S

 FTOTH(X-Z) =   -0.19726E+02   -0.13080E+00   -0.19627E+00
 TTOTH(X-Z) =    0.62227E+00   -0.58505E+01    0.54039E+01

     U(X-Z) =     0.000     1.000     0.000 A/SEC
  OMGA(X-Z) =     0.000     0.000     0.000 RAD/S

 FTOTH(X-Z) =   -0.13078E+00   -0.19022E+02    0.24617E+00
 TTOTH(X-Z) =    0.39131E+01    0.61154E+01   -0.70289E+01

     U(X-Z) =     0.000     0.000     1.000 A/SEC
  OMGA(X-Z) =     0.000     0.000     0.000 RAD/S

 FTOTH(X-Z) =   -0.19623E+00    0.24606E+00   -0.18910E+02
 TTOTH(X-Z) =   -0.23718E+01    0.71338E+01   -0.67621E+01

     U(X-Z) =     0.000     0.000     0.000 A/SEC
  OMGA(X-Z) =     1.000     0.000     0.000 RAD/S

 FTOTH(X-Z) =    0.66427E+00    0.39421E+01   -0.23296E+01
 TTOTH(X-Z) =   -0.18960E+05   -0.58256E+03   -0.61874E+03

     U(X-Z) =     0.000     0.000     0.000 A/SEC
  OMGA(X-Z) =     0.000     1.000     0.000 RAD/S

 FTOTH(X-Z) =   -0.58327E+01    0.60895E+01    0.71374E+01
 TTOTH(X-Z) =   -0.58330E+03   -0.16946E+05    0.15984E+04

     U(X-Z) =     0.000     0.000     0.000 A/SEC
  OMGA(X-Z) =     0.000     0.000     1.000 RAD/S

 FTOTH(X-Z) =    0.53118E+01   -0.70872E+01   -0.67889E+01
 TTOTH(X-Z) =   -0.61683E+03    0.15967E+04   -0.16628E+05

 I,J,Ktt,Ktr,Krt,Krr=    1    1  0.1973E+02 -0.6223E+00 -0.6643E+00  0.1896E+05
 I,J,Ktt,Ktr,Krt,Krr=    1    2  0.1308E+00 -0.3913E+01  0.5833E+01  0.5833E+03
 I,J,Ktt,Ktr,Krt,Krr=    1    3  0.1962E+00  0.2372E+01 -0.5312E+01  0.6168E+03
 I,J,Ktt,Ktr,Krt,Krr=    2    1  0.1308E+00  0.5850E+01 -0.3942E+01  0.5826E+03
 I,J,Ktt,Ktr,Krt,Krr=    2    2  0.1902E+02 -0.6115E+01 -0.6089E+01  0.1695E+05
 I,J,Ktt,Ktr,Krt,Krr=    2    3 -0.2461E+00 -0.7134E+01  0.7087E+01 -0.1597E+04
 I,J,Ktt,Ktr,Krt,Krr=    3    1  0.1963E+00 -0.5404E+01  0.2330E+01  0.6187E+03
 I,J,Ktt,Ktr,Krt,Krr=    3    2 -0.2462E+00  0.7029E+01 -0.7137E+01 -0.1598E+04
 I,J,Ktt,Ktr,Krt,Krr=    3    3  0.1891E+02  0.6762E+01  0.6789E+01  0.1663E+05
  
  Friction Tensors in Center of Resistance
  
  Ktt Tensor (A)
    0.19726E+02    0.13078E+00    0.19623E+00
    0.13080E+00    0.19022E+02   -0.24606E+00
    0.19627E+00   -0.24617E+00    0.18910E+02
  
  Symmetric Krt Tensor (A^2)
   -0.64327E+00    0.58416E+01   -0.53578E+01
   -0.39276E+01   -0.61025E+01    0.70581E+01
    0.23507E+01   -0.71356E+01    0.67755E+01
  
  Krr Tensor (A^3)
    0.18960E+05    0.58330E+03    0.61683E+03
    0.58256E+03    0.16946E+05   -0.15967E+04
    0.61874E+03   -0.15984E+04    0.16628E+05
  
 Raw Dtt tensor (no rot/trans coupling correction)
    0.50702E-01   -0.35543E-03   -0.53073E-03
   -0.35550E-03    0.52581E-01    0.68788E-03
   -0.53086E-03    0.68818E-03    0.52895E-01
  
 Raw Drr tensor (no rot/trans coupling correction)
    0.52876E-04   -0.20234E-05   -0.21558E-05
   -0.20215E-05    0.59629E-04    0.58010E-05
   -0.21619E-05    0.58071E-05    0.60777E-04
  
 Raw Dtt tensor, before CD transformation
    0.50702E-01   -0.35545E-03   -0.53231E-03
   -0.35528E-03    0.52581E-01    0.66588E-03
   -0.53109E-03    0.68847E-03    0.52918E-01
  
 Program finished at:                
 Elapsed time CPU_TIME:   202.53199999999998     
