 BEST ver.3.90 SFSU/ARAGON
  
 control gtensor value=   1.0000000000000000     
 true area (A^2)=    4181.3329999999996     
 total area (A^2) =    3984.2819104449718     
 centroid coords =   -4.4128733264677485E-002   8.2680913147957585E-002 -0.50925901132852736     
  
 first few rows of gr matrix
   5.6020793358325385        4.6082493708540617E-002   5.2197463250577614E-002   2.0737506021364220       0.10309446973400377     
   4.6082493708540617E-002   4.7882821789775081      -0.84110820310488155       0.10309446973400377        1.5524736349430444     
   5.2197463250577655E-002 -0.84110820310488110        4.3175110314594072      -0.46664733787429680      -0.13246112462252249     
   1.4688528681788457        9.8899756107440964E-002 -0.37619620110278873        5.0033142375057116      -0.84289136926022290     
   9.8899756107440964E-002  0.94842109140938669       -7.8395180282984742E-002 -0.84289136926022268        7.2682687754964688     
 -0.37619620110278873       -7.8395180282984742E-002   1.2377379114542242      -0.18938333396289303       -7.2530266826064255E-002
  0.59758062964725756       0.10513589577840649      -0.15640788213977561        1.9023481597087710       -7.0564161252411620E-002
  0.10513589577840649       0.60020082729286206      -0.17148860337650743       -7.0564161252411620E-002   2.4300181789501081     
 -0.15640788213977561      -0.17148860337650743       0.74127742972234278      -0.23249493129354659      -0.46078071057129516     
 first few columns of gr matrix
   5.6020793358325385        4.6082493708540617E-002   5.2197463250577655E-002   1.4688528681788457        9.8899756107440964E-002
   4.6082493708540617E-002   4.7882821789775081      -0.84110820310488110        9.8899756107440964E-002  0.94842109140938669     
   5.2197463250577614E-002 -0.84110820310488155        4.3175110314594072      -0.37619620110278873       -7.8395180282984742E-002
   2.0737506021364220       0.10309446973400377      -0.46664733787429680        5.0033142375057116      -0.84289136926022268     
  0.10309446973400377        1.5524736349430444      -0.13246112462252249      -0.84289136926022290        7.2682687754964688     
 -0.46664733787429680      -0.13246112462252249        1.6617326149887353      -0.18938333396289292       -7.2530266826064699E-002
   1.4245112187995150        9.2774952538100211E-002 -0.41038673236783890        2.2670775701830630      -0.17518100562975195     
   9.2774952538100211E-002   1.2189879572223112      -0.17544493292072097      -0.17518100562975195        2.8678438862088340     
 -0.41038673236783890      -0.17544493292072097        1.5164610125305304      -0.26926885369237658      -0.25303557530810655     
  
 about to enter dgetrf
 Just out of dgetrf:                 
  
  **** TRANSLATION/ROTATION FLOWS ****
     U(X-Z) =     1.000     0.000     0.000 A/SEC
  OMGA(X-Z) =     0.000     0.000     0.000 RAD/S

 FTOTH(X-Z) =   -0.12632E+02   -0.44910E-01   -0.20641E+00
 TTOTH(X-Z) =    0.28398E+00    0.18975E+00    0.27836E+01

     U(X-Z) =     0.000     1.000     0.000 A/SEC
  OMGA(X-Z) =     0.000     0.000     0.000 RAD/S

 FTOTH(X-Z) =   -0.44955E-01   -0.12857E+02   -0.36628E+00
 TTOTH(X-Z) =    0.18950E+01    0.68667E+00    0.18542E+01

     U(X-Z) =     0.000     0.000     1.000 A/SEC
  OMGA(X-Z) =     0.000     0.000     0.000 RAD/S

 FTOTH(X-Z) =   -0.20642E+00   -0.36631E+00   -0.12477E+02
 TTOTH(X-Z) =   -0.12204E+01   -0.28358E+01   -0.10086E+01

     U(X-Z) =     0.000     0.000     0.000 A/SEC
  OMGA(X-Z) =     1.000     0.000     0.000 RAD/S

 FTOTH(X-Z) =    0.27709E+00    0.18490E+01   -0.12464E+01
 TTOTH(X-Z) =   -0.50844E+04    0.42483E+02   -0.33914E+03

     U(X-Z) =     0.000     0.000     0.000 A/SEC
  OMGA(X-Z) =     0.000     1.000     0.000 RAD/S

 FTOTH(X-Z) =    0.20423E+00    0.66819E+00   -0.28413E+01
 TTOTH(X-Z) =    0.42436E+02   -0.52586E+04   -0.53022E+03

     U(X-Z) =     0.000     0.000     0.000 A/SEC
  OMGA(X-Z) =     0.000     0.000     1.000 RAD/S

 FTOTH(X-Z) =    0.27919E+01    0.18636E+01   -0.98275E+00
 TTOTH(X-Z) =   -0.33931E+03   -0.53216E+03   -0.47941E+04

 I,J,Ktt,Ktr,Krt,Krr=    1    1  0.1263E+02 -0.2840E+00 -0.2771E+00  0.5084E+04
 I,J,Ktt,Ktr,Krt,Krr=    1    2  0.4496E-01 -0.1895E+01 -0.2042E+00 -0.4244E+02
 I,J,Ktt,Ktr,Krt,Krr=    1    3  0.2064E+00  0.1220E+01 -0.2792E+01  0.3393E+03
 I,J,Ktt,Ktr,Krt,Krr=    2    1  0.4491E-01 -0.1897E+00 -0.1849E+01 -0.4248E+02
 I,J,Ktt,Ktr,Krt,Krr=    2    2  0.1286E+02 -0.6867E+00 -0.6682E+00  0.5259E+04
 I,J,Ktt,Ktr,Krt,Krr=    2    3  0.3663E+00  0.2836E+01 -0.1864E+01  0.5322E+03
 I,J,Ktt,Ktr,Krt,Krr=    3    1  0.2064E+00 -0.2784E+01  0.1246E+01  0.3391E+03
 I,J,Ktt,Ktr,Krt,Krr=    3    2  0.3663E+00 -0.1854E+01  0.2841E+01  0.5302E+03
 I,J,Ktt,Ktr,Krt,Krr=    3    3  0.1248E+02  0.1009E+01  0.9827E+00  0.4794E+04
  
  Friction Tensors in Center of Resistance
  
  Ktt Tensor (A)
    0.12632E+02    0.44955E-01    0.20642E+00
    0.44910E-01    0.12857E+02    0.36631E+00
    0.20641E+00    0.36628E+00    0.12477E+02
  
  Symmetric Krt Tensor (A^2)
   -0.28054E+00   -0.19699E+00   -0.27877E+01
   -0.18720E+01   -0.67743E+00   -0.18589E+01
    0.12334E+01    0.28386E+01    0.99565E+00
  
  Krr Tensor (A^3)
    0.50844E+04   -0.42436E+02    0.33931E+03
   -0.42483E+02    0.52586E+04    0.53216E+03
    0.33914E+03    0.53022E+03    0.47941E+04
  
 Raw Dtt tensor (no rot/trans coupling correction)
    0.79187E-01   -0.23977E-03   -0.13030E-02
   -0.23949E-03    0.77847E-01   -0.22815E-02
   -0.13030E-02   -0.22813E-02    0.80235E-01
  
 Raw Drr tensor (no rot/trans coupling correction)
    0.19766E-03    0.30397E-05   -0.14327E-04
    0.30460E-05    0.19236E-03   -0.21568E-04
   -0.14320E-04   -0.21490E-04    0.21199E-03
  
 Raw Dtt tensor, before CD transformation
    0.79187E-01   -0.23999E-03   -0.12954E-02
   -0.23960E-03    0.77847E-01   -0.22745E-02
   -0.13033E-02   -0.22818E-02    0.80252E-01
  
 Program finished at:                
 Elapsed time CPU_TIME:   34.368000000000002     
