 BEST ver.3.90 SFSU/ARAGON
  
 control gtensor value=   1.0000000000000000     
 true area (A^2)=    4181.3329999999996     
 total area (A^2) =    4020.1441604772403     
 centroid coords =  -0.14965618521077920       0.11738021193273494      -0.47598030407740100     
  
 first few rows of gr matrix
   5.5770363003655463        4.5876490641613643E-002   5.1964124369582046E-002  0.79971144798539406       0.16510831390410960     
   4.5876490641613601E-002   4.7668770696876273      -0.83734818806418043       0.16510831390410960        1.0764675716721177     
   5.1964124369582046E-002 -0.83734818806418043        4.2982104154901970      -0.10903312461453904      -0.26046666587008283     
  0.67876279892428781        8.0600899974767090E-002  -5.1719943122378868E-002   5.1746535283714357      -0.10151821728198272     
   8.0600899974767090E-002   1.0241885645467659      -0.26353845317060282      -0.10151821728198204        4.8788066898791183     
  -5.1719943122378868E-002 -0.26353845317060282       0.80025286639946325       -4.0292190248285592E-002 -0.93283526805697847     
  0.95080800579716762       0.17447012681744742      -0.24494983946662979        1.7839305847027116      -0.37482478184195200     
  0.17447012681744742       0.78339248331822875      -0.17266983795561247      -0.37482478184195200        1.5205239714450980     
 -0.24494983946662979      -0.17266983795561247       0.90472352424203684      -0.22730541150301128        3.6329610614639456E-002
 first few columns of gr matrix
   5.5770363003655463        4.5876490641613601E-002   5.1964124369582046E-002  0.67876279892428781        8.0600899974767090E-002
   4.5876490641613643E-002   4.7668770696876273      -0.83734818806418043        8.0600899974767090E-002   1.0241885645467659     
   5.1964124369582046E-002 -0.83734818806418043        4.2982104154901970       -5.1719943122378868E-002 -0.26353845317060282     
  0.79971144798539406       0.16510831390410960      -0.10903312461453904        5.1746535283714357      -0.10151821728198204     
  0.16510831390410960        1.0764675716721177      -0.26046666587008283      -0.10151821728198272        4.8788066898791183     
 -0.10903312461453904      -0.26046666587008283       0.85531707506161059       -4.0292190248285620E-002 -0.93283526805697847     
   1.3525882789400654       0.26644312708860285      -0.32236749569384127        2.9223408007734721      -0.48343148763006938     
  0.26644312708860285        1.1725006525683521      -0.24062107496862328      -0.48343148763006938        2.2997569766057238     
 -0.32236749569384127      -0.24062107496862328        1.2174412054115089      -0.21989098507907326       -7.4636088236464906E-002
  
 about to enter dgetrf
 Just out of dgetrf:                 
  
  **** TRANSLATION/ROTATION FLOWS ****
     U(X-Z) =     1.000     0.000     0.000 A/SEC
  OMGA(X-Z) =     0.000     0.000     0.000 RAD/S

 FTOTH(X-Z) =   -0.12672E+02   -0.45680E-01   -0.20322E+00
 TTOTH(X-Z) =    0.32259E+00    0.77543E+00    0.24932E+01

     U(X-Z) =     0.000     1.000     0.000 A/SEC
  OMGA(X-Z) =     0.000     0.000     0.000 RAD/S

 FTOTH(X-Z) =   -0.45730E-01   -0.12896E+02   -0.36509E+00
 TTOTH(X-Z) =    0.12619E+01    0.66464E+00    0.40786E+00

     U(X-Z) =     0.000     0.000     1.000 A/SEC
  OMGA(X-Z) =     0.000     0.000     0.000 RAD/S

 FTOTH(X-Z) =   -0.20331E+00   -0.36512E+00   -0.12528E+02
 TTOTH(X-Z) =   -0.97007E+00   -0.14837E+01   -0.10321E+01

     U(X-Z) =     0.000     0.000     0.000 A/SEC
  OMGA(X-Z) =     1.000     0.000     0.000 RAD/S

 FTOTH(X-Z) =    0.30378E+00    0.12732E+01   -0.97240E+00
 TTOTH(X-Z) =   -0.51331E+04    0.39792E+02   -0.33327E+03

     U(X-Z) =     0.000     0.000     0.000 A/SEC
  OMGA(X-Z) =     0.000     1.000     0.000 RAD/S

 FTOTH(X-Z) =    0.73018E+00    0.68029E+00   -0.14938E+01
 TTOTH(X-Z) =    0.38697E+02   -0.53003E+04   -0.53319E+03

     U(X-Z) =     0.000     0.000     0.000 A/SEC
  OMGA(X-Z) =     0.000     0.000     1.000 RAD/S

 FTOTH(X-Z) =    0.24864E+01    0.40799E+00   -0.10193E+01
 TTOTH(X-Z) =   -0.33406E+03   -0.53209E+03   -0.48489E+04

 I,J,Ktt,Ktr,Krt,Krr=    1    1  0.1267E+02 -0.3226E+00 -0.3038E+00  0.5133E+04
 I,J,Ktt,Ktr,Krt,Krr=    1    2  0.4573E-01 -0.1262E+01 -0.7302E+00 -0.3870E+02
 I,J,Ktt,Ktr,Krt,Krr=    1    3  0.2033E+00  0.9701E+00 -0.2486E+01  0.3341E+03
 I,J,Ktt,Ktr,Krt,Krr=    2    1  0.4568E-01 -0.7754E+00 -0.1273E+01 -0.3979E+02
 I,J,Ktt,Ktr,Krt,Krr=    2    2  0.1290E+02 -0.6646E+00 -0.6803E+00  0.5300E+04
 I,J,Ktt,Ktr,Krt,Krr=    2    3  0.3651E+00  0.1484E+01 -0.4080E+00  0.5321E+03
 I,J,Ktt,Ktr,Krt,Krr=    3    1  0.2032E+00 -0.2493E+01  0.9724E+00  0.3333E+03
 I,J,Ktt,Ktr,Krt,Krr=    3    2  0.3651E+00 -0.4079E+00  0.1494E+01  0.5332E+03
 I,J,Ktt,Ktr,Krt,Krr=    3    3  0.1253E+02  0.1032E+01  0.1019E+01  0.4849E+04
  
  Friction Tensors in Center of Resistance
  
  Ktt Tensor (A)
    0.12672E+02    0.45730E-01    0.20331E+00
    0.45680E-01    0.12896E+02    0.36512E+00
    0.20322E+00    0.36509E+00    0.12528E+02
  
  Symmetric Krt Tensor (A^2)
   -0.31319E+00   -0.75280E+00   -0.24898E+01
   -0.12676E+01   -0.67246E+00   -0.40793E+00
    0.97124E+00    0.14888E+01    0.10257E+01
  
  Krr Tensor (A^3)
    0.51331E+04   -0.38697E+02    0.33406E+03
   -0.39792E+02    0.53003E+04    0.53209E+03
    0.33327E+03    0.53319E+03    0.48489E+04
  
 Raw Dtt tensor (no rot/trans coupling correction)
    0.78933E-01   -0.24384E-03   -0.12739E-02
   -0.24355E-03    0.77609E-01   -0.22579E-02
   -0.12733E-02   -0.22577E-02    0.79908E-01
  
 Raw Drr tensor (no rot/trans coupling correction)
    0.19573E-03    0.28166E-05   -0.13793E-04
    0.28514E-05    0.19082E-03   -0.21135E-04
   -0.13766E-04   -0.21176E-04    0.20950E-03
  
 Raw Dtt tensor, before CD transformation
    0.78933E-01   -0.24393E-03   -0.12706E-02
   -0.24362E-03    0.77608E-01   -0.22530E-02
   -0.12734E-02   -0.22580E-02    0.79918E-01
  
 Program finished at:                
 Elapsed time CPU_TIME:   89.543999999999997     
