 BEST ver.3.90 SFSU/ARAGON
  
 control gtensor value=   1.0000000000000000     
 true area (A^2)=    4181.3329999999996     
 total area (A^2) =    4012.3300204664652     
 centroid coords =    8.4487276392066473E-003  0.13073633156966499      -0.47393146888384857     
  
 first few rows of gr matrix
   5.5824643863751389        4.5921141872771035E-002   5.2014700647249931E-002   1.3552224875257641       0.26696203353183118     
   4.5921141872771049E-002   4.7715166340257182      -0.83816317253621797       0.26696203353183118        1.1747841347881989     
   5.2014700647249945E-002 -0.83816317253621797        4.3023938302226918      -0.32299531661919495      -0.24108969214611284     
  0.95265973455396769       0.17480991292469589      -0.24542688705031473        5.5428896263702683      -0.90543986209695460     
  0.17480991292469589       0.78491816503354472      -0.17300611794318596      -0.90543986209695437        6.4019041812161532     
 -0.24542688705031473      -0.17300611794318596       0.90648550200892264      -0.68624384596616217      -0.48360108927907941     
  0.55596786869751647       0.10149420687342023      -0.14930636919662854        2.2020902732515371      -0.13447587115449097     
  0.10149420687342023       0.54960810891004275      -0.15433212730118187      -0.13447587115449097        2.4993322652483640     
 -0.14930636919662854      -0.15433212730118187       0.67242858864261379      -0.29844551652756424      -0.42725458713302245     
 first few columns of gr matrix
   5.5824643863751389        4.5921141872771049E-002   5.2014700647249945E-002  0.95265973455396769       0.17480991292469589     
   4.5921141872771035E-002   4.7715166340257182      -0.83816317253621797       0.17480991292469589       0.78491816503354472     
   5.2014700647249931E-002 -0.83816317253621797        4.3023938302226918      -0.24542688705031473      -0.17300611794318596     
   1.3552224875257641       0.26696203353183118      -0.32299531661919495        5.5428896263702683      -0.90543986209695437     
  0.26696203353183118        1.1747841347881989      -0.24108969214611284      -0.90543986209695460        6.4019041812161532     
 -0.32299531661919495      -0.24108969214611284        1.2198122107838099      -0.68624384596616239      -0.48360108927907908     
  0.43943968978202846        8.1394534810986074E-002 -0.12046509286169359        1.0557383015753090       -3.4408963396618752E-002
   8.1394534810986074E-002  0.43784666183844428      -0.11599663111170019       -3.4408963396618752E-002   1.2455469443142952     
 -0.12046509286169359      -0.11599663111170019       0.50881890049997913      -0.12468687674202676      -0.28453722132736348     
  
 about to enter dgetrf
 Just out of dgetrf:                 
  
  **** TRANSLATION/ROTATION FLOWS ****
     U(X-Z) =     1.000     0.000     0.000 A/SEC
  OMGA(X-Z) =     0.000     0.000     0.000 RAD/S

 FTOTH(X-Z) =   -0.12660E+02   -0.46676E-01   -0.20353E+00
 TTOTH(X-Z) =    0.26568E+00    0.68987E+00    0.23814E+01

     U(X-Z) =     0.000     1.000     0.000 A/SEC
  OMGA(X-Z) =     0.000     0.000     0.000 RAD/S

 FTOTH(X-Z) =   -0.46761E-01   -0.12887E+02   -0.36444E+00
 TTOTH(X-Z) =    0.13379E+01    0.68248E+00    0.24527E+01

     U(X-Z) =     0.000     0.000     1.000 A/SEC
  OMGA(X-Z) =     0.000     0.000     0.000 RAD/S

 FTOTH(X-Z) =   -0.20362E+00   -0.36447E+00   -0.12516E+02
 TTOTH(X-Z) =   -0.84411E+00   -0.35124E+01   -0.97829E+00

     U(X-Z) =     0.000     0.000     0.000 A/SEC
  OMGA(X-Z) =     1.000     0.000     0.000 RAD/S

 FTOTH(X-Z) =    0.25864E+00    0.13045E+01   -0.85591E+00
 TTOTH(X-Z) =   -0.51203E+04    0.42585E+02   -0.33407E+03

     U(X-Z) =     0.000     0.000     0.000 A/SEC
  OMGA(X-Z) =     0.000     1.000     0.000 RAD/S

 FTOTH(X-Z) =    0.70734E+00    0.67168E+00   -0.35162E+01
 TTOTH(X-Z) =    0.41664E+02   -0.52902E+04   -0.53103E+03

     U(X-Z) =     0.000     0.000     0.000 A/SEC
  OMGA(X-Z) =     0.000     0.000     1.000 RAD/S

 FTOTH(X-Z) =    0.23766E+01    0.24555E+01   -0.96876E+00
 TTOTH(X-Z) =   -0.33612E+03   -0.52928E+03   -0.48359E+04

 I,J,Ktt,Ktr,Krt,Krr=    1    1  0.1266E+02 -0.2657E+00 -0.2586E+00  0.5120E+04
 I,J,Ktt,Ktr,Krt,Krr=    1    2  0.4676E-01 -0.1338E+01 -0.7073E+00 -0.4166E+02
 I,J,Ktt,Ktr,Krt,Krr=    1    3  0.2036E+00  0.8441E+00 -0.2377E+01  0.3361E+03
 I,J,Ktt,Ktr,Krt,Krr=    2    1  0.4668E-01 -0.6899E+00 -0.1304E+01 -0.4259E+02
 I,J,Ktt,Ktr,Krt,Krr=    2    2  0.1289E+02 -0.6825E+00 -0.6717E+00  0.5290E+04
 I,J,Ktt,Ktr,Krt,Krr=    2    3  0.3645E+00  0.3512E+01 -0.2455E+01  0.5293E+03
 I,J,Ktt,Ktr,Krt,Krr=    3    1  0.2035E+00 -0.2381E+01  0.8559E+00  0.3341E+03
 I,J,Ktt,Ktr,Krt,Krr=    3    2  0.3644E+00 -0.2453E+01  0.3516E+01  0.5310E+03
 I,J,Ktt,Ktr,Krt,Krr=    3    3  0.1252E+02  0.9783E+00  0.9688E+00  0.4836E+04
  
  Friction Tensors in Center of Resistance
  
  Ktt Tensor (A)
    0.12660E+02    0.46761E-01    0.20362E+00
    0.46676E-01    0.12887E+02    0.36447E+00
    0.20353E+00    0.36444E+00    0.12516E+02
  
  Symmetric Krt Tensor (A^2)
   -0.26216E+00   -0.69860E+00   -0.23790E+01
   -0.13212E+01   -0.67708E+00   -0.24541E+01
    0.85001E+00    0.35143E+01    0.97352E+00
  
  Krr Tensor (A^3)
    0.51203E+04   -0.41664E+02    0.33612E+03
   -0.42585E+02    0.52902E+04    0.52928E+03
    0.33407E+03    0.53103E+03    0.48359E+04
  
 Raw Dtt tensor (no rot/trans coupling correction)
    0.79009E-01   -0.25055E-03   -0.12780E-02
   -0.25004E-03    0.77662E-01   -0.22574E-02
   -0.12775E-02   -0.22572E-02    0.79981E-01
  
 Raw Drr tensor (no rot/trans coupling correction)
    0.19623E-03    0.29470E-05   -0.13962E-04
    0.29686E-05    0.19117E-03   -0.21130E-04
   -0.13882E-04   -0.21196E-04    0.21007E-03
  
 Raw Dtt tensor, before CD transformation
    0.79009E-01   -0.25072E-03   -0.12718E-02
   -0.25020E-03    0.77662E-01   -0.22474E-02
   -0.12778E-02   -0.22577E-02    0.79998E-01
  
 Program finished at:                
 Elapsed time CPU_TIME:   70.683999999999997     
