 BEST ver.3.90 SFSU/ARAGON
  
 control gtensor value=   1.0000000000000000     
 true area (A^2)=    4181.3329999999996     
 total area (A^2) =    3994.0089839178263     
 centroid coords =    4.2716651333947739E-002  0.10245338853112543      -0.29064489420423173     
  
 first few rows of gr matrix
   5.5952534804632146        4.6026344479253481E-002   5.2133863234684399E-002   1.8962994297266338       0.24882067882698111     
   4.6026344479253481E-002   4.7824478950158085      -0.84008335454416572       0.24882067882698111        1.4335868962624481     
   5.2133863234684427E-002 -0.84008335454416483        4.3122503587538823      -0.43405945398848461      -0.21166306514886596     
   1.1898297570277159       0.14911255111404365      -0.29972585236327898        6.1361899883877413       -1.1316342259383085     
  0.14911255111404365       0.80575011704722210      -0.11573681575642410       -1.1316342259383081        7.1696628524155805     
 -0.29972585236327898      -0.11573681575642410       0.98032316904959216      -0.69532492024405568      -0.44457320911090137     
  0.57771688976398361       0.10575955078706058      -0.15553552844142110        2.3058877134091533      -0.17846606098247728     
  0.10575955078706058       0.56608246145883701      -0.15747673807047124      -0.17846606098247728        2.7558308485948455     
 -0.15553552844142110      -0.15747673807047124       0.69135204664926853      -0.23317303990866217      -0.51704485119265176     
 first few columns of gr matrix
   5.5952534804632146        4.6026344479253481E-002   5.2133863234684427E-002   1.1898297570277159       0.14911255111404365     
   4.6026344479253481E-002   4.7824478950158085      -0.84008335454416483       0.14911255111404365       0.80575011704722210     
   5.2133863234684399E-002 -0.84008335454416572        4.3122503587538823      -0.29972585236327898      -0.11573681575642410     
   1.8962994297266338       0.24882067882698111      -0.43405945398848461        6.1361899883877413       -1.1316342259383081     
  0.24882067882698111        1.4335868962624481      -0.21166306514886596       -1.1316342259383085        7.1696628524155805     
 -0.43405945398848461      -0.21166306514886596        1.5311829615445565      -0.69532492024405546      -0.44457320911090159     
  0.85975078782760972       0.11738372817375690      -0.24263386863513239        1.6571179241162892      -0.10530742068478102     
  0.11738372817375690       0.75014598963785950      -0.15884185622565261      -0.10530742068478102        1.8862228074336040     
 -0.24263386863513239      -0.15884185622565261       0.90609032715191506      -0.23452376384169368      -0.32090287974697673     
  
 about to enter dgetrf
 Just out of dgetrf:                 
  
  **** TRANSLATION/ROTATION FLOWS ****
     U(X-Z) =     1.000     0.000     0.000 A/SEC
  OMGA(X-Z) =     0.000     0.000     0.000 RAD/S

 FTOTH(X-Z) =   -0.12637E+02   -0.46554E-01   -0.20371E+00
 TTOTH(X-Z) =    0.30731E+00    0.29666E+01    0.25889E+01

     U(X-Z) =     0.000     1.000     0.000 A/SEC
  OMGA(X-Z) =     0.000     0.000     0.000 RAD/S

 FTOTH(X-Z) =   -0.46579E-01   -0.12863E+02   -0.36490E+00
 TTOTH(X-Z) =   -0.90216E+00    0.62349E+00    0.27811E+01

     U(X-Z) =     0.000     0.000     1.000 A/SEC
  OMGA(X-Z) =     0.000     0.000     0.000 RAD/S

 FTOTH(X-Z) =   -0.20375E+00   -0.36491E+00   -0.12489E+02
 TTOTH(X-Z) =   -0.11018E+01   -0.37883E+01   -0.96012E+00

     U(X-Z) =     0.000     0.000     0.000 A/SEC
  OMGA(X-Z) =     1.000     0.000     0.000 RAD/S

 FTOTH(X-Z) =    0.29318E+00   -0.92465E+00   -0.11088E+01
 TTOTH(X-Z) =   -0.50909E+04    0.37803E+02   -0.33402E+03

     U(X-Z) =     0.000     0.000     0.000 A/SEC
  OMGA(X-Z) =     0.000     1.000     0.000 RAD/S

 FTOTH(X-Z) =    0.29718E+01    0.61170E+00   -0.37933E+01
 TTOTH(X-Z) =    0.37089E+02   -0.52678E+04   -0.52925E+03

     U(X-Z) =     0.000     0.000     0.000 A/SEC
  OMGA(X-Z) =     0.000     0.000     1.000 RAD/S

 FTOTH(X-Z) =    0.26006E+01    0.27916E+01   -0.93411E+00
 TTOTH(X-Z) =   -0.33543E+03   -0.53062E+03   -0.48040E+04

 I,J,Ktt,Ktr,Krt,Krr=    1    1  0.1264E+02 -0.3073E+00 -0.2932E+00  0.5091E+04
 I,J,Ktt,Ktr,Krt,Krr=    1    2  0.4658E-01  0.9022E+00 -0.2972E+01 -0.3709E+02
 I,J,Ktt,Ktr,Krt,Krr=    1    3  0.2037E+00  0.1102E+01 -0.2601E+01  0.3354E+03
 I,J,Ktt,Ktr,Krt,Krr=    2    1  0.4655E-01 -0.2967E+01  0.9247E+00 -0.3780E+02
 I,J,Ktt,Ktr,Krt,Krr=    2    2  0.1286E+02 -0.6235E+00 -0.6117E+00  0.5268E+04
 I,J,Ktt,Ktr,Krt,Krr=    2    3  0.3649E+00  0.3788E+01 -0.2792E+01  0.5306E+03
 I,J,Ktt,Ktr,Krt,Krr=    3    1  0.2037E+00 -0.2589E+01  0.1109E+01  0.3340E+03
 I,J,Ktt,Ktr,Krt,Krr=    3    2  0.3649E+00 -0.2781E+01  0.3793E+01  0.5293E+03
 I,J,Ktt,Ktr,Krt,Krr=    3    3  0.1249E+02  0.9601E+00  0.9341E+00  0.4804E+04
  
  Friction Tensors in Center of Resistance
  
  Ktt Tensor (A)
    0.12637E+02    0.46579E-01    0.20375E+00
    0.46554E-01    0.12863E+02    0.36491E+00
    0.20371E+00    0.36490E+00    0.12489E+02
  
  Symmetric Krt Tensor (A^2)
   -0.30024E+00   -0.29692E+01   -0.25947E+01
    0.91341E+00   -0.61759E+00   -0.27863E+01
    0.11053E+01    0.37908E+01    0.94712E+00
  
  Krr Tensor (A^3)
    0.50909E+04   -0.37089E+02    0.33543E+03
   -0.37803E+02    0.52678E+04    0.53062E+03
    0.33402E+03    0.52925E+03    0.48040E+04
  
 Raw Dtt tensor (no rot/trans coupling correction)
    0.79153E-01   -0.25020E-03   -0.12840E-02
   -0.25005E-03    0.77807E-01   -0.22693E-02
   -0.12838E-02   -0.22692E-02    0.80155E-01
  
 Raw Drr tensor (no rot/trans coupling correction)
    0.19737E-03    0.28054E-05   -0.14091E-04
    0.28302E-05    0.19200E-03   -0.21405E-04
   -0.14035E-04   -0.21348E-04    0.21150E-03
  
 Raw Dtt tensor, before CD transformation
    0.79153E-01   -0.25019E-03   -0.12845E-02
   -0.25035E-03    0.77806E-01   -0.22508E-02
   -0.12841E-02   -0.22697E-02    0.80176E-01
  
 Program finished at:                
 Elapsed time CPU_TIME:   41.780000000000001     
