 BEST ver.3.90 SFSU/ARAGON
  
 control gtensor value=   1.0000000000000000     
 true area (A^2)=    6295.7020000000002     
 total area (A^2) =    5928.4293090667406     
 centroid coords =   0.18931772529858595        1.9327865092290994       -4.4736663952225904     
  
 first few rows of gr matrix
   6.9088433544545218      -0.26836248182004674        1.1233694012888433       0.94396668887351753       0.12376978928294963     
 -0.26836248182004696        7.5722122171781123       0.66129295679254030       0.12376978928294963       0.95194890343412752     
   1.1233694012888438       0.66129295679254096        6.1853635182823972       0.26590644496996113       0.24116796045357070     
   1.0984194254846431       0.11409367036305884       0.30304627706872322        5.5991186326754683       -1.0034770688139263     
  0.11409367036305884        1.0944131467849694       0.25532014760536348       -1.0034770688139270        7.1989907195634872     
  0.30304627706872322       0.25532014760536348        1.6395488145111636       0.34552112853525929        3.6579451888132108E-002
  0.60393322322627763        3.5715008152258566E-002   9.1329277385037572E-002   1.3294205767848080      -0.11837217793642281     
   3.5715008152258566E-002  0.66261936223329887       0.18475368623321531      -0.11837217793642281        1.5008216241701156     
   9.1329277385037572E-002  0.18475368623321531        1.0703700935329030      -0.17636890015437032       0.35504274442752426     
 first few columns of gr matrix
   6.9088433544545218      -0.26836248182004696        1.1233694012888438        1.0984194254846431       0.11409367036305884     
 -0.26836248182004674        7.5722122171781123       0.66129295679254096       0.11409367036305884        1.0944131467849694     
   1.1233694012888433       0.66129295679254030        6.1853635182823972       0.30304627706872322       0.25532014760536348     
  0.94396668887351753       0.12376978928294963       0.26590644496996113        5.5991186326754683       -1.0034770688139270     
  0.12376978928294963       0.95194890343412752       0.24116796045357070       -1.0034770688139263        7.1989907195634872     
  0.26590644496996113       0.24116796045357070        1.3012131129066473       0.34552112853525940        3.6579451888131720E-002
  0.58212504119876063        4.0453578343621788E-002   9.9182650114978899E-002   1.4670300831010834       -9.5575824648095345E-002
   4.0453578343621788E-002  0.64680496009829147       0.19324407272549393       -9.5575824648095345E-002   1.5924558495653316     
   9.9182650114978899E-002  0.19324407272549393       0.99439384440203504      -0.13522731701411103       0.35410258926254684     
  
 about to enter dgetrf
 Just out of dgetrf:                 
  
  **** TRANSLATION/ROTATION FLOWS ****
     U(X-Z) =     1.000     0.000     0.000 A/SEC
  OMGA(X-Z) =     0.000     0.000     0.000 RAD/S

 FTOTH(X-Z) =   -0.14386E+02   -0.40643E+00    0.17637E+00
 TTOTH(X-Z) =   -0.88053E+00   -0.30247E+01   -0.47190E+01

     U(X-Z) =     0.000     1.000     0.000 A/SEC
  OMGA(X-Z) =     0.000     0.000     0.000 RAD/S

 FTOTH(X-Z) =   -0.40630E+00   -0.14959E+02   -0.35928E-01
 TTOTH(X-Z) =    0.50496E-01   -0.49723E+00    0.18090E+01

     U(X-Z) =     0.000     0.000     1.000 A/SEC
  OMGA(X-Z) =     0.000     0.000     0.000 RAD/S

 FTOTH(X-Z) =    0.17639E+00   -0.35930E-01   -0.15355E+02
 TTOTH(X-Z) =    0.32145E+01    0.87820E+00    0.13450E+01

     U(X-Z) =     0.000     0.000     0.000 A/SEC
  OMGA(X-Z) =     1.000     0.000     0.000 RAD/S

 FTOTH(X-Z) =   -0.88817E+00    0.23336E-01    0.32372E+01
 TTOTH(X-Z) =   -0.71848E+04   -0.89344E+03    0.24290E+03

     U(X-Z) =     0.000     0.000     0.000 A/SEC
  OMGA(X-Z) =     0.000     1.000     0.000 RAD/S

 FTOTH(X-Z) =   -0.29899E+01   -0.46533E+00    0.84637E+00
 TTOTH(X-Z) =   -0.89026E+03   -0.86293E+04   -0.15368E+03

     U(X-Z) =     0.000     0.000     0.000 A/SEC
  OMGA(X-Z) =     0.000     0.000     1.000 RAD/S

 FTOTH(X-Z) =   -0.47275E+01    0.18270E+01    0.13304E+01
 TTOTH(X-Z) =    0.24118E+03   -0.15286E+03   -0.91511E+04

 I,J,Ktt,Ktr,Krt,Krr=    1    1  0.1439E+02  0.8805E+00  0.8882E+00  0.7185E+04
 I,J,Ktt,Ktr,Krt,Krr=    1    2  0.4063E+00 -0.5050E-01  0.2990E+01  0.8903E+03
 I,J,Ktt,Ktr,Krt,Krr=    1    3 -0.1764E+00 -0.3214E+01  0.4727E+01 -0.2412E+03
 I,J,Ktt,Ktr,Krt,Krr=    2    1  0.4064E+00  0.3025E+01 -0.2334E-01  0.8934E+03
 I,J,Ktt,Ktr,Krt,Krr=    2    2  0.1496E+02  0.4972E+00  0.4653E+00  0.8629E+04
 I,J,Ktt,Ktr,Krt,Krr=    2    3  0.3593E-01 -0.8782E+00 -0.1827E+01  0.1529E+03
 I,J,Ktt,Ktr,Krt,Krr=    3    1 -0.1764E+00  0.4719E+01 -0.3237E+01 -0.2429E+03
 I,J,Ktt,Ktr,Krt,Krr=    3    2  0.3593E-01 -0.1809E+01 -0.8464E+00  0.1537E+03
 I,J,Ktt,Ktr,Krt,Krr=    3    3  0.1535E+02 -0.1345E+01 -0.1330E+01  0.9151E+04
  
  Friction Tensors in Center of Resistance
  
  Ktt Tensor (A)
    0.14386E+02    0.40630E+00   -0.17639E+00
    0.40643E+00    0.14959E+02    0.35930E-01
   -0.17637E+00    0.35928E-01    0.15355E+02
  
  Symmetric Krt Tensor (A^2)
    0.88435E+00    0.30073E+01    0.47232E+01
   -0.36916E-01    0.48128E+00   -0.18180E+01
   -0.32258E+01   -0.86228E+00   -0.13377E+01
  
  Krr Tensor (A^3)
    0.71848E+04    0.89026E+03   -0.24118E+03
    0.89344E+03    0.86293E+04    0.15286E+03
   -0.24290E+03    0.15368E+03    0.91511E+04
  
 Raw Dtt tensor (no rot/trans coupling correction)
    0.69577E-01   -0.18916E-02    0.80371E-03
   -0.18922E-02    0.66899E-01   -0.17828E-03
    0.80361E-03   -0.17826E-03    0.65137E-01
  
 Raw Drr tensor (no rot/trans coupling correction)
    0.14114E-03   -0.14631E-04    0.39641E-05
   -0.14684E-04    0.11744E-03   -0.23487E-05
    0.39928E-05   -0.23606E-05    0.10942E-03
  
 Raw Dtt tensor, before CD transformation
    0.69577E-01   -0.18916E-02    0.80827E-03
   -0.18921E-02    0.66899E-01   -0.16956E-03
    0.80381E-03   -0.17831E-03    0.65154E-01
  
 Program finished at:                
 Elapsed time CPU_TIME:   58.204000000000001     
