 BEST ver.3.90 SFSU/ARAGON
  
 control gtensor value=   1.0000000000000000     
 true area (A^2)=    6295.7020000000002     
 total area (A^2) =    5957.0996470187665     
 centroid coords =    9.8795496750231734E-002   1.8024693593314791       -4.3760587279480108     
  
 first few rows of gr matrix
   6.8921978566955584      -0.26771591525882255        1.1206628639001237       0.93942356460347065       0.12317410985885791     
 -0.26771591525882288        7.5539684627571697       0.65969970161717040       0.12317410985885791       0.94736736235009089     
   1.1206628639001237       0.65969970161717084        6.1704611027405027       0.26462669004010603       0.24000726693841942     
   1.0931329508564278       0.11354456017835127       0.30158777550026089        5.5856286587578694       -1.0010593883943322     
  0.11354456017835127        1.0891459535807786       0.25409134242305131       -1.0010593883943322        7.1816461688563091     
  0.30158777550026089       0.25409134242305131        1.6316579915627172       0.34468866340678006        3.6491320901050062E-002
  0.60102661252034140        3.5543118908438878E-002   9.0889727704371467E-002   1.3230223394755039      -0.11780247614416675     
   3.5543118908438878E-002  0.65943030679114389       0.18386450342009256      -0.11780247614416675        1.4935984676475955     
   9.0889727704371467E-002  0.18386450342009256        1.0652186147708032      -0.17552007165203304       0.35333399418440115     
 first few columns of gr matrix
   6.8921978566955584      -0.26771591525882288        1.1206628639001237        1.0931329508564278       0.11354456017835127     
 -0.26771591525882255        7.5539684627571697       0.65969970161717084       0.11354456017835127        1.0891459535807786     
   1.1206628639001237       0.65969970161717040        6.1704611027405027       0.30158777550026089       0.25409134242305131     
  0.93942356460347065       0.12317410985885791       0.26462669004010603        5.5856286587578694       -1.0010593883943322     
  0.12317410985885791       0.94736736235009089       0.24000726693841942       -1.0010593883943322        7.1816461688563091     
  0.26462669004010603       0.24000726693841942        1.2949506325210269       0.34468866340677984        3.6491320901050062E-002
  0.57932338894339575        4.0258883302208344E-002   9.8705303710475506E-002   1.4599695585571733       -9.5115837178509216E-002
   4.0258883302208344E-002  0.64369201623401617       0.19231402736776038       -9.5115837178509216E-002   1.5847916757079135     
   9.8705303710475506E-002  0.19231402736776038       0.98960802424361527      -0.13457649478368519       0.35239836379958600     
  
 about to enter dgetrf
 Just out of dgetrf:                 
  
  **** TRANSLATION/ROTATION FLOWS ****
     U(X-Z) =     1.000     0.000     0.000 A/SEC
  OMGA(X-Z) =     0.000     0.000     0.000 RAD/S

 FTOTH(X-Z) =   -0.14405E+02   -0.40517E+00    0.17765E+00
 TTOTH(X-Z) =   -0.86839E+00   -0.19167E+01   -0.30614E+01

     U(X-Z) =     0.000     1.000     0.000 A/SEC
  OMGA(X-Z) =     0.000     0.000     0.000 RAD/S

 FTOTH(X-Z) =   -0.40510E+00   -0.14978E+02   -0.35484E-01
 TTOTH(X-Z) =   -0.11351E+01   -0.35888E+00    0.56860E+00

     U(X-Z) =     0.000     0.000     1.000 A/SEC
  OMGA(X-Z) =     0.000     0.000     0.000 RAD/S

 FTOTH(X-Z) =    0.17783E+00   -0.35486E-01   -0.15378E+02
 TTOTH(X-Z) =    0.14366E+01    0.21747E+01    0.11947E+01

     U(X-Z) =     0.000     0.000     0.000 A/SEC
  OMGA(X-Z) =     1.000     0.000     0.000 RAD/S

 FTOTH(X-Z) =   -0.89327E+00   -0.11372E+01    0.14956E+01
 TTOTH(X-Z) =   -0.72092E+04   -0.88956E+03    0.24763E+03

     U(X-Z) =     0.000     0.000     0.000 A/SEC
  OMGA(X-Z) =     0.000     1.000     0.000 RAD/S

 FTOTH(X-Z) =   -0.19313E+01   -0.34193E+00    0.21202E+01
 TTOTH(X-Z) =   -0.88832E+03   -0.86613E+04   -0.15411E+03

     U(X-Z) =     0.000     0.000     0.000 A/SEC
  OMGA(X-Z) =     0.000     0.000     1.000 RAD/S

 FTOTH(X-Z) =   -0.31282E+01    0.63474E+00    0.12097E+01
 TTOTH(X-Z) =    0.24775E+03   -0.15443E+03   -0.91939E+04

 I,J,Ktt,Ktr,Krt,Krr=    1    1  0.1440E+02  0.8684E+00  0.8933E+00  0.7209E+04
 I,J,Ktt,Ktr,Krt,Krr=    1    2  0.4051E+00  0.1135E+01  0.1931E+01  0.8883E+03
 I,J,Ktt,Ktr,Krt,Krr=    1    3 -0.1778E+00 -0.1437E+01  0.3128E+01 -0.2478E+03
 I,J,Ktt,Ktr,Krt,Krr=    2    1  0.4052E+00  0.1917E+01  0.1137E+01  0.8896E+03
 I,J,Ktt,Ktr,Krt,Krr=    2    2  0.1498E+02  0.3589E+00  0.3419E+00  0.8661E+04
 I,J,Ktt,Ktr,Krt,Krr=    2    3  0.3549E-01 -0.2175E+01 -0.6347E+00  0.1544E+03
 I,J,Ktt,Ktr,Krt,Krr=    3    1 -0.1776E+00  0.3061E+01 -0.1496E+01 -0.2476E+03
 I,J,Ktt,Ktr,Krt,Krr=    3    2  0.3548E-01 -0.5686E+00 -0.2120E+01  0.1541E+03
 I,J,Ktt,Ktr,Krt,Krr=    3    3  0.1538E+02 -0.1195E+01 -0.1210E+01  0.9194E+04
  
  Friction Tensors in Center of Resistance
  
  Ktt Tensor (A)
    0.14405E+02    0.40510E+00   -0.17783E+00
    0.40517E+00    0.14978E+02    0.35486E-01
   -0.17765E+00    0.35484E-01    0.15378E+02
  
  Symmetric Krt Tensor (A^2)
    0.88083E+00    0.19240E+01    0.30948E+01
    0.11361E+01    0.35040E+00   -0.60167E+00
   -0.14661E+01   -0.21475E+01   -0.12022E+01
  
  Krr Tensor (A^3)
    0.72092E+04    0.88832E+03   -0.24775E+03
    0.88956E+03    0.86613E+04    0.15443E+03
   -0.24763E+03    0.15411E+03    0.91939E+04
  
 Raw Dtt tensor (no rot/trans coupling correction)
    0.69485E-01   -0.18812E-02    0.80788E-03
   -0.18815E-02    0.66816E-01   -0.17594E-03
    0.80704E-03   -0.17591E-03    0.65038E-01
  
 Raw Drr tensor (no rot/trans coupling correction)
    0.14064E-03   -0.14496E-04    0.40333E-05
   -0.14516E-04    0.11699E-03   -0.23562E-05
    0.40313E-05   -0.23514E-05    0.10892E-03
  
 Raw Dtt tensor, before CD transformation
    0.69485E-01   -0.18812E-02    0.80978E-03
   -0.18815E-02    0.66816E-01   -0.17142E-03
    0.80712E-03   -0.17592E-03    0.65045E-01
  
 Program finished at:                
 Elapsed time CPU_TIME:   88.863999999999990     
