 BEST ver.3.90 SFSU/ARAGON
  
 control gtensor value=   1.0000000000000000     
 true area (A^2)=    6295.7020000000002     
 total area (A^2) =    6003.5389237211966     
 centroid coords =   -7.9052728613571266E-002   1.8663787794985209       -4.5884387905604722     
  
 first few rows of gr matrix
   4.7213207303967852      -0.45429798952551015       0.69737762672809755        1.2424951311491732        4.2884296637991898E-002
 -0.45429798952550993        5.1490390781945745       0.54461377106371023        4.2884296637991898E-002   1.3030112911722185     
  0.69737762672809778       0.54461377106371045        4.5409706902297726       0.26285445988781969       0.23785233185851148     
  0.62658038977946640        1.9792245086771253E-002  0.11733169954403508        5.5639834151288969      -0.99718011612747715     
   1.9792245086771253E-002  0.64274637004869861       0.11883364010481479      -0.99718011612747759        7.1538160909046988     
  0.11733169954403508       0.11883364010481479        1.1079572631802022       0.34335293728687666        3.6349910939968311E-002
  0.31598792215745408        4.8793852478198115E-003   3.1099630816787942E-002   1.2841698154155166       -6.3682533017973178E-002
   4.8793852478198115E-003  0.32511616425130430        5.5220752480187894E-002  -6.3682533017973178E-002   1.3948758183825860     
   3.1099630816787942E-002   5.5220752480187894E-002  0.60597810591230683       -6.6333407819081439E-002  0.20899045827104490     
 first few columns of gr matrix
   4.7213207303967852      -0.45429798952550993       0.69737762672809778       0.62658038977946640        1.9792245086771253E-002
 -0.45429798952551015        5.1490390781945745       0.54461377106371045        1.9792245086771253E-002  0.64274637004869861     
  0.69737762672809755       0.54461377106371023        4.5409706902297726       0.11733169954403508       0.11883364010481479     
   1.2424951311491732        4.2884296637991898E-002  0.26285445988781969        5.5639834151288969      -0.99718011612747759     
   4.2884296637991898E-002   1.3030112911722185       0.23785233185851148      -0.99718011612747715        7.1538160909046988     
  0.26285445988781969       0.23785233185851148        2.0886815451055658       0.34335293728687666        3.6349910939968755E-002
  0.35840924877401775        7.8648305136288302E-003   4.3254417275678601E-002  0.78843815925223604       -1.8717958725450425E-002
   7.8648305136288302E-003  0.36924261903171329        6.9418430418490398E-002  -1.8717958725450425E-002  0.82586251463285698     
   4.3254417275678601E-002   6.9418430418490398E-002  0.67864462563254380       -8.1776196845139617E-003  0.11740181799434049     
  
 about to enter dgetrf
 Just out of dgetrf:                 
  
  **** TRANSLATION/ROTATION FLOWS ****
     U(X-Z) =     1.000     0.000     0.000 A/SEC
  OMGA(X-Z) =     0.000     0.000     0.000 RAD/S

 FTOTH(X-Z) =   -0.14443E+02   -0.40730E+00    0.17647E+00
 TTOTH(X-Z) =   -0.78673E+00   -0.50818E+01   -0.42836E+01

     U(X-Z) =     0.000     1.000     0.000 A/SEC
  OMGA(X-Z) =     0.000     0.000     0.000 RAD/S

 FTOTH(X-Z) =   -0.40728E+00   -0.15013E+02   -0.35001E-01
 TTOTH(X-Z) =    0.21311E+01   -0.46576E+00   -0.19237E+01

     U(X-Z) =     0.000     0.000     1.000 A/SEC
  OMGA(X-Z) =     0.000     0.000     0.000 RAD/S

 FTOTH(X-Z) =    0.17651E+00   -0.34978E-01   -0.15416E+02
 TTOTH(X-Z) =    0.25465E+01    0.47326E+01    0.12405E+01

     U(X-Z) =     0.000     0.000     0.000 A/SEC
  OMGA(X-Z) =     1.000     0.000     0.000 RAD/S

 FTOTH(X-Z) =   -0.79961E+00    0.21343E+01    0.25967E+01
 TTOTH(X-Z) =   -0.72734E+04   -0.89959E+03    0.24282E+03

     U(X-Z) =     0.000     0.000     0.000 A/SEC
  OMGA(X-Z) =     0.000     1.000     0.000 RAD/S

 FTOTH(X-Z) =   -0.50860E+01   -0.47853E+00    0.47223E+01
 TTOTH(X-Z) =   -0.90005E+03   -0.87229E+04   -0.15591E+03

     U(X-Z) =     0.000     0.000     0.000 A/SEC
  OMGA(X-Z) =     0.000     0.000     1.000 RAD/S

 FTOTH(X-Z) =   -0.43507E+01   -0.19446E+01    0.12495E+01
 TTOTH(X-Z) =    0.24350E+03   -0.15605E+03   -0.92697E+04

 I,J,Ktt,Ktr,Krt,Krr=    1    1  0.1444E+02  0.7867E+00  0.7996E+00  0.7273E+04
 I,J,Ktt,Ktr,Krt,Krr=    1    2  0.4073E+00 -0.2131E+01  0.5086E+01  0.9001E+03
 I,J,Ktt,Ktr,Krt,Krr=    1    3 -0.1765E+00 -0.2546E+01  0.4351E+01 -0.2435E+03
 I,J,Ktt,Ktr,Krt,Krr=    2    1  0.4073E+00  0.5082E+01 -0.2134E+01  0.8996E+03
 I,J,Ktt,Ktr,Krt,Krr=    2    2  0.1501E+02  0.4658E+00  0.4785E+00  0.8723E+04
 I,J,Ktt,Ktr,Krt,Krr=    2    3  0.3498E-01 -0.4733E+01  0.1945E+01  0.1560E+03
 I,J,Ktt,Ktr,Krt,Krr=    3    1 -0.1765E+00  0.4284E+01 -0.2597E+01 -0.2428E+03
 I,J,Ktt,Ktr,Krt,Krr=    3    2  0.3500E-01  0.1924E+01 -0.4722E+01  0.1559E+03
 I,J,Ktt,Ktr,Krt,Krr=    3    3  0.1542E+02 -0.1240E+01 -0.1250E+01  0.9270E+04
  
  Friction Tensors in Center of Resistance
  
  Ktt Tensor (A)
    0.14443E+02    0.40728E+00   -0.17651E+00
    0.40730E+00    0.15013E+02    0.34978E-01
   -0.17647E+00    0.35001E-01    0.15416E+02
  
  Symmetric Krt Tensor (A^2)
    0.79317E+00    0.50839E+01    0.43172E+01
   -0.21327E+01    0.47215E+00    0.19341E+01
   -0.25716E+01   -0.47275E+01   -0.12450E+01
  
  Krr Tensor (A^3)
    0.72734E+04    0.90005E+03   -0.24350E+03
    0.89959E+03    0.87229E+04    0.15605E+03
   -0.24282E+03    0.15591E+03    0.92697E+04
  
 Raw Dtt tensor (no rot/trans coupling correction)
    0.69300E-01   -0.18818E-02    0.79773E-03
   -0.18819E-02    0.66659E-01   -0.17279E-03
    0.79757E-03   -0.17289E-03    0.64876E-01
  
 Raw Drr tensor (no rot/trans coupling correction)
    0.13940E-03   -0.14454E-04    0.39053E-05
   -0.14446E-04    0.11617E-03   -0.23352E-05
    0.38946E-05   -0.23325E-05    0.10802E-03
  
 Raw Dtt tensor, before CD transformation
    0.69300E-01   -0.18818E-02    0.79931E-03
   -0.18817E-02    0.66659E-01   -0.15752E-03
    0.79772E-03   -0.17292E-03    0.64889E-01
  
 Program finished at:                
 Elapsed time CPU_TIME:   164.25600000000000     
