 BEST ver.3.90 SFSU/ARAGON
  
 control gtensor value=   1.0000000000000000     
 true area (A^2)=    4053.1979999999999     
 total area (A^2) =    3878.7855247409434     
 centroid coords =    1.5174759229534467       -1.1914254949170666       -2.8744078384162575     
  
 first few rows of gr matrix
   5.2400374272173300       0.42757966717745099      -0.47774102617491454        1.3028662214585192       0.33420116286698742     
  0.42757966717745122        4.8294596565602248       0.69662856404989015       0.33420116286698742        1.1433879310560011     
 -0.47774102617491465       0.69662856404989015        4.3518021596695728        8.3987214447867123E-002  0.10975696230204036     
   1.3381262929664295       0.34887986321658049       0.11378061899787148        5.8552296943676447        2.0305880224608969E-002
  0.34887986321658049        1.1025954025177642       0.10842147503970748        2.0305880224609191E-002   4.5516765252645630     
  0.11378061899787148       0.10842147503970748       0.89296833160969624      -0.18208642938186728       0.85361931130864654     
  0.85552985326309239       0.16337015955835915        9.7284776477193954E-002   2.3876767172293638        8.4471471215520580E-002
  0.16337015955835915       0.55375802218108072        4.4784220286249385E-002   8.4471471215520580E-002   1.3736645496849065     
   9.7284776477193954E-002   4.4784220286249385E-002  0.51050210366167248       0.32415803863609682        7.6296742010732346E-002
 first few columns of gr matrix
   5.2400374272173300       0.42757966717745122      -0.47774102617491465        1.3381262929664295       0.34887986321658049     
  0.42757966717745099        4.8294596565602248       0.69662856404989015       0.34887986321658049        1.1025954025177642     
 -0.47774102617491454       0.69662856404989015        4.3518021596695728       0.11378061899787148       0.10842147503970748     
   1.3028662214585192       0.33420116286698742        8.3987214447867123E-002   5.8552296943676447        2.0305880224609191E-002
  0.33420116286698742        1.1433879310560011       0.10975696230204036        2.0305880224608969E-002   4.5516765252645630     
   8.3987214447867123E-002  0.10975696230204036       0.88501683327940028      -0.18208642938186773       0.85361931130864632     
  0.63258929293497568       0.13876571598203769        7.6602737483424679E-002   1.5094204893559477        8.1319175681020858E-002
  0.13876571598203769       0.49232502964131714        6.0525925223271937E-002   8.1319175681020858E-002   1.1337883585860333     
   7.6602737483424679E-002   6.0525925223271937E-002  0.42248932176510251       0.16321695606376679       0.21137656654662743     
  
 about to enter dgetrf
 Just out of dgetrf:                 
  
  **** TRANSLATION/ROTATION FLOWS ****
     U(X-Z) =     1.000     0.000     0.000 A/SEC
  OMGA(X-Z) =     0.000     0.000     0.000 RAD/S

 FTOTH(X-Z) =   -0.12333E+02    0.57447E-01    0.24190E+00
 TTOTH(X-Z) =   -0.11583E+01   -0.15174E+01   -0.56648E+00

     U(X-Z) =     0.000     1.000     0.000 A/SEC
  OMGA(X-Z) =     0.000     0.000     0.000 RAD/S

 FTOTH(X-Z) =    0.57422E-01   -0.12258E+02    0.45441E-02
 TTOTH(X-Z) =    0.16797E+01    0.15225E+01   -0.10566E+01

     U(X-Z) =     0.000     0.000     1.000 A/SEC
  OMGA(X-Z) =     0.000     0.000     0.000 RAD/S

 FTOTH(X-Z) =    0.24181E+00    0.45477E-02   -0.12427E+02
 TTOTH(X-Z) =   -0.44786E+00    0.26012E+01   -0.39824E+00

     U(X-Z) =     0.000     0.000     0.000 A/SEC
  OMGA(X-Z) =     1.000     0.000     0.000 RAD/S

 FTOTH(X-Z) =   -0.11501E+01    0.16977E+01   -0.47831E+00
 TTOTH(X-Z) =   -0.46043E+04    0.99803E+02    0.30834E+03

     U(X-Z) =     0.000     0.000     0.000 A/SEC
  OMGA(X-Z) =     0.000     1.000     0.000 RAD/S

 FTOTH(X-Z) =   -0.15127E+01    0.15188E+01    0.25543E+01
 TTOTH(X-Z) =    0.99572E+02   -0.45401E+04   -0.66794E+02

     U(X-Z) =     0.000     0.000     0.000 A/SEC
  OMGA(X-Z) =     0.000     0.000     1.000 RAD/S

 FTOTH(X-Z) =   -0.50499E+00   -0.10386E+01   -0.38917E+00
 TTOTH(X-Z) =    0.30659E+03   -0.67794E+02   -0.47086E+04

 I,J,Ktt,Ktr,Krt,Krr=    1    1  0.1233E+02  0.1158E+01  0.1150E+01  0.4604E+04
 I,J,Ktt,Ktr,Krt,Krr=    1    2 -0.5742E-01 -0.1680E+01  0.1513E+01 -0.9957E+02
 I,J,Ktt,Ktr,Krt,Krr=    1    3 -0.2418E+00  0.4479E+00  0.5050E+00 -0.3066E+03
 I,J,Ktt,Ktr,Krt,Krr=    2    1 -0.5745E-01  0.1517E+01 -0.1698E+01 -0.9980E+02
 I,J,Ktt,Ktr,Krt,Krr=    2    2  0.1226E+02 -0.1523E+01 -0.1519E+01  0.4540E+04
 I,J,Ktt,Ktr,Krt,Krr=    2    3 -0.4548E-02 -0.2601E+01  0.1039E+01  0.6779E+02
 I,J,Ktt,Ktr,Krt,Krr=    3    1 -0.2419E+00  0.5665E+00  0.4783E+00 -0.3083E+03
 I,J,Ktt,Ktr,Krt,Krr=    3    2 -0.4544E-02  0.1057E+01 -0.2554E+01  0.6679E+02
 I,J,Ktt,Ktr,Krt,Krr=    3    3  0.1243E+02  0.3982E+00  0.3892E+00  0.4709E+04
  
  Friction Tensors in Center of Resistance
  
  Ktt Tensor (A)
    0.12333E+02   -0.57422E-01   -0.24181E+00
   -0.57447E-01    0.12258E+02   -0.45477E-02
   -0.24190E+00   -0.45441E-02    0.12427E+02
  
  Symmetric Krt Tensor (A^2)
    0.11542E+01    0.15150E+01    0.53573E+00
   -0.16887E+01   -0.15207E+01    0.10476E+01
    0.46308E+00   -0.25778E+01    0.39371E+00
  
  Krr Tensor (A^3)
    0.46043E+04   -0.99572E+02   -0.30659E+03
   -0.99803E+02    0.45401E+04    0.67794E+02
   -0.30834E+03    0.66794E+02    0.47086E+04
  
 Raw Dtt tensor (no rot/trans coupling correction)
    0.81118E-01    0.38058E-03    0.15785E-02
    0.38075E-03    0.81582E-01    0.37262E-04
    0.15791E-02    0.37239E-04    0.80498E-01
  
 Raw Drr tensor (no rot/trans coupling correction)
    0.21823E-03    0.45782E-05    0.14144E-04
    0.45849E-05    0.22040E-03   -0.28748E-05
    0.14226E-04   -0.28267E-05    0.21334E-03
  
 Raw Dtt tensor, before CD transformation
    0.81118E-01    0.38058E-03    0.15772E-02
    0.38070E-03    0.81582E-01    0.34705E-04
    0.15792E-02    0.37240E-04    0.80500E-01
  
 Program finished at:                
 Elapsed time CPU_TIME:   85.307999999999993     
