 BEST ver.3.90 SFSU/ARAGON
  
 control gtensor value=   1.0000000000000000     
 true area (A^2)=    4053.1979999999999     
 total area (A^2) =    3877.5631540514150     
 centroid coords =    1.5343091993185667       -1.2143613003975005       -2.8915851788756313     
  
 first few rows of gr matrix
   7.0037221816273689       0.52896971153957950      -0.58553430438793796        1.9424681624823903       0.38945438654831682     
  0.52896971153957972        6.7930238772847487        1.0639327155867870       0.38945438654831682        1.5868590034295926     
 -0.58553430438793819        1.0639327155867875        5.9650688084792627        7.9034985946444064E-002  0.16754663108027634     
   3.1907559639150693       0.49418810363401305        6.1849312307309424E-002   5.8561525287479119        2.0309080605358326E-002
  0.49418810363401305        2.2165180938735727       0.17429053025604346        2.0309080605357632E-002   4.5523939084936806     
   6.1849312307309424E-002  0.17429053025604346        1.9948654178523286      -0.18211512776365410       0.85375384902778917     
   1.7248391061007053       0.22636677229621371       0.27521718881294516        1.8570870627397253        6.6993890682717494E-002
  0.22636677229621371        1.0785627544523111       0.10766712527924430        6.6993890682717494E-002   1.2288591321534652     
  0.27521718881294516       0.10766712527924430        1.1112405646128642       0.41459157476751785       0.10686807640614689     
 first few columns of gr matrix
   7.0037221816273689       0.52896971153957972      -0.58553430438793819        3.1907559639150693       0.49418810363401305     
  0.52896971153957950        6.7930238772847487        1.0639327155867875       0.49418810363401305        2.2165180938735727     
 -0.58553430438793796        1.0639327155867870        5.9650688084792627        6.1849312307309424E-002  0.17429053025604346     
   1.9424681624823903       0.38945438654831682        7.9034985946444064E-002   5.8561525287479119        2.0309080605357632E-002
  0.38945438654831682        1.5868590034295926       0.16754663108027634        2.0309080605358326E-002   4.5523939084936806     
   7.9034985946444064E-002  0.16754663108027634        1.3230345307360465      -0.18211512776365368       0.85375384902778872     
   1.9121185867401618       0.31826458815818393       0.35214285985077221        3.0090999956517641       0.12510273351823317     
  0.31826458815818393        1.4416312995754390       0.23174611682519283       0.12510273351823317        2.3559979176176848     
  0.35214285985077221       0.23174611682519283        1.4515920949762255       0.47008964545968840       0.43682723489683339     
  
 about to enter dgetrf
 Just out of dgetrf:                 
  
  **** TRANSLATION/ROTATION FLOWS ****
     U(X-Z) =     1.000     0.000     0.000 A/SEC
  OMGA(X-Z) =     0.000     0.000     0.000 RAD/S

 FTOTH(X-Z) =   -0.12326E+02    0.57173E-01    0.24136E+00
 TTOTH(X-Z) =   -0.11563E+01   -0.17767E+01   -0.22204E+00

     U(X-Z) =     0.000     1.000     0.000 A/SEC
  OMGA(X-Z) =     0.000     0.000     0.000 RAD/S

 FTOTH(X-Z) =    0.57203E-01   -0.12253E+02    0.50844E-02
 TTOTH(X-Z) =    0.19167E+01    0.14936E+01   -0.79328E+00

     U(X-Z) =     0.000     0.000     1.000 A/SEC
  OMGA(X-Z) =     0.000     0.000     0.000 RAD/S

 FTOTH(X-Z) =    0.24132E+00    0.50144E-02   -0.12423E+02
 TTOTH(X-Z) =   -0.79963E+00    0.23623E+01   -0.37178E+00

     U(X-Z) =     0.000     0.000     0.000 A/SEC
  OMGA(X-Z) =     1.000     0.000     0.000 RAD/S

 FTOTH(X-Z) =   -0.11425E+01    0.19357E+01   -0.83176E+00
 TTOTH(X-Z) =   -0.45972E+04    0.98367E+02    0.30780E+03

     U(X-Z) =     0.000     0.000     0.000 A/SEC
  OMGA(X-Z) =     0.000     1.000     0.000 RAD/S

 FTOTH(X-Z) =   -0.17712E+01    0.14957E+01    0.23215E+01
 TTOTH(X-Z) =    0.98132E+02   -0.45336E+04   -0.65552E+02

     U(X-Z) =     0.000     0.000     0.000 A/SEC
  OMGA(X-Z) =     0.000     0.000     1.000 RAD/S

 FTOTH(X-Z) =   -0.17296E+00   -0.78318E+00   -0.37332E+00
 TTOTH(X-Z) =    0.30596E+03   -0.66838E+02   -0.47043E+04

 I,J,Ktt,Ktr,Krt,Krr=    1    1  0.1233E+02  0.1156E+01  0.1142E+01  0.4597E+04
 I,J,Ktt,Ktr,Krt,Krr=    1    2 -0.5720E-01 -0.1917E+01  0.1771E+01 -0.9813E+02
 I,J,Ktt,Ktr,Krt,Krr=    1    3 -0.2413E+00  0.7996E+00  0.1730E+00 -0.3060E+03
 I,J,Ktt,Ktr,Krt,Krr=    2    1 -0.5717E-01  0.1777E+01 -0.1936E+01 -0.9837E+02
 I,J,Ktt,Ktr,Krt,Krr=    2    2  0.1225E+02 -0.1494E+01 -0.1496E+01  0.4534E+04
 I,J,Ktt,Ktr,Krt,Krr=    2    3 -0.5014E-02 -0.2362E+01  0.7832E+00  0.6684E+02
 I,J,Ktt,Ktr,Krt,Krr=    3    1 -0.2414E+00  0.2220E+00  0.8318E+00 -0.3078E+03
 I,J,Ktt,Ktr,Krt,Krr=    3    2 -0.5084E-02  0.7933E+00 -0.2322E+01  0.6555E+02
 I,J,Ktt,Ktr,Krt,Krr=    3    3  0.1242E+02  0.3718E+00  0.3733E+00  0.4704E+04
  
  Friction Tensors in Center of Resistance
  
  Ktt Tensor (A)
    0.12326E+02   -0.57203E-01   -0.24132E+00
   -0.57173E-01    0.12253E+02   -0.50144E-02
   -0.24136E+00   -0.50844E-02    0.12423E+02
  
  Symmetric Krt Tensor (A^2)
    0.11494E+01    0.17740E+01    0.19750E+00
   -0.19262E+01   -0.14946E+01    0.78823E+00
    0.81569E+00   -0.23419E+01    0.37255E+00
  
  Krr Tensor (A^3)
    0.45972E+04   -0.98132E+02   -0.30596E+03
   -0.98367E+02    0.45336E+04    0.66838E+02
   -0.30780E+03    0.65552E+02    0.47043E+04
  
 Raw Dtt tensor (no rot/trans coupling correction)
    0.81162E-01    0.37957E-03    0.15768E-02
    0.37936E-03    0.81618E-01    0.40314E-04
    0.15770E-02    0.40779E-04    0.80528E-01
  
 Raw Drr tensor (no rot/trans coupling correction)
    0.21857E-03    0.45264E-05    0.14151E-04
    0.45324E-05    0.22071E-03   -0.28411E-05
    0.14238E-04   -0.27794E-05    0.21354E-03
  
 Raw Dtt tensor, before CD transformation
    0.81162E-01    0.37957E-03    0.15754E-02
    0.37931E-03    0.81618E-01    0.37974E-04
    0.15771E-02    0.40780E-04    0.80529E-01
  
 Program finished at:                
 Elapsed time CPU_TIME:   69.608000000000004     
