 BEST ver.3.90 SFSU/ARAGON
  
 control gtensor value=   1.0000000000000000     
 true area (A^2)=    4053.1979999999999     
 total area (A^2) =    3853.8869013766607     
 centroid coords =    1.7525778443113773       -1.2184975049900200       -2.8099916833000611     
  
 first few rows of gr matrix
   5.2569372052552072       0.42895866524171633      -0.47928180091442496        2.0409815385456000       0.44125055160759796     
  0.42895866524171655        4.8450352697829144       0.69887527855733533       0.44125055160759796        1.4756864325368542     
 -0.47928180091442485       0.69887527855733556        4.3658372675451727       0.17772892134351329       0.12497600974080297     
  0.96213221541157545       0.22547137747634158       0.12725035502557652        8.3834717154010150      -0.37308864120774821     
  0.22547137747634158       0.71558942675505921        8.1874466835458001E-002 -0.37308864120774798        6.9072273957815371     
  0.12725035502557652        8.1874466835458001E-002  0.63167967091175625       0.23825171789411170        1.3009471420816943     
  0.56589265597836935       0.14703088707029394       0.11804425411531860        3.0152946106321163       0.13872718490087649     
  0.14703088707029394       0.51273496231904769       0.10191445300036735       0.13872718490087649        3.0951650858002546     
  0.11804425411531860       0.10191445300036735       0.47340522974591681       0.31139742374371865       0.82872042944238500     
 first few columns of gr matrix
   5.2569372052552072       0.42895866524171655      -0.47928180091442485       0.96213221541157545       0.22547137747634158     
  0.42895866524171633        4.8450352697829144       0.69887527855733556       0.22547137747634158       0.71558942675505921     
 -0.47928180091442496       0.69887527855733533        4.3658372675451727       0.12725035502557652        8.1874466835458001E-002
   2.0409815385456000       0.44125055160759796       0.17772892134351329        8.3834717154010150      -0.37308864120774798     
  0.44125055160759796        1.4756864325368542       0.12497600974080297      -0.37308864120774821        6.9072273957815371     
  0.17772892134351329       0.12497600974080297        1.2633121885343896       0.23825171789411237        1.3009471420816943     
  0.72593940363843734       0.17369944428170433       0.12856248257953420        1.6605727999455921       0.15178929780145994     
  0.17369944428170433       0.59932579872546765        9.7790836230216643E-002  0.15178929780145994        1.6130196740986726     
  0.12856248257953420        9.7790836230216643E-002  0.53768748565492408       0.25497324156081064       0.41283124138532484     
  
 about to enter dgetrf
 Just out of dgetrf:                 
  
  **** TRANSLATION/ROTATION FLOWS ****
     U(X-Z) =     1.000     0.000     0.000 A/SEC
  OMGA(X-Z) =     0.000     0.000     0.000 RAD/S

 FTOTH(X-Z) =   -0.12307E+02    0.57320E-01    0.23882E+00
 TTOTH(X-Z) =   -0.11613E+01   -0.90829E+00   -0.16816E+00

     U(X-Z) =     0.000     1.000     0.000 A/SEC
  OMGA(X-Z) =     0.000     0.000     0.000 RAD/S

 FTOTH(X-Z) =    0.57438E-01   -0.12230E+02    0.43343E-02
 TTOTH(X-Z) =    0.11195E+01    0.15351E+01    0.17475E+01

     U(X-Z) =     0.000     0.000     1.000 A/SEC
  OMGA(X-Z) =     0.000     0.000     0.000 RAD/S

 FTOTH(X-Z) =    0.23877E+00    0.43052E-02   -0.12404E+02
 TTOTH(X-Z) =   -0.83572E+00   -0.27126E+00   -0.38352E+00

     U(X-Z) =     0.000     0.000     0.000 A/SEC
  OMGA(X-Z) =     1.000     0.000     0.000 RAD/S

 FTOTH(X-Z) =   -0.11550E+01    0.11309E+01   -0.85653E+00
 TTOTH(X-Z) =   -0.45752E+04    0.10033E+03    0.30303E+03

     U(X-Z) =     0.000     0.000     0.000 A/SEC
  OMGA(X-Z) =     0.000     1.000     0.000 RAD/S

 FTOTH(X-Z) =   -0.90824E+00    0.15312E+01   -0.29558E+00
 TTOTH(X-Z) =    0.10022E+03   -0.45077E+04   -0.67492E+02

     U(X-Z) =     0.000     0.000     0.000 A/SEC
  OMGA(X-Z) =     0.000     0.000     1.000 RAD/S

 FTOTH(X-Z) =   -0.14075E+00    0.17552E+01   -0.39495E+00
 TTOTH(X-Z) =    0.30070E+03   -0.67941E+02   -0.46863E+04

 I,J,Ktt,Ktr,Krt,Krr=    1    1  0.1231E+02  0.1161E+01  0.1155E+01  0.4575E+04
 I,J,Ktt,Ktr,Krt,Krr=    1    2 -0.5744E-01 -0.1119E+01  0.9082E+00 -0.1002E+03
 I,J,Ktt,Ktr,Krt,Krr=    1    3 -0.2388E+00  0.8357E+00  0.1407E+00 -0.3007E+03
 I,J,Ktt,Ktr,Krt,Krr=    2    1 -0.5732E-01  0.9083E+00 -0.1131E+01 -0.1003E+03
 I,J,Ktt,Ktr,Krt,Krr=    2    2  0.1223E+02 -0.1535E+01 -0.1531E+01  0.4508E+04
 I,J,Ktt,Ktr,Krt,Krr=    2    3 -0.4305E-02  0.2713E+00 -0.1755E+01  0.6794E+02
 I,J,Ktt,Ktr,Krt,Krr=    3    1 -0.2388E+00  0.1682E+00  0.8565E+00 -0.3030E+03
 I,J,Ktt,Ktr,Krt,Krr=    3    2 -0.4334E-02 -0.1748E+01  0.2956E+00  0.6749E+02
 I,J,Ktt,Ktr,Krt,Krr=    3    3  0.1240E+02  0.3835E+00  0.3950E+00  0.4686E+04
  
  Friction Tensors in Center of Resistance
  
  Ktt Tensor (A)
    0.12307E+02   -0.57438E-01   -0.23877E+00
   -0.57320E-01    0.12230E+02   -0.43052E-02
   -0.23882E+00   -0.43343E-02    0.12404E+02
  
  Symmetric Krt Tensor (A^2)
    0.11582E+01    0.90826E+00    0.15445E+00
   -0.11252E+01   -0.15332E+01   -0.17514E+01
    0.84613E+00    0.28342E+00    0.38924E+00
  
  Krr Tensor (A^3)
    0.45752E+04   -0.10022E+03   -0.30070E+03
   -0.10033E+03    0.45077E+04    0.67941E+02
   -0.30303E+03    0.67492E+02    0.46863E+04
  
 Raw Dtt tensor (no rot/trans coupling correction)
    0.81285E-01    0.38229E-03    0.15648E-02
    0.38150E-03    0.81765E-01    0.35722E-04
    0.15651E-02    0.35930E-04    0.80647E-01
  
 Raw Drr tensor (no rot/trans coupling correction)
    0.21960E-03    0.46726E-05    0.14023E-04
    0.46747E-05    0.22199E-03   -0.29184E-05
    0.14133E-04   -0.28950E-05    0.21434E-03
  
 Raw Dtt tensor, before CD transformation
    0.81285E-01    0.38229E-03    0.15685E-02
    0.38159E-03    0.81765E-01    0.40033E-04
    0.15652E-02    0.35932E-04    0.80652E-01
  
 Program finished at:                
 Elapsed time CPU_TIME:   43.252000000000002     
