 BEST ver.3.90 SFSU/ARAGON
  
 control gtensor value=   1.0000000000000000     
 true area (A^2)=    4053.1979999999999     
 total area (A^2) =    3886.1027532256053     
 centroid coords =    1.5605282421479196       -1.2254135005065854       -2.8800267223910745     
  
 first few rows of gr matrix
   5.2351018118231787       0.42717692791902828      -0.47729103970135256        1.3004130259480688       0.33357188813499333     
  0.42717692791902873        4.8249107662598343       0.69597240639596247       0.33357188813499333        1.1412350207318473     
 -0.47729103970135267       0.69597240639596292        4.3477031771661254        8.3829073071549853E-002  0.10955029849978246     
   1.3356067054904757       0.34822294963627881       0.11356637896378007        5.8497146265428022        2.0286754022474207E-002
  0.34822294963627881        1.1005193013442134       0.10821732585583643        2.0286754022473985E-002   4.5473892801753193     
  0.11356637896378007       0.10821732585583643       0.89128694186606072      -0.18191492133513995       0.85281528334660273     
  0.85391895725510480       0.16306254628589062        9.7101596828386649E-002   2.3831809081381157        8.4312418021467356E-002
  0.16306254628589062       0.55271533900185532        4.4699895091278467E-002   8.4312418021467356E-002   1.3710780464425558     
   9.7101596828386649E-002   4.4699895091278467E-002  0.50954086800435294       0.32354767432396647        7.6153081194387628E-002
 first few columns of gr matrix
   5.2351018118231787       0.42717692791902873      -0.47729103970135267        1.3356067054904757       0.34822294963627881     
  0.42717692791902828        4.8249107662598343       0.69597240639596292       0.34822294963627881        1.1005193013442134     
 -0.47729103970135256       0.69597240639596247        4.3477031771661254       0.11356637896378007       0.10821732585583643     
   1.3004130259480688       0.33357188813499333        8.3829073071549853E-002   5.8497146265428022        2.0286754022473985E-002
  0.33357188813499333        1.1412350207318473       0.10955029849978246        2.0286754022474207E-002   4.5473892801753193     
   8.3829073071549853E-002  0.10955029849978246       0.88335041558715000      -0.18191492133513948       0.85281528334660250     
  0.63139817661940378       0.13850443095841458        7.6458500501463370E-002   1.5065783682640954        8.1166058013674436E-002
  0.13850443095841458       0.49139801999711424        6.0411959625286483E-002   8.1166058013674436E-002   1.1316535235083613     
   7.6458500501463370E-002   6.0411959625286483E-002  0.42169380731373624       0.16290963126153443       0.21097856095286352     
  
 about to enter dgetrf
 Just out of dgetrf:                 
  
  **** TRANSLATION/ROTATION FLOWS ****
     U(X-Z) =     1.000     0.000     0.000 A/SEC
  OMGA(X-Z) =     0.000     0.000     0.000 RAD/S

 FTOTH(X-Z) =   -0.12339E+02    0.57486E-01    0.24161E+00
 TTOTH(X-Z) =   -0.11395E+01   -0.15534E+01   -0.17274E+00

     U(X-Z) =     0.000     1.000     0.000 A/SEC
  OMGA(X-Z) =     0.000     0.000     0.000 RAD/S

 FTOTH(X-Z) =    0.57464E-01   -0.12264E+02    0.39733E-02
 TTOTH(X-Z) =    0.17370E+01    0.15188E+01   -0.46275E+00

     U(X-Z) =     0.000     0.000     1.000 A/SEC
  OMGA(X-Z) =     0.000     0.000     0.000 RAD/S

 FTOTH(X-Z) =    0.24150E+00    0.39675E-02   -0.12436E+02
 TTOTH(X-Z) =   -0.86369E+00    0.20174E+01   -0.41221E+00

     U(X-Z) =     0.000     0.000     0.000 A/SEC
  OMGA(X-Z) =     1.000     0.000     0.000 RAD/S

 FTOTH(X-Z) =   -0.11327E+01    0.17574E+01   -0.88457E+00
 TTOTH(X-Z) =   -0.46106E+04    0.99082E+02    0.30776E+03

     U(X-Z) =     0.000     0.000     0.000 A/SEC
  OMGA(X-Z) =     0.000     1.000     0.000 RAD/S

 FTOTH(X-Z) =   -0.15477E+01    0.15125E+01    0.19733E+01
 TTOTH(X-Z) =    0.99326E+02   -0.45463E+04   -0.67768E+02

     U(X-Z) =     0.000     0.000     0.000 A/SEC
  OMGA(X-Z) =     0.000     0.000     1.000 RAD/S

 FTOTH(X-Z) =   -0.13885E+00   -0.45240E+00   -0.40117E+00
 TTOTH(X-Z) =    0.30685E+03   -0.68518E+02   -0.47173E+04

 I,J,Ktt,Ktr,Krt,Krr=    1    1  0.1234E+02  0.1140E+01  0.1133E+01  0.4611E+04
 I,J,Ktt,Ktr,Krt,Krr=    1    2 -0.5746E-01 -0.1737E+01  0.1548E+01 -0.9933E+02
 I,J,Ktt,Ktr,Krt,Krr=    1    3 -0.2415E+00  0.8637E+00  0.1388E+00 -0.3069E+03
 I,J,Ktt,Ktr,Krt,Krr=    2    1 -0.5749E-01  0.1553E+01 -0.1757E+01 -0.9908E+02
 I,J,Ktt,Ktr,Krt,Krr=    2    2  0.1226E+02 -0.1519E+01 -0.1512E+01  0.4546E+04
 I,J,Ktt,Ktr,Krt,Krr=    2    3 -0.3968E-02 -0.2017E+01  0.4524E+00  0.6852E+02
 I,J,Ktt,Ktr,Krt,Krr=    3    1 -0.2416E+00  0.1727E+00  0.8846E+00 -0.3078E+03
 I,J,Ktt,Ktr,Krt,Krr=    3    2 -0.3973E-02  0.4627E+00 -0.1973E+01  0.6777E+02
 I,J,Ktt,Ktr,Krt,Krr=    3    3  0.1244E+02  0.4122E+00  0.4012E+00  0.4717E+04
  
  Friction Tensors in Center of Resistance
  
  Ktt Tensor (A)
    0.12339E+02   -0.57464E-01   -0.24150E+00
   -0.57486E-01    0.12264E+02   -0.39675E-02
   -0.24161E+00   -0.39733E-02    0.12436E+02
  
  Symmetric Krt Tensor (A^2)
    0.11361E+01    0.15505E+01    0.15579E+00
   -0.17472E+01   -0.15156E+01    0.45757E+00
    0.87413E+00   -0.19954E+01    0.40669E+00
  
  Krr Tensor (A^3)
    0.46106E+04   -0.99326E+02   -0.30685E+03
   -0.99082E+02    0.45463E+04    0.68518E+02
   -0.30776E+03    0.67768E+02    0.47173E+04
  
 Raw Dtt tensor (no rot/trans coupling correction)
    0.81079E-01    0.38042E-03    0.15747E-02
    0.38056E-03    0.81542E-01    0.33406E-04
    0.15754E-02    0.33445E-04    0.80445E-01
  
 Raw Drr tensor (no rot/trans coupling correction)
    0.21793E-03    0.45510E-05    0.14110E-04
    0.45363E-05    0.22010E-03   -0.29019E-05
    0.14153E-04   -0.28651E-05    0.21295E-03
  
 Raw Dtt tensor, before CD transformation
    0.81078E-01    0.38042E-03    0.15743E-02
    0.38053E-03    0.81542E-01    0.31688E-04
    0.15754E-02    0.33445E-04    0.80445E-01
  
 Program finished at:                
 Elapsed time CPU_TIME:   93.763999999999996     
