 BEST ver.3.90 SFSU/ARAGON
  
 control gtensor value=   1.0000000000000000     
 true area (A^2)=    4053.1979999999999     
 total area (A^2) =    3864.8821318588139     
 centroid coords =    1.6469487295825762       -1.2389278584392012       -2.8584792800967849     
  
 first few rows of gr matrix
   5.2494541304037874       0.42834805688273514      -0.47859955924952891        2.0351751357471439       0.43999523479591340     
  0.42834805688273514        4.8381385236042993       0.69788045289800960       0.43999523479591340        1.4714882417792696     
 -0.47859955924952891       0.69788045289800960        4.3596226437468300       0.17722329907953591       0.12462046460774143     
  0.95939503867452791       0.22482993236161347       0.12688833959154594        8.3715381229094756      -0.37255756196533585     
  0.22482993236161347       0.71355364133927501        8.1641541586318186E-002 -0.37255756196533629        6.8973951878626822     
  0.12688833959154594        8.1641541586318186E-002  0.62988260095318949       0.23791257451672820        1.2990952871970256     
  0.56428274396336897       0.14661259786090070       0.11770842918280830        3.0067163776914012       0.13833251895245033     
  0.14661259786090070       0.51127627900229555       0.10162451585300533       0.13833251895245033        3.0863596287804520     
  0.11770842918280830       0.10162451585300533       0.47205843586322488       0.31051152701290063       0.82636279683778979     
 first few columns of gr matrix
   5.2494541304037874       0.42834805688273514      -0.47859955924952891       0.95939503867452791       0.22482993236161347     
  0.42834805688273514        4.8381385236042993       0.69788045289800960       0.22482993236161347       0.71355364133927501     
 -0.47859955924952891       0.69788045289800960        4.3596226437468300       0.12688833959154594        8.1641541586318186E-002
   2.0351751357471439       0.43999523479591340       0.17722329907953591        8.3715381229094756      -0.37255756196533629     
  0.43999523479591340        1.4714882417792696       0.12462046460774143      -0.37255756196533585        6.8973951878626822     
  0.17722329907953591       0.12462046460774143        1.2597181827639823       0.23791257451672820        1.2990952871970265     
  0.72387417350029581       0.17320528550548805       0.12819673426455519        1.6558486246551507       0.15135747135575964     
  0.17320528550548805       0.59762077252646251        9.7512630389337260E-002  0.15135747135575964        1.6084307830319138     
  0.12819673426455519        9.7512630389337260E-002  0.53615781472824531       0.25424786638451918       0.41165677487007257     
  
 about to enter dgetrf
 Just out of dgetrf:                 
  
  **** TRANSLATION/ROTATION FLOWS ****
     U(X-Z) =     1.000     0.000     0.000 A/SEC
  OMGA(X-Z) =     0.000     0.000     0.000 RAD/S

 FTOTH(X-Z) =   -0.12320E+02    0.57117E-01    0.24209E+00
 TTOTH(X-Z) =   -0.11377E+01   -0.14402E+01    0.18444E+00

     U(X-Z) =     0.000     1.000     0.000 A/SEC
  OMGA(X-Z) =     0.000     0.000     0.000 RAD/S

 FTOTH(X-Z) =    0.57220E-01   -0.12244E+02    0.64578E-02
 TTOTH(X-Z) =    0.16077E+01    0.15279E+01    0.60534E+00

     U(X-Z) =     0.000     0.000     1.000 A/SEC
  OMGA(X-Z) =     0.000     0.000     0.000 RAD/S

 FTOTH(X-Z) =    0.24199E+00    0.64241E-02   -0.12416E+02
 TTOTH(X-Z) =   -0.12010E+01    0.93674E+00   -0.41004E+00

     U(X-Z) =     0.000     0.000     0.000 A/SEC
  OMGA(X-Z) =     1.000     0.000     0.000 RAD/S

 FTOTH(X-Z) =   -0.11382E+01    0.16246E+01   -0.12310E+01
 TTOTH(X-Z) =   -0.45925E+04    0.99998E+02    0.30691E+03

     U(X-Z) =     0.000     0.000     0.000 A/SEC
  OMGA(X-Z) =     0.000     1.000     0.000 RAD/S

 FTOTH(X-Z) =   -0.14434E+01    0.15342E+01    0.88665E+00
 TTOTH(X-Z) =    0.99399E+02   -0.45225E+04   -0.67419E+02

     U(X-Z) =     0.000     0.000     0.000 A/SEC
  OMGA(X-Z) =     0.000     0.000     1.000 RAD/S

 FTOTH(X-Z) =    0.21852E+00    0.63025E+00   -0.41283E+00
 TTOTH(X-Z) =    0.30469E+03   -0.67650E+02   -0.46978E+04

 I,J,Ktt,Ktr,Krt,Krr=    1    1  0.1232E+02  0.1138E+01  0.1138E+01  0.4593E+04
 I,J,Ktt,Ktr,Krt,Krr=    1    2 -0.5722E-01 -0.1608E+01  0.1443E+01 -0.9940E+02
 I,J,Ktt,Ktr,Krt,Krr=    1    3 -0.2420E+00  0.1201E+01 -0.2185E+00 -0.3047E+03
 I,J,Ktt,Ktr,Krt,Krr=    2    1 -0.5712E-01  0.1440E+01 -0.1625E+01 -0.1000E+03
 I,J,Ktt,Ktr,Krt,Krr=    2    2  0.1224E+02 -0.1528E+01 -0.1534E+01  0.4523E+04
 I,J,Ktt,Ktr,Krt,Krr=    2    3 -0.6424E-02 -0.9367E+00 -0.6302E+00  0.6765E+02
 I,J,Ktt,Ktr,Krt,Krr=    3    1 -0.2421E+00 -0.1844E+00  0.1231E+01 -0.3069E+03
 I,J,Ktt,Ktr,Krt,Krr=    3    2 -0.6458E-02 -0.6053E+00 -0.8866E+00  0.6742E+02
 I,J,Ktt,Ktr,Krt,Krr=    3    3  0.1242E+02  0.4100E+00  0.4128E+00  0.4698E+04
  
  Friction Tensors in Center of Resistance
  
  Ktt Tensor (A)
    0.12320E+02   -0.57220E-01   -0.24199E+00
   -0.57117E-01    0.12244E+02   -0.64241E-02
   -0.24209E+00   -0.64578E-02    0.12416E+02
  
  Symmetric Krt Tensor (A^2)
    0.11380E+01    0.14418E+01   -0.20148E+00
   -0.16161E+01   -0.15310E+01   -0.61779E+00
    0.12160E+01   -0.91169E+00    0.41144E+00
  
  Krr Tensor (A^3)
    0.45925E+04   -0.99399E+02   -0.30469E+03
   -0.99998E+02    0.45225E+04    0.67650E+02
   -0.30691E+03    0.67419E+02    0.46978E+04
  
 Raw Dtt tensor (no rot/trans coupling correction)
    0.81201E-01    0.38032E-03    0.15828E-02
    0.37962E-03    0.81674E-01    0.49656E-04
    0.15835E-02    0.49894E-04    0.80570E-01
  
 Raw Drr tensor (no rot/trans coupling correction)
    0.21879E-03    0.45982E-05    0.14124E-04
    0.46249E-05    0.22126E-03   -0.28863E-05
    0.14227E-04   -0.28750E-05    0.21383E-03
  
 Raw Dtt tensor, before CD transformation
    0.81201E-01    0.38032E-03    0.15847E-02
    0.37963E-03    0.81674E-01    0.50152E-04
    0.15835E-02    0.49895E-04    0.80571E-01
  
 Program finished at:                
 Elapsed time CPU_TIME:   60.851999999999997     
