 BEST ver.3.90 SFSU/ARAGON
  
 control gtensor value=   1.0000000000000000     
 true area (A^2)=    8427.4629999999997     
 total area (A^2) =    7975.3759900359164     
 centroid coords =    43.739560290210399        14.690319231555298        45.927882996116864     
  
 first few rows of gr matrix
   5.1694554434068793      -0.62838482830423437      -0.61037881913524372        2.0944216334474457      -0.28587389630091120     
 -0.62838482830423392        6.9929706081710412      -0.18645315674873475      -0.28587389630091120        2.8935047996638321     
 -0.61037881913524394      -0.18645315674873497        6.9942571467144887      -0.28780429621036352       0.63573489548517914     
   1.6070350830150362      -0.17178683064625591      -0.18822289179625123        5.4900784776302567      -0.11013185953005267     
 -0.17178683064625591        2.2440978751763123       0.52772405098142361      -0.11013185953005267        8.1047470904887344     
 -0.18822289179625123       0.52772405098142361        2.3501270485297550      -0.15866245205176538       0.10353256293002194     
  0.87822516154243369       0.13619772701741267        6.9663997830523253E-002   2.4036875189543991       0.67507532965897643     
  0.13619772701741267        1.4566448214581416       0.30015185440098052       0.67507532965897643        2.8720956884548863     
   6.9663997830523253E-002  0.30015185440098052        1.0251875311936145       -7.2490708634049661E-002   1.6594281714164941E-002
 first few columns of gr matrix
   5.1694554434068793      -0.62838482830423392      -0.61037881913524394        1.6070350830150362      -0.17178683064625591     
 -0.62838482830423437        6.9929706081710412      -0.18645315674873497      -0.17178683064625591        2.2440978751763123     
 -0.61037881913524372      -0.18645315674873475        6.9942571467144887      -0.18822289179625123       0.52772405098142361     
   2.0944216334474457      -0.28587389630091120      -0.28780429621036352        5.4900784776302567      -0.11013185953005267     
 -0.28587389630091120        2.8935047996638321       0.63573489548517914      -0.11013185953005267        8.1047470904887344     
 -0.28780429621036352       0.63573489548517914        2.9335839901432732      -0.15866245205176538       0.10353256293002239     
   1.9020476749638184       0.20922205651218126        7.2697167023538248E-002   3.3342376292331339       0.80297265469756696     
  0.20922205651218126        3.2272304138637611       0.52288440473127806       0.80297265469756696        4.6777818226191155     
   7.2697167023538248E-002  0.52288440473127806        2.1049461324294572       -8.3576923720374133E-002  -4.6346757734554836E-002
  
 about to enter dgetrf
 Just out of dgetrf:                 
  
  **** TRANSLATION/ROTATION FLOWS ****
     U(X-Z) =     1.000     0.000     0.000 A/SEC
  OMGA(X-Z) =     0.000     0.000     0.000 RAD/S

 FTOTH(X-Z) =   -0.16962E+02   -0.42782E-02    0.27183E+00
 TTOTH(X-Z) =   -0.12057E+01    0.20797E+01    0.32709E+01

     U(X-Z) =     0.000     1.000     0.000 A/SEC
  OMGA(X-Z) =     0.000     0.000     0.000 RAD/S

 FTOTH(X-Z) =   -0.43275E-02   -0.18217E+02    0.98772E-01
 TTOTH(X-Z) =   -0.11537E+00   -0.25257E+01   -0.25865E+01

     U(X-Z) =     0.000     0.000     1.000 A/SEC
  OMGA(X-Z) =     0.000     0.000     0.000 RAD/S

 FTOTH(X-Z) =    0.27188E+00    0.98825E-01   -0.16885E+02
 TTOTH(X-Z) =   -0.37761E+01    0.11285E+01    0.38219E+01

     U(X-Z) =     0.000     0.000     0.000 A/SEC
  OMGA(X-Z) =     1.000     0.000     0.000 RAD/S

 FTOTH(X-Z) =   -0.11679E+01   -0.13474E-01   -0.38399E+01
 TTOTH(X-Z) =   -0.12309E+05    0.11893E+03    0.10532E+04

     U(X-Z) =     0.000     0.000     0.000 A/SEC
  OMGA(X-Z) =     0.000     1.000     0.000 RAD/S

 FTOTH(X-Z) =    0.19997E+01   -0.25060E+01    0.10732E+01
 TTOTH(X-Z) =    0.11648E+03   -0.14820E+05    0.12609E+03

     U(X-Z) =     0.000     0.000     0.000 A/SEC
  OMGA(X-Z) =     0.000     0.000     1.000 RAD/S

 FTOTH(X-Z) =    0.32894E+01   -0.25853E+01    0.38033E+01
 TTOTH(X-Z) =    0.10540E+04    0.12367E+03   -0.12223E+05

 I,J,Ktt,Ktr,Krt,Krr=    1    1  0.1696E+02  0.1206E+01  0.1168E+01  0.1231E+05
 I,J,Ktt,Ktr,Krt,Krr=    1    2  0.4327E-02  0.1154E+00 -0.2000E+01 -0.1165E+03
 I,J,Ktt,Ktr,Krt,Krr=    1    3 -0.2719E+00  0.3776E+01 -0.3289E+01 -0.1054E+04
 I,J,Ktt,Ktr,Krt,Krr=    2    1  0.4278E-02 -0.2080E+01  0.1347E-01 -0.1189E+03
 I,J,Ktt,Ktr,Krt,Krr=    2    2  0.1822E+02  0.2526E+01  0.2506E+01  0.1482E+05
 I,J,Ktt,Ktr,Krt,Krr=    2    3 -0.9883E-01 -0.1128E+01  0.2585E+01 -0.1237E+03
 I,J,Ktt,Ktr,Krt,Krr=    3    1 -0.2718E+00 -0.3271E+01  0.3840E+01 -0.1053E+04
 I,J,Ktt,Ktr,Krt,Krr=    3    2 -0.9877E-01  0.2587E+01 -0.1073E+01 -0.1261E+03
 I,J,Ktt,Ktr,Krt,Krr=    3    3  0.1689E+02 -0.3822E+01 -0.3803E+01  0.1222E+05
  
  Friction Tensors in Center of Resistance
  
  Ktt Tensor (A)
    0.16962E+02    0.43275E-02   -0.27188E+00
    0.42782E-02    0.18217E+02   -0.98825E-01
   -0.27183E+00   -0.98772E-01    0.16885E+02
  
  Symmetric Krt Tensor (A^2)
    0.11868E+01   -0.20397E+01   -0.32801E+01
    0.64422E-01    0.25158E+01    0.25859E+01
    0.38080E+01   -0.11008E+01   -0.38126E+01
  
  Krr Tensor (A^3)
    0.12309E+05   -0.11648E+03   -0.10540E+04
   -0.11893E+03    0.14820E+05   -0.12367E+03
   -0.10532E+04   -0.12609E+03    0.12223E+05
  
 Raw Dtt tensor (no rot/trans coupling correction)
    0.58970E-01   -0.88607E-05    0.94948E-03
   -0.86992E-05    0.54897E-01    0.32116E-03
    0.94930E-03    0.32098E-03    0.59240E-01
  
 Raw Drr tensor (no rot/trans coupling correction)
    0.81852E-04    0.70343E-06    0.70658E-05
    0.71575E-06    0.67487E-04    0.74455E-06
    0.70601E-05    0.75683E-06    0.82432E-04
  
 Raw Dtt tensor, before CD transformation
    0.58970E-01   -0.88904E-05    0.94398E-03
   -0.86257E-05    0.54897E-01    0.32574E-03
    0.94945E-03    0.32103E-03    0.59250E-01
  
 Program finished at:                
 Elapsed time CPU_TIME:   162.67200000000000     
