 BEST ver.3.90 SFSU/ARAGON
  
 control gtensor value=   1.0000000000000000     
 true area (A^2)=    8427.4629999999997     
 total area (A^2) =    7825.9993346672018     
 centroid coords =    43.195257606490884        14.789021129141302        46.054736139283300     
  
 first few rows of gr matrix
   5.2185575396856008      -0.63435354448280856      -0.61617650515300371        2.1343983425113446      -0.29133043733299252     
 -0.63435354448280856        7.0593933716198718      -0.18822418291471643      -0.29133043733299252        2.9487337935320617     
 -0.61617650515300371      -0.18822418291471599        7.0606921303555845      -0.29329768323101024       0.64786931414888749     
   1.6377089325127729      -0.17506576552741007      -0.19181554556965552        5.5422260132725558      -0.11117794750376683     
 -0.17506576552741007        2.2869314892080634       0.53779684172956987      -0.11117794750376681        8.1817300679625866     
 -0.19181554556965552       0.53779684172956987        2.3949844658624961      -0.16016950808150632       0.10451596745466186     
  0.91194816625982256        8.5873187427928141E-002   1.7580765421582302E-002   1.9406676422149989       0.44157379489879051     
   8.5873187427928141E-002   1.7060247185146680       0.17521078217699368       0.44157379489879051        2.8913617829157374     
   1.7580765421582302E-002  0.17521078217699368       0.96684673712538283      -0.18882478002726288      -0.35302392506315089     
 first few columns of gr matrix
   5.2185575396856008      -0.63435354448280856      -0.61617650515300371        1.6377089325127729      -0.17506576552741007     
 -0.63435354448280856        7.0593933716198718      -0.18822418291471599      -0.17506576552741007        2.2869314892080634     
 -0.61617650515300371      -0.18822418291471643        7.0606921303555845      -0.19181554556965552       0.53779684172956987     
   2.1343983425113446      -0.29133043733299252      -0.29329768323101024        5.5422260132725558      -0.11117794750376681     
 -0.29133043733299252        2.9487337935320617       0.64786931414888749      -0.11117794750376683        8.1817300679625866     
 -0.29329768323101024       0.64786931414888749        2.9895779847695763      -0.16016950808150637       0.10451596745466275     
   2.0797930372142606       0.10695214488328518       -1.6578865787225935E-002   3.1914595711316407       0.55129006009438541     
  0.10695214488328518        3.8350492382393995       0.30530250971518530       0.55129006009438541        5.1352085520729371     
  -1.6578865787225935E-002  0.30530250971518530        2.2321261708121369      -0.21052296139060434      -0.46284558392852038     
  
 about to enter dgetrf
 Just out of dgetrf:                 
  
  **** TRANSLATION/ROTATION FLOWS ****
     U(X-Z) =     1.000     0.000     0.000 A/SEC
  OMGA(X-Z) =     0.000     0.000     0.000 RAD/S

 FTOTH(X-Z) =   -0.16898E+02   -0.16106E-02    0.27676E+00
 TTOTH(X-Z) =   -0.12486E+01    0.35696E+01    0.18215E+01

     U(X-Z) =     0.000     1.000     0.000 A/SEC
  OMGA(X-Z) =     0.000     0.000     0.000 RAD/S

 FTOTH(X-Z) =   -0.17169E-02   -0.18152E+02    0.95813E-01
 TTOTH(X-Z) =   -0.20466E+01   -0.26538E+01   -0.12753E+02

     U(X-Z) =     0.000     0.000     1.000 A/SEC
  OMGA(X-Z) =     0.000     0.000     0.000 RAD/S

 FTOTH(X-Z) =    0.27663E+00    0.95799E-01   -0.16826E+02
 TTOTH(X-Z) =   -0.22579E+01    0.10509E+02    0.40443E+01

     U(X-Z) =     0.000     0.000     0.000 A/SEC
  OMGA(X-Z) =     1.000     0.000     0.000 RAD/S

 FTOTH(X-Z) =   -0.12838E+01   -0.20975E+01   -0.21874E+01
 TTOTH(X-Z) =   -0.12169E+05    0.11773E+03    0.10589E+04

     U(X-Z) =     0.000     0.000     0.000 A/SEC
  OMGA(X-Z) =     0.000     1.000     0.000 RAD/S

 FTOTH(X-Z) =    0.36663E+01   -0.26302E+01    0.10400E+02
 TTOTH(X-Z) =    0.11686E+03   -0.14692E+05    0.11590E+03

     U(X-Z) =     0.000     0.000     0.000 A/SEC
  OMGA(X-Z) =     0.000     0.000     1.000 RAD/S

 FTOTH(X-Z) =    0.17516E+01   -0.12715E+02    0.40471E+01
 TTOTH(X-Z) =    0.10591E+04    0.11387E+03   -0.12116E+05

 I,J,Ktt,Ktr,Krt,Krr=    1    1  0.1690E+02  0.1249E+01  0.1284E+01  0.1217E+05
 I,J,Ktt,Ktr,Krt,Krr=    1    2  0.1717E-02  0.2047E+01 -0.3666E+01 -0.1169E+03
 I,J,Ktt,Ktr,Krt,Krr=    1    3 -0.2766E+00  0.2258E+01 -0.1752E+01 -0.1059E+04
 I,J,Ktt,Ktr,Krt,Krr=    2    1  0.1611E-02 -0.3570E+01  0.2098E+01 -0.1177E+03
 I,J,Ktt,Ktr,Krt,Krr=    2    2  0.1815E+02  0.2654E+01  0.2630E+01  0.1469E+05
 I,J,Ktt,Ktr,Krt,Krr=    2    3 -0.9580E-01 -0.1051E+02  0.1272E+02 -0.1139E+03
 I,J,Ktt,Ktr,Krt,Krr=    3    1 -0.2768E+00 -0.1821E+01  0.2187E+01 -0.1059E+04
 I,J,Ktt,Ktr,Krt,Krr=    3    2 -0.9581E-01  0.1275E+02 -0.1040E+02 -0.1159E+03
 I,J,Ktt,Ktr,Krt,Krr=    3    3  0.1683E+02 -0.4044E+01 -0.4047E+01  0.1212E+05
  
  Friction Tensors in Center of Resistance
  
  Ktt Tensor (A)
    0.16898E+02    0.17169E-02   -0.27663E+00
    0.16106E-02    0.18152E+02   -0.95799E-01
   -0.27676E+00   -0.95813E-01    0.16826E+02
  
  Symmetric Krt Tensor (A^2)
    0.12662E+01   -0.36180E+01   -0.17865E+01
    0.20720E+01    0.26420E+01    0.12734E+02
    0.22227E+01   -0.10455E+02   -0.40457E+01
  
  Krr Tensor (A^3)
    0.12169E+05   -0.11686E+03   -0.10591E+04
   -0.11773E+03    0.14692E+05   -0.11387E+03
   -0.10589E+04   -0.11590E+03    0.12116E+05
  
 Raw Dtt tensor (no rot/trans coupling correction)
    0.59196E-01   -0.46189E-06    0.97324E-03
   -0.11360E-06    0.55091E-01    0.31366E-03
    0.97367E-03    0.31370E-03    0.59450E-01
  
 Raw Drr tensor (no rot/trans coupling correction)
    0.82815E-04    0.71587E-06    0.72455E-05
    0.71972E-06    0.68074E-04    0.70268E-06
    0.72447E-05    0.71375E-06    0.83175E-04
  
 Raw Dtt tensor, before CD transformation
    0.59196E-01   -0.44283E-06    0.97685E-03
    0.23642E-06    0.55091E-01    0.33504E-03
    0.97441E-03    0.31394E-03    0.59495E-01
  
 Program finished at:                
 Elapsed time CPU_TIME:   46.759999999999998     
