 BEST ver.3.90 SFSU/ARAGON
  
 control gtensor value=   1.0000000000000000     
 true area (A^2)=    8427.4629999999997     
 total area (A^2) =    8047.5624674909886     
 centroid coords =    43.305803023566071        14.817594486438386        45.748437676004094     
  
 first few rows of gr matrix
   5.1462182597986805      -0.62556017998454827      -0.60763510950352884        2.0756347124841086      -0.28330961305941016     
 -0.62556017998454783        6.9615365540878296      -0.18561503244625632      -0.28330961305941016        2.8675501183760708     
 -0.60763510950352817      -0.18561503244625677        6.9628173095207186      -0.28522269731954564       0.63003236594462220     
   1.5926200098474532      -0.17024590614549953      -0.18653453614942458        5.4654000636261628      -0.10963680656576494     
 -0.17024590614549953        2.2239683612610386       0.52299037659709202      -0.10963680656576494        8.0683154975866440     
 -0.18653453614942458       0.52299037659709202        2.3290464550095979      -0.15794924955482614       0.10306717441849168     
  0.77934388055489334        3.9894396199861099E-002   2.8496672570502084E-002   2.4517050215688814       0.59702296402311261     
   3.9894396199861099E-002   1.2642053865572969       0.33901404096276389       0.59702296402311261        3.3028135422354197     
   2.8496672570502084E-002  0.33901404096276389        1.0455476395992880        6.1143766734921175E-002  0.32063148039497807     
 first few columns of gr matrix
   5.1462182597986805      -0.62556017998454783      -0.60763510950352817        1.5926200098474532      -0.17024590614549953     
 -0.62556017998454827        6.9615365540878296      -0.18561503244625677      -0.17024590614549953        2.2239683612610386     
 -0.60763510950352884      -0.18561503244625632        6.9628173095207186      -0.18653453614942458       0.52299037659709202     
   2.0756347124841086      -0.28330961305941016      -0.28522269731954564        5.4654000636261628      -0.10963680656576494     
 -0.28330961305941016        2.8675501183760708       0.63003236594462220      -0.10963680656576494        8.0683154975866440     
 -0.28522269731954564       0.63003236594462220        2.9072697993031906      -0.15794924955482625       0.10306717441849124     
  0.98778398932063449        8.6249750265069114E-005   5.9591330088736606E-003   1.8669050272004726       0.34103304121016126     
   8.6249750265069114E-005   1.7085947605933889       0.35314443105454596       0.34103304121016126        2.9622228170412228     
   5.9591330088736606E-003  0.35314443105454596        1.2061515216298797        1.2199402096914143E-002  0.10044587189822152     
  
 about to enter dgetrf
 Just out of dgetrf:                 
  
  **** TRANSLATION/ROTATION FLOWS ****
     U(X-Z) =     1.000     0.000     0.000 A/SEC
  OMGA(X-Z) =     0.000     0.000     0.000 RAD/S

 FTOTH(X-Z) =   -0.17002E+02   -0.20704E-02    0.27624E+00
 TTOTH(X-Z) =   -0.12076E+01   -0.10041E+01    0.13989E+01

     U(X-Z) =     0.000     1.000     0.000 A/SEC
  OMGA(X-Z) =     0.000     0.000     0.000 RAD/S

 FTOTH(X-Z) =   -0.20829E-02   -0.18261E+02    0.97909E-01
 TTOTH(X-Z) =    0.31897E+01   -0.25018E+01   -0.10032E+02

     U(X-Z) =     0.000     0.000     1.000 A/SEC
  OMGA(X-Z) =     0.000     0.000     0.000 RAD/S

 FTOTH(X-Z) =    0.27619E+00    0.97972E-01   -0.16931E+02
 TTOTH(X-Z) =   -0.19357E+01    0.80348E+01    0.38184E+01

     U(X-Z) =     0.000     0.000     0.000 A/SEC
  OMGA(X-Z) =     1.000     0.000     0.000 RAD/S

 FTOTH(X-Z) =   -0.11891E+01    0.32320E+01   -0.19292E+01
 TTOTH(X-Z) =   -0.12394E+05    0.11568E+03    0.10706E+04

     U(X-Z) =     0.000     0.000     0.000 A/SEC
  OMGA(X-Z) =     0.000     1.000     0.000 RAD/S

 FTOTH(X-Z) =   -0.10547E+01   -0.24893E+01    0.81136E+01
 TTOTH(X-Z) =    0.11562E+03   -0.14925E+05    0.13155E+03

     U(X-Z) =     0.000     0.000     0.000 A/SEC
  OMGA(X-Z) =     0.000     0.000     1.000 RAD/S

 FTOTH(X-Z) =    0.14171E+01   -0.10132E+02    0.38004E+01
 TTOTH(X-Z) =    0.10707E+04    0.12979E+03   -0.12327E+05

 I,J,Ktt,Ktr,Krt,Krr=    1    1  0.1700E+02  0.1208E+01  0.1189E+01  0.1239E+05
 I,J,Ktt,Ktr,Krt,Krr=    1    2  0.2083E-02 -0.3190E+01  0.1055E+01 -0.1156E+03
 I,J,Ktt,Ktr,Krt,Krr=    1    3 -0.2762E+00  0.1936E+01 -0.1417E+01 -0.1071E+04
 I,J,Ktt,Ktr,Krt,Krr=    2    1  0.2070E-02  0.1004E+01 -0.3232E+01 -0.1157E+03
 I,J,Ktt,Ktr,Krt,Krr=    2    2  0.1826E+02  0.2502E+01  0.2489E+01  0.1493E+05
 I,J,Ktt,Ktr,Krt,Krr=    2    3 -0.9797E-01 -0.8035E+01  0.1013E+02 -0.1298E+03
 I,J,Ktt,Ktr,Krt,Krr=    3    1 -0.2762E+00 -0.1399E+01  0.1929E+01 -0.1071E+04
 I,J,Ktt,Ktr,Krt,Krr=    3    2 -0.9791E-01  0.1003E+02 -0.8114E+01 -0.1316E+03
 I,J,Ktt,Ktr,Krt,Krr=    3    3  0.1693E+02 -0.3818E+01 -0.3800E+01  0.1233E+05
  
  Friction Tensors in Center of Resistance
  
  Ktt Tensor (A)
    0.17002E+02    0.20829E-02   -0.27619E+00
    0.20704E-02    0.18261E+02   -0.97972E-01
   -0.27624E+00   -0.97909E-01    0.16931E+02
  
  Symmetric Krt Tensor (A^2)
    0.11984E+01    0.10294E+01   -0.14080E+01
   -0.32109E+01    0.24955E+01    0.10082E+02
    0.19325E+01   -0.80742E+01   -0.38094E+01
  
  Krr Tensor (A^3)
    0.12394E+05   -0.11562E+03   -0.10707E+04
   -0.11568E+03    0.14925E+05   -0.12979E+03
   -0.10706E+04   -0.13155E+03    0.12327E+05
  
 Raw Dtt tensor (no rot/trans coupling correction)
    0.58833E-01   -0.15649E-05    0.95974E-03
   -0.15205E-05    0.54762E-01    0.31686E-03
    0.95991E-03    0.31666E-03    0.59082E-01
  
 Raw Drr tensor (no rot/trans coupling correction)
    0.81304E-04    0.69214E-06    0.70691E-05
    0.69164E-06    0.67012E-04    0.76563E-06
    0.70686E-05    0.77526E-06    0.81747E-04
  
 Raw Dtt tensor, before CD transformation
    0.58833E-01   -0.16170E-05    0.95003E-03
   -0.13039E-05    0.54762E-01    0.33020E-03
    0.96037E-03    0.31681E-03    0.59111E-01
  
 Program finished at:                
 Elapsed time CPU_TIME:   367.46800000000002     
