 BEST ver.3.90 SFSU/ARAGON
  
 control gtensor value=   1.0000000000000000     
 true area (A^2)=    8427.4629999999997     
 total area (A^2) =    8008.9042841701339     
 centroid coords =    43.530025889967547        14.749278572645222        45.831850451371167     
  
 first few rows of gr matrix
   5.1586234496628425      -0.62706812084760633      -0.60909984118045846        2.0856535945153167      -0.28467712034500214     
 -0.62706812084760633        6.9783176500965975      -0.18606246580467506      -0.28467712034500214        2.8813914971995169     
 -0.60909984118045801      -0.18606246580467545        6.9796014928478858      -0.28659943887232475       0.63307346942601850     
   1.6003074280156084      -0.17106766617856747      -0.18743491977723095        5.4785746555400960      -0.10990109100394607     
 -0.17106766617856747        2.2347032350413811       0.52551479905691523      -0.10990109100394613        8.0877645338650694     
 -0.18743491977723095       0.52551479905691523        2.3402885302830541      -0.15832999330309194       0.10331562246380877     
  0.78310569584640921        4.0086962476975609E-002   2.8634223170831051E-002   2.4635391575267560       0.59990473440905467     
   4.0086962476975609E-002   1.2703075800477774       0.34065042797387929       0.59990473440905467        3.3187558942551219     
   2.8634223170831051E-002  0.34065042797387929        1.0505943939227484        6.1438901607245487E-002  0.32217913661707148     
 first few columns of gr matrix
   5.1586234496628425      -0.62706812084760633      -0.60909984118045801        1.6003074280156084      -0.17106766617856747     
 -0.62706812084760633        6.9783176500965975      -0.18606246580467545      -0.17106766617856747        2.2347032350413811     
 -0.60909984118045846      -0.18606246580467506        6.9796014928478858      -0.18743491977723095       0.52551479905691523     
   2.0856535945153167      -0.28467712034500214      -0.28659943887232475        5.4785746555400960      -0.10990109100394613     
 -0.28467712034500214        2.8813914971995169       0.63307346942601850      -0.10990109100394607        8.0877645338650694     
 -0.28659943887232475       0.63307346942601850        2.9213029010705314      -0.15832999330309194       0.10331562246380877     
  0.99255192425725736        8.6666069219425371E-005   5.9878971503987046E-003   1.8759163918295632       0.34267917373438550     
   8.6666069219425371E-005   1.7168419773327155       0.35484902405129704       0.34267917373438550        2.9765211715520570     
   5.9878971503987046E-003  0.35484902405129704        1.2119734948963174        1.2258287395818199E-002  0.10093071411781698     
  
 about to enter dgetrf
 Just out of dgetrf:                 
  
  **** TRANSLATION/ROTATION FLOWS ****
     U(X-Z) =     1.000     0.000     0.000 A/SEC
  OMGA(X-Z) =     0.000     0.000     0.000 RAD/S

 FTOTH(X-Z) =   -0.16987E+02   -0.29374E-02    0.27684E+00
 TTOTH(X-Z) =   -0.12610E+01    0.35489E+00    0.26824E+01

     U(X-Z) =     0.000     1.000     0.000 A/SEC
  OMGA(X-Z) =     0.000     0.000     0.000 RAD/S

 FTOTH(X-Z) =   -0.30543E-02   -0.18243E+02    0.99762E-01
 TTOTH(X-Z) =    0.17084E+01   -0.24760E+01   -0.60825E+01

     U(X-Z) =     0.000     0.000     1.000 A/SEC
  OMGA(X-Z) =     0.000     0.000     0.000 RAD/S

 FTOTH(X-Z) =    0.27679E+00    0.99704E-01   -0.16914E+02
 TTOTH(X-Z) =   -0.31005E+01    0.42974E+01    0.38178E+01

     U(X-Z) =     0.000     0.000     0.000 A/SEC
  OMGA(X-Z) =     1.000     0.000     0.000 RAD/S

 FTOTH(X-Z) =   -0.11996E+01    0.17538E+01   -0.30953E+01
 TTOTH(X-Z) =   -0.12361E+05    0.11841E+03    0.10706E+04

     U(X-Z) =     0.000     0.000     0.000 A/SEC
  OMGA(X-Z) =     0.000     1.000     0.000 RAD/S

 FTOTH(X-Z) =    0.30449E+00   -0.24786E+01    0.43214E+01
 TTOTH(X-Z) =    0.11809E+03   -0.14877E+05    0.13386E+03

     U(X-Z) =     0.000     0.000     0.000 A/SEC
  OMGA(X-Z) =     0.000     0.000     1.000 RAD/S

 FTOTH(X-Z) =    0.26501E+01   -0.61335E+01    0.38044E+01
 TTOTH(X-Z) =    0.10709E+04    0.13250E+03   -0.12293E+05

 I,J,Ktt,Ktr,Krt,Krr=    1    1  0.1699E+02  0.1261E+01  0.1200E+01  0.1236E+05
 I,J,Ktt,Ktr,Krt,Krr=    1    2  0.3054E-02 -0.1708E+01 -0.3045E+00 -0.1181E+03
 I,J,Ktt,Ktr,Krt,Krr=    1    3 -0.2768E+00  0.3101E+01 -0.2650E+01 -0.1071E+04
 I,J,Ktt,Ktr,Krt,Krr=    2    1  0.2937E-02 -0.3549E+00 -0.1754E+01 -0.1184E+03
 I,J,Ktt,Ktr,Krt,Krr=    2    2  0.1824E+02  0.2476E+01  0.2479E+01  0.1488E+05
 I,J,Ktt,Ktr,Krt,Krr=    2    3 -0.9970E-01 -0.4297E+01  0.6133E+01 -0.1325E+03
 I,J,Ktt,Ktr,Krt,Krr=    3    1 -0.2768E+00 -0.2682E+01  0.3095E+01 -0.1071E+04
 I,J,Ktt,Ktr,Krt,Krr=    3    2 -0.9976E-01  0.6082E+01 -0.4321E+01 -0.1339E+03
 I,J,Ktt,Ktr,Krt,Krr=    3    3  0.1691E+02 -0.3818E+01 -0.3804E+01  0.1229E+05
  
  Friction Tensors in Center of Resistance
  
  Ktt Tensor (A)
    0.16987E+02    0.30543E-02   -0.27679E+00
    0.29374E-02    0.18243E+02   -0.99704E-01
   -0.27684E+00   -0.99762E-01    0.16914E+02
  
  Symmetric Krt Tensor (A^2)
    0.12303E+01   -0.32969E+00   -0.26663E+01
   -0.17311E+01    0.24773E+01    0.61080E+01
    0.30979E+01   -0.43094E+01   -0.38111E+01
  
  Krr Tensor (A^3)
    0.12361E+05   -0.11809E+03   -0.10709E+04
   -0.11841E+03    0.14877E+05   -0.13250E+03
   -0.10706E+04   -0.13386E+03    0.12293E+05
  
 Raw Dtt tensor (no rot/trans coupling correction)
    0.58883E-01   -0.45892E-05    0.96356E-03
   -0.42138E-05    0.54817E-01    0.32307E-03
    0.96376E-03    0.32325E-03    0.59141E-01
  
 Raw Drr tensor (no rot/trans coupling correction)
    0.81520E-04    0.71103E-06    0.71093E-05
    0.71210E-06    0.67229E-04    0.78665E-06
    0.71069E-05    0.79396E-06    0.81973E-04
  
 Raw Dtt tensor, before CD transformation
    0.58883E-01   -0.46261E-05    0.95681E-03
   -0.40808E-05    0.54817E-01    0.33123E-03
    0.96401E-03    0.32333E-03    0.59156E-01
  
 Program finished at:                
 Elapsed time CPU_TIME:   271.51999999999998     
